Id,componentnumber,strongcompnum,indegree,outdegree,Degree,weighted indegree,weighted outdegree,Weighted Degree,Eccentricity,closnesscentrality,harmonicclosnesscentrality,betweenesscentrality,Authority,Hub,pageranks,modularity_class,stat_inf_class,clustering,eigencentrality
6194,1,3591,0,6,6,0,6,6,8,0.252711,0.267576,0,0,0.000983,0.000056,9,178,0.033333,0
255,1,3590,1,5,6,1,5,6,10,0.230374,0.250978,256.854553,0.000033,0.002279,0.000063,4,202,0.066667,0.000757
980,1,3587,2,16,18,2,16,18,9,0.258422,0.283758,293.360047,0.000505,0.007439,0.000066,9,43,0.03268,0.001701
2992,1,2202,3,1,4,3,1,4,8,0.252373,0.267535,782.729024,0.006061,0.000927,0.000073,9,178,0,0.018648
2507,1,3229,8,14,22,8,14,22,8,0.288314,0.32093,9216.834053,0.020739,0.013397,0.000094,4,148,0.036797,0.026817
986,1,3585,3,23,26,3,23,26,7,0.315266,0.344592,4685.199084,0.000601,0.021618,0.000075,1,206,0.053846,0.002383
4003,1,486,5,5,10,5,5,10,8,0.216458,0.240956,3065.303663,0.000956,0.001284,0.000112,9,178,0,0.008809
0,1,3597,0,1,1,0,1,1,10,0.164059,0.169264,0,0,0,0.000056,3,131,0,0
82,1,3596,1,2,3,1,2,3,9,0.1962,0.205229,3459,0,0.000839,0.000103,3,131,0,0.000757
15,1,3685,0,5,5,0,5,5,10,0.267696,0.289024,0,0,0.005209,0.000056,4,205,0.05,0
343,1,3684,1,21,22,1,21,22,9,0.2883,0.313993,653.689367,0.000177,0.016178,0.000065,7,147,0.017316,0.000757
4282,1,2030,17,15,32,17,15,32,8,0.290708,0.322157,8030.960982,0.008652,0.013934,0.000203,10,228,0.019153,0.029804
5442,1,1637,8,0,8,8,0,8,0,0,0,0,0.001616,0,0.000198,4,205,0,0.011989
1162,1,3600,1,12,13,1,12,13,6,0.332185,0.361211,2096.012436,0.000177,0.034372,0.000065,2,205,0.076923,0.000757
3401,1,2008,208,257,465,208,257,465,8,0.365498,0.459595,585405.0706,0.142526,0.165938,0.003009,3,1,0.003865,0.348257
7106,1,3691,0,4,4,0,4,4,8,0.22891,0.238119,0,0,0.000826,0.000056,14,122,0,0
6211,1,3690,2,8,10,2,8,10,7,0.292973,0.311373,2972.105001,0.001264,0.008907,0.000069,14,209,0.022222,0.001701
6611,1,532,42,1,43,42,1,43,2,0.666667,0.75,2626.340991,0.008394,0.000022,0.001323,14,201,0.035437,0.103265
1348,1,3688,2,2,4,2,2,4,9,0.178619,0.186601,1005.568987,0.000028,0.000015,0.000091,14,45,0,0.001514
2239,1,3029,5,5,10,5,5,10,9,0.22452,0.243714,2628.514553,0.014599,0.002507,0.000077,7,122,0.033333,0.016269
2,1,3692,0,1,1,0,1,1,6,0.300532,0.336947,0,0,0.007372,0.000056,2,3,0,0
5842,1,290,278,58,336,278,58,336,5,0.427757,0.547556,214681.7387,0.21673,0.043297,0.006036,2,3,0.008298,0.879791
3,1,3782,0,7,7,0,7,7,8,0.240134,0.253873,0,0,0.002108,0.000056,9,47,0,0
3363,1,2274,11,7,18,11,7,18,10,0.167593,0.19496,2572.043802,0.002593,0.001076,0.000225,14,34,0.04902,0.013016
1277,1,3781,3,12,15,3,12,15,7,0.304626,0.329511,5932.218377,0.004896,0.011866,0.000065,14,42,0.042857,0.004514
3739,1,1874,33,27,60,33,27,60,7,0.308706,0.341877,50159.07629,0.036708,0.027642,0.000352,9,144,0.035028,0.092895
6882,1,441,6,0,6,6,0,6,0,0,0,0,0.002824,0,0.000244,9,212,0.033333,0.025927
4947,1,3278,3,2,5,3,2,5,9,0.200334,0.223396,386.030843,0.001553,0.00107,0.000088,9,61,0.05,0.005224
5740,1,3693,2,0,2,2,0,2,0,0,0,0,0.000377,0,0.00007,9,47,0,0.001948
5550,1,1297,10,2,12,10,2,12,5,0.351852,0.439474,713.540815,0.013014,0.000408,0.000113,1,145,0.015152,0.047413
4,1,3783,0,1,1,0,1,1,9,0.212471,0.228688,0,0,0.000919,0.000056,9,219,0,0
4087,1,866,52,26,78,52,26,78,8,0.269469,0.307867,25765.42625,0.027019,0.015983,0.000781,9,219,0.007659,0.083299
5,1,4327,0,4,4,0,4,4,10,0.244568,0.271175,0,0,0.008249,0.000056,3,208,0.083333,0
2481,1,2664,60,126,186,60,126,186,9,0.297009,0.346389,137577.7847,0.022697,0.054963,0.000663,4,89,0.017931,0.069825
5269,1,120,135,12,147,135,12,147,4,0.553191,0.689103,33081.15152,0.07703,0.007378,0.005236,7,5,0.011788,0.52542
1,1,4326,1,25,26,1,25,26,9,0.281666,0.304513,2535.402972,0.000281,0.012509,0.000067,3,208,0.013846,0.000757
6,1,4394,0,10,10,0,10,10,9,0.255255,0.27073,0,0,0.002203,0.000056,14,140,0,0
6072,1,4393,1,9,10,1,9,10,6,0.323508,0.351551,2295.642237,0.000075,0.01028,0.00006,3,131,0.033333,0.000757
3996,1,1843,19,10,29,19,10,29,7,0.285955,0.322465,4661.807385,0.004466,0.004187,0.000266,14,201,0.065271,0.025339
448,1,4392,3,33,36,3,33,36,8,0.286599,0.307757,4930.828676,0.000997,0.008332,0.000067,1,57,0.015873,0.002271
1673,1,1023,33,15,48,33,15,48,7,0.315833,0.372101,27378.2412,0.027992,0.020872,0.000537,14,238,0.01773,0.103951
3079,1,1395,6,0,6,6,0,6,0,0,0,0,0.001475,0,0.00013,14,140,0.033333,0.007036
436,1,4330,1,2,3,1,2,3,7,0.220994,0.25253,5.896429,0.000075,0.000008,0.00006,14,48,0,0.000757
2126,1,3262,4,8,12,4,8,12,9,0.24275,0.262414,3816.887963,0.015101,0.002372,0.000087,14,201,0.037879,0.022032
743,1,4328,1,3,4,1,3,4,7,0.266667,0.327282,6.866667,0.000075,0.001573,0.00006,14,140,0.083333,0.000757
4115,1,2159,10,4,14,10,4,14,7,0.277487,0.316824,701.856248,0.011177,0.005425,0.000106,1,105,0.038462,0.020975
6286,1,1237,10,1,11,10,1,11,1,1,1,1313.135242,0.003344,0.000016,0.000129,1,183,0.072727,0.019506
7,1,4397,0,2,2,0,2,2,10,0.167562,0.175938,0,0,0.000039,0.000056,3,33,0,0
2787,1,2828,3,3,6,3,3,6,9,0.200537,0.214216,5204.740622,0.001147,0.000934,0.000102,3,33,0,0.006536
1339,1,4396,1,1,2,1,1,2,6,0.269231,0.378571,5.5,0.000001,0,0.000079,3,33,0,0.000757
8,1,4398,0,1,1,0,1,1,1,1,1,0,0,0.000252,0.000056,14,55,0,0
6926,1,396,10,0,10,10,0,10,0,0,0,0,0.007418,0,0.000213,14,55,0.077778,0.047434
9,1,4617,0,12,12,0,12,12,9,0.305453,0.335486,0,0,0.016118,0.000056,10,188,0.060606,0
3756,1,1932,12,19,31,12,19,31,9,0.266508,0.298393,12511.6682,0.008115,0.009238,0.000174,3,81,0.021505,0.039861
1773,1,3570,180,540,720,180,540,720,6,0.407119,0.4866,735562.1858,0.083194,0.439225,0.002475,5,8,0.001824,0.166374
5945,1,276,122,18,140,122,18,140,6,0.335329,0.441667,54995.74452,0.066543,0.016668,0.00309,5,142,0.013515,0.421799
5424,1,1929,6,0,6,6,0,6,0,0,0,0,0.00123,0,0.000153,3,81,0.066667,0.010458
474,1,317,8,1,9,8,1,9,3,0.416667,0.466667,256.389222,0.00251,0.000772,0.000266,3,188,0,0.031317
2872,1,3001,23,39,62,23,39,62,7,0.30038,0.335012,25838.35068,0.022963,0.038076,0.000133,10,238,0.076943,0.038703
2439,1,3098,29,52,81,29,52,81,7,0.319924,0.356418,41676.15696,0.029766,0.056113,0.000194,9,245,0.030556,0.038874
6121,1,228,43,4,47,43,4,47,4,0.375,0.505556,3784.339856,0.049348,0.0048,0.000849,10,107,0.080018,0.348213
2352,1,4616,6,131,137,6,131,137,8,0.347266,0.38312,10537.60701,0.004833,0.088122,0.00008,9,106,0.021951,0.004635
6168,1,123,50,4,54,50,4,54,4,0.368421,0.505952,3322.570184,0.036605,0.00409,0.001494,10,173,0.056604,0.217333
3258,1,2933,28,35,63,28,35,63,7,0.300788,0.335503,35357.99197,0.026253,0.02623,0.000238,9,150,0.02509,0.05554
10,1,4618,0,1,1,0,1,1,1,1,1,0,0,0.000084,0.000056,5,217,0,0
6269,1,1774,3,0,3,3,0,3,0,0,0,0,0.002466,0,0.000126,5,217,0,0.015439
11,1,4621,0,4,4,0,4,4,11,0.213872,0.22813,0,0,0.001077,0.000056,4,234,0.166667,0
4291,1,1644,13,8,21,13,8,21,8,0.237959,0.273293,1366.330436,0.009744,0.004243,0.000126,4,88,0.188095,0.023131
6536,1,878,12,2,14,12,2,14,2,0.75,0.833333,1370.820596,0.007231,0.000139,0.000485,4,234,0.06044,0.023812
2054,1,4620,6,17,23,6,17,23,10,0.259513,0.283725,3194.157087,0.006093,0.006638,0.000086,4,84,0.160079,0.005661
2677,1,3228,12,24,36,12,24,36,9,0.245743,0.275157,5790.914933,0.008605,0.009695,0.000109,4,234,0.077778,0.017965
12,1,4623,0,2,2,0,2,2,1,1,1,0,0,0.000618,0.000056,5,8,0,0
5237,1,1120,3,0,3,3,0,3,0,0,0,0,0.018155,0,0.00009,5,8,0.166667,0.033679
2176,1,4622,1,0,1,1,0,1,0,0,0,0,0.000021,0,0.000079,5,8,0,0.000757
13,1,4763,0,12,12,0,12,12,9,0.24622,0.263199,0,0,0.003354,0.000056,1,9,0.045455,0
4198,1,2146,10,12,22,10,12,22,7,0.27027,0.317108,4014.074133,0.002968,0.003554,0.000166,10,108,0.036797,0.00925
3322,1,2332,14,18,32,14,18,32,8,0.261969,0.292364,11648.49223,0.009411,0.009726,0.000119,1,158,0.081653,0.030639
6553,1,2872,9,8,17,9,8,17,9,0.278124,0.314943,5803.246632,0.026431,0.016218,0.000102,1,9,0.058824,0.034674
3418,1,817,22,1,23,22,1,23,1,1,1,946.162726,0.004901,0.000219,0.000429,1,229,0.01581,0.045676
1615,1,3925,7,20,27,7,20,27,9,0.279164,0.307953,3504.644179,0.002901,0.012359,0.000076,1,9,0.031339,0.006613
888,1,4626,2,9,11,2,9,11,9,0.229505,0.246394,109.783097,0.001346,0.00185,0.00006,1,42,0.018182,0.001607
1654,1,4762,3,3,6,3,3,6,2,0.714286,0.8,25,0.000273,0.000632,0.000075,3,47,0,0.002458
4945,1,1580,16,7,23,16,7,23,7,0.310371,0.348244,9350.226004,0.023069,0.01489,0.000261,9,9,0.029644,0.05431
5630,1,980,7,2,9,7,2,9,2,0.75,0.833333,4280.0196,0.003567,0.000184,0.000206,2,9,0.027778,0.018399
5032,1,484,13,5,18,13,5,18,6,0.335938,0.381202,4254.410982,0.021933,0.01336,0.000186,1,126,0.058824,0.084901
23,1,4761,1,57,58,1,57,58,8,0.304238,0.329391,3249.449802,0.000114,0.036219,0.00006,1,184,0.059286,0.000757
2339,1,3549,8,11,19,8,11,19,7,0.24057,0.260203,4908.822719,0.001701,0.00393,0.000112,2,9,0.005848,0.008019
6726,1,4764,0,1,1,0,1,1,7,0.305104,0.33919,0,0,0.012207,0.000056,9,10,0,0
4949,1,836,465,226,691,465,226,691,6,0.43852,0.559119,859191.9642,0.358902,0.139963,0.007983,9,10,0.003192,1
14,1,4766,0,10,10,0,10,10,7,0.288807,0.307629,0,0,0.004964,0.000056,4,51,0.055556,0
615,1,4278,2,9,11,2,9,11,7,0.30221,0.327677,1535.270143,0.00486,0.007237,0.000061,3,51,0.036364,0.002855
2779,1,2831,35,50,85,35,50,85,10,0.270477,0.30963,45211.39876,0.02538,0.031135,0.000439,4,97,0.013165,0.044917
1089,1,4080,9,45,54,9,45,54,6,0.368436,0.401334,22706.48116,0.01366,0.06742,0.0001,9,197,0.045073,0.00934
3846,1,3143,9,6,15,9,6,15,8,0.216828,0.242413,1658.910025,0.006256,0.000933,0.000095,4,228,0.009524,0.009959
3815,1,1631,25,23,48,25,23,48,9,0.265323,0.301799,15277.31197,0.015252,0.011983,0.000247,4,116,0.058067,0.05313
4302,1,4765,1,1,2,1,1,2,6,0.25,0.310833,1.037518,0.000169,0.001105,0.00006,4,51,0,0.000757
3706,1,1694,98,101,199,98,101,199,6,0.324396,0.374198,207394.032,0.032816,0.05375,0.001603,4,7,0.003046,0.145146
5470,1,3702,5,1,6,5,1,6,3,0.5,0.611111,20.434151,0.00932,0.000421,0.000075,9,45,0.033333,0.009597
4486,1,1219,15,6,21,15,6,21,10,0.201408,0.23406,12929.79564,0.015536,0.003831,0.000211,4,186,0.119048,0.055331
2811,1,4770,0,10,10,0,10,10,10,0.241736,0.261992,0,0,0.003755,0.000056,14,12,0.044444,0
3826,1,2184,5,3,8,5,3,8,8,0.243016,0.261385,1548.300547,0.003249,0.000937,0.000125,1,33,0.053571,0.004971
1536,1,4489,8,5,13,8,5,13,9,0.222569,0.236706,11807.88727,0.004903,0.000368,0.000176,14,12,0.019231,0.006263
1044,1,4460,6,30,36,6,30,36,9,0.287765,0.313962,6191.740758,0.002298,0.016121,0.000095,9,150,0.027778,0.005425
1960,1,3897,5,2,7,5,2,7,9,0.196836,0.207132,380.19822,0.001563,0.000457,0.000102,14,12,0.071429,0.006525
4639,1,1048,75,40,115,75,40,115,7,0.354412,0.403274,125095.7764,0.032365,0.04229,0.00121,6,93,0.011518,0.165593
5453,1,1630,9,2,11,9,2,11,6,0.273273,0.319963,1370.761375,0.022466,0.001744,0.000131,9,12,0.045455,0.043347
4024,1,3173,4,1,5,4,1,5,2,0.6,0.666667,6.333333,0.00053,0.00009,0.000087,1,168,0.05,0.004049
231,1,4769,1,10,11,1,10,11,10,0.234307,0.253488,129.437429,0.000128,0.002406,0.00006,14,12,0.045455,0.000757
2922,1,2625,14,9,23,14,9,23,9,0.23048,0.266517,10781.67277,0.010914,0.007941,0.000227,4,239,0.017787,0.039493
2381,1,3189,18,38,56,18,38,56,7,0.314273,0.346226,26298.6635,0.031977,0.046748,0.000139,9,22,0.055519,0.032908
954,1,4325,1,1,2,1,1,2,8,0.251577,0.268787,297.436104,0.000425,0.000966,0.000058,3,208,0,0.000851
6448,1,905,9,1,10,9,1,10,1,1,1,2339.415494,0.018207,0.000005,0.000206,10,213,0.044444,0.088931
1376,1,4324,3,10,13,3,10,13,7,0.299056,0.321948,782.11741,0.004198,0.007262,0.000061,9,127,0.051282,0.002364
660,1,4323,1,4,5,1,4,5,8,0.290194,0.320017,116.703257,0.000425,0.006169,0.000058,3,200,0,0.000851
2292,1,4322,1,0,1,1,0,1,0,0,0,0,0.000425,0,0.000058,3,208,0,0.000851
3532,1,4321,5,8,13,5,8,13,8,0.27138,0.294975,1925.25356,0.002317,0.006261,0.000078,10,13,0.032051,0.006858
1883,1,3735,31,120,151,31,120,151,7,0.342247,0.384739,70851.98003,0.01767,0.0849,0.000331,3,117,0.00755,0.033781
5468,1,278,11,2,13,11,2,13,4,0.415385,0.469136,2285.502003,0.018121,0.003764,0.000586,3,117,0.064103,0.074281
6716,1,1030,97,58,155,97,58,155,7,0.377159,0.431869,192040.657,0.100776,0.07489,0.000902,10,138,0.025094,0.303643
1132,1,4320,1,7,8,1,7,8,7,0.302653,0.330677,751.358881,0.000425,0.008676,0.000058,9,9,0.035714,0.000851
4710,1,4318,1,20,21,1,20,21,8,0.299437,0.334466,1324.429859,0.000425,0.033979,0.000058,7,12,0.052381,0.000851
7051,1,97,14,0,14,14,0,14,0,0,0,0,0.005154,0,0.000694,3,15,0.016484,0.048606
3180,1,4137,4,2,6,4,2,6,8,0.209059,0.232837,311.813006,0.000995,0.000496,0.00009,3,243,0,0.003361
3235,1,4136,1,0,1,1,0,1,0,0,0,0,0.000425,0,0.000058,3,208,0,0.000851
6343,1,299,10,1,11,10,1,11,2,0.666667,0.75,226.041198,0.018433,0.000289,0.000195,7,130,0.1,0.078364
5212,1,2510,3,1,4,3,1,4,1,1,1,34.255388,0.00358,0.000059,0.000064,3,210,0,0.00659
887,1,4135,1,4,5,1,4,5,8,0.269881,0.289224,67.160118,0.000425,0.003635,0.000058,5,122,0.1,0.000851
4406,1,1671,117,65,182,117,65,182,7,0.315676,0.372423,92214.37297,0.053678,0.047555,0.001622,3,17,0.003916,0.218929
3241,1,2262,10,2,12,10,2,12,7,0.305798,0.340842,1434.599098,0.042572,0.014191,0.000105,9,208,0.121212,0.082762
4319,1,2582,8,3,11,8,3,11,5,0.304878,0.383333,682.850573,0.021243,0.000232,0.000113,3,81,0.036364,0.030573
259,1,4133,1,13,14,1,13,14,8,0.292408,0.31436,958.945604,0.000425,0.011399,0.000058,9,92,0.076923,0.000851
3807,1,2268,8,4,12,8,4,12,8,0.306387,0.342902,1459.049002,0.01511,0.014319,0.00008,6,160,0.113636,0.023419
1390,1,3788,3,8,11,3,8,11,7,0.30348,0.329029,3896.353349,0.000898,0.021042,0.000084,9,173,0.072727,0.002558
1115,1,3787,2,7,9,2,7,9,7,0.317642,0.34596,4784.52032,0.004722,0.019373,0.000059,3,81,0.083333,0.005225
16,1,4772,0,5,5,0,5,5,9,0.230149,0.242334,0,0,0.001257,0.000056,7,18,0.15,0
2444,1,3749,5,13,18,5,13,18,9,0.24839,0.272948,3967.167553,0.006698,0.006331,0.000087,7,18,0.026144,0.009494
5892,1,362,8,0,8,8,0,8,0,0,0,0,0.004828,0,0.000192,10,18,0,0.02417
6315,1,2855,19,24,43,19,24,43,9,0.283516,0.310049,22550.721,0.013206,0.015925,0.000193,7,59,0.032115,0.037849
6079,1,2517,10,1,11,10,1,11,3,0.428571,0.5,200.59412,0.012179,0.00024,0.000131,7,18,0.063636,0.037572
1752,1,4771,1,4,5,1,4,5,10,0.200775,0.214045,11.146898,0.000043,0.000755,0.000065,7,18,0.25,0.000757
104,1,4773,0,4,4,0,4,4,8,0.271609,0.293761,0,0,0.005412,0.000056,3,70,0.083333,0
581,1,4311,14,238,252,14,238,252,7,0.351202,0.397648,33260.59197,0.005853,0.137917,0.000132,3,19,0.002609,0.011077
7069,1,105,71,2,73,71,2,73,1,1,1,2887.927929,0.033048,0.001216,0.00347,3,70,0.015982,0.245216
6136,1,2486,153,225,378,153,225,378,8,0.352522,0.419068,358348.5525,0.066524,0.141121,0.001822,3,124,0.001944,0.170086
18,1,4774,0,2,2,0,2,2,9,0.264201,0.287984,0,0,0.002634,0.000056,3,217,0,0
4140,1,1504,48,43,91,48,43,91,11,0.219428,0.305203,39074.43971,0.010916,0.021469,0.00098,4,217,0.005739,0.069197
19,1,4777,0,9,9,0,9,9,8,0.240436,0.256815,0,0,0.000635,0.000056,5,236,0.138889,0
485,1,3678,9,88,97,9,88,97,7,0.298079,0.331087,20188.74008,0.006224,0.040254,0.00016,4,38,0.028887,0.00803
365,1,4776,1,6,7,1,6,7,11,0.220762,0.235505,12.690909,0.000022,0.000831,0.000061,5,236,0.285714,0.000757
3731,1,4591,13,30,43,13,30,43,10,0.280494,0.309346,17826.24646,0.00218,0.01268,0.000167,5,236,0.009967,0.011459
4967,1,4775,2,2,4,2,2,4,6,0.283951,0.338768,58.585838,0.000022,0.00069,0.000109,5,87,0,0.001613
6682,1,2037,7,3,10,7,3,10,7,0.226982,0.248341,2712.549993,0.000746,0.002556,0.00026,5,236,0.044444,0.009989
2819,1,3967,8,6,14,8,6,14,10,0.186283,0.213711,537.261766,0.00296,0.000641,0.00009,5,236,0.082418,0.009385
5146,1,680,19,7,26,19,7,26,8,0.239179,0.271509,18526.5927,0.005651,0.005269,0.00042,5,244,0.018462,0.037357
5358,1,3223,7,1,8,7,1,8,1,1,1,498,0.000662,0.000001,0.000133,5,236,0.25,0.008488
3325,1,3225,5,4,9,5,4,9,9,0.215134,0.24261,2476.957858,0.000215,0.000629,0.00011,5,236,0.152778,0.006664
20,1,4782,0,7,7,0,7,7,9,0.222995,0.237533,0,0,0.003316,0.000056,4,102,0.047619,0
559,1,4781,2,13,15,2,13,15,8,0.243476,0.261421,959.318,0.00505,0.002979,0.000063,4,59,0.038095,0.001795
4482,1,1221,37,13,50,37,13,50,11,0.187443,0.231329,27528.15054,0.021235,0.006155,0.000363,4,186,0.077959,0.105352
2156,1,4778,2,4,6,2,4,6,10,0.248168,0.272307,2581.772638,0.000229,0.004865,0.000068,4,102,0.033333,0.001514
7054,1,81,28,0,28,28,0,28,0,0,0,0,0.014065,0,0.000781,4,112,0.130952,0.089061
2580,1,2578,14,18,32,14,18,32,9,0.271322,0.296151,37405.48524,0.008258,0.009793,0.000162,4,228,0.039315,0.02831
6299,1,132,23,1,24,23,1,24,2,0.666667,0.75,3886.803877,0.021079,0.000096,0.000554,4,50,0.086957,0.127236
3704,1,2838,5,1,6,5,1,6,8,0.196953,0.212066,445.279564,0.027562,0.000539,0.000075,4,102,0.066667,0.044117
21,1,4790,0,7,7,0,7,7,9,0.266718,0.283502,0,0,0.001625,0.000056,7,220,0.071429,0
745,1,4789,2,22,24,2,22,24,8,0.279612,0.30032,1687.265135,0.000129,0.013856,0.000074,9,173,0.003623,0.001514
1414,1,4075,18,95,113,18,95,113,7,0.344418,0.381895,46074.00162,0.01113,0.072023,0.000266,7,21,0.016514,0.016404
710,1,4788,3,48,51,3,48,51,7,0.3028,0.331128,3623.475001,0.000305,0.02592,0.000077,7,144,0.080392,0.002271
4960,1,725,3,1,4,3,1,4,6,0.300532,0.336947,1073.436526,0.004879,0.007372,0.000113,2,220,0,0.078562
4700,1,1319,48,25,73,48,25,73,6,0.318914,0.374113,24606.88266,0.026557,0.016691,0.000459,7,74,0.042428,0.144683
6554,1,918,6,0,6,6,0,6,0,0,0,0,0.001194,0,0.000418,14,220,0,0.011988
1158,1,4427,7,36,43,7,36,43,8,0.284534,0.30911,12123.8928,0.003582,0.027523,0.000132,10,198,0.017165,0.006276
22,1,4791,0,2,2,0,2,2,7,0.289557,0.313161,0,0,0.002856,0.000056,9,43,0,0
4543,1,1185,6,1,7,6,1,7,7,0.2,0.243973,2062.056667,0.000786,0.000038,0.000208,9,43,0.071429,0.008401
700,1,4760,3,26,29,3,26,29,7,0.296299,0.318214,4425.283109,0.003048,0.021382,0.00006,1,155,0.057882,0.002992
1016,1,4751,2,3,5,2,3,5,10,0.240701,0.272459,146.692154,0.002388,0.013143,0.000059,1,202,0.15,0.001999
5052,1,4264,5,1,6,5,1,6,7,0.239362,0.266857,37.356355,0.003407,0.001031,0.000076,1,66,0.033333,0.004667
211,1,4708,3,62,65,3,62,65,9,0.29573,0.327284,2725.231112,0.002243,0.049024,0.000062,1,196,0.067548,0.002558
5556,1,713,22,5,27,22,5,27,4,0.369565,0.429739,2770.359063,0.027634,0.002005,0.000283,9,51,0.029915,0.067424
737,1,4750,6,32,38,6,32,38,8,0.257879,0.282062,6416.015157,0.004428,0.018745,0.000069,1,105,0.082504,0.005468
4230,1,1409,29,28,57,29,28,57,8,0.33457,0.378558,39509.4924,0.021921,0.037936,0.000229,1,77,0.049185,0.063558
3845,1,1410,12,8,20,12,8,20,9,0.28956,0.313439,5592.119421,0.009616,0.011378,0.000094,1,155,0.113158,0.028613
5554,1,64,31,8,39,31,8,39,4,0.439024,0.506173,8906.9334,0.028703,0.008305,0.000455,1,30,0.074899,0.21873
3847,1,1713,14,23,37,14,23,37,6,0.317382,0.348672,44806.1049,0.039492,0.02675,0.000137,9,123,0.061562,0.084104
5973,1,60,28,3,31,28,3,31,6,0.335766,0.406522,620.500618,0.020756,0.005444,0.000448,1,105,0.119355,0.132545
3108,1,4654,5,14,19,5,14,19,7,0.289329,0.318124,734.39194,0.003684,0.011962,0.000068,1,212,0.046784,0.005778
2428,1,3530,8,3,11,8,3,11,7,0.29425,0.316009,2641.24827,0.002779,0.007046,0.00009,1,199,0.063636,0.007653
2218,1,3633,14,21,35,14,21,35,8,0.284898,0.318734,15323.67592,0.013146,0.023227,0.000118,1,105,0.061345,0.019221
1567,1,3873,4,14,18,4,14,18,7,0.305391,0.329452,5313.173612,0.00539,0.015466,0.000061,10,199,0.137255,0.005874
219,1,4735,2,28,30,2,28,30,9,0.262376,0.289539,1476.623011,0.001644,0.01384,0.000059,1,51,0.02069,0.001718
5069,1,1015,32,17,49,32,17,49,6,0.338197,0.384687,14416.66166,0.024603,0.018209,0.000339,1,121,0.042942,0.09278
2275,1,3014,8,30,38,8,30,38,7,0.315613,0.346963,31992.63582,0.007523,0.025257,0.000084,1,30,0.076814,0.014203
2557,1,3856,3,20,23,3,20,23,9,0.248986,0.282106,1013.158727,0.003789,0.014066,0.00006,1,198,0.081028,0.005365
912,1,4710,1,6,7,1,6,7,9,0.232932,0.249996,53.528153,0.001232,0.00386,0.000056,1,30,0.190476,0.000851
506,1,4674,2,20,22,2,20,22,7,0.29703,0.317118,1053.772984,0.003931,0.011148,0.000057,10,112,0.062771,0.002205
6213,1,4440,4,4,8,4,4,8,7,0.266755,0.304863,106.93048,0.001964,0.00777,0.000067,10,183,0.035714,0.003348
5451,1,538,37,18,55,37,18,55,6,0.313287,0.383631,13572.03907,0.030317,0.018016,0.000407,1,30,0.094949,0.144358
6422,1,701,18,0,18,18,0,18,0,0,0,0,0.015325,0,0.000339,1,155,0.026144,0.055603
5338,1,557,64,29,93,64,29,93,7,0.345209,0.43119,58437.71048,0.050235,0.021058,0.000569,1,41,0.043245,0.223964
4748,1,1165,15,5,20,15,5,20,7,0.273102,0.307049,1750.182261,0.006174,0.006528,0.000277,1,37,0.026316,0.017623
3237,1,2133,27,34,61,27,34,61,7,0.286458,0.317934,28368.02333,0.029353,0.023102,0.00021,1,184,0.027322,0.058584
2566,1,3002,8,12,20,8,12,20,8,0.247404,0.267664,9457.458722,0.006895,0.011864,0.000128,1,30,0.126316,0.013867
1846,1,3544,14,38,52,14,38,52,8,0.265172,0.302382,17011.02873,0.010594,0.024099,0.000093,10,247,0.052036,0.014718
2590,1,125,20,1,21,20,1,21,1,1,1,443.864367,0.012072,0.000679,0.000952,1,57,0.052381,0.183783
3243,1,2728,13,26,39,13,26,39,9,0.263564,0.295113,13214.1666,0.014763,0.024751,0.000134,10,184,0.111336,0.026051
2002,1,770,28,15,43,28,15,43,7,0.310964,0.361304,30753.56845,0.025786,0.013042,0.000295,1,184,0.063123,0.165966
3462,1,1467,25,19,44,25,19,44,10,0.292324,0.328266,37617.55333,0.038821,0.022265,0.000186,10,36,0.04704,0.073519
932,1,3879,11,72,83,11,72,83,10,0.285399,0.324876,12000.22386,0.01104,0.05762,0.000078,1,119,0.066118,0.012308
30,1,4709,1,36,37,1,36,37,8,0.293059,0.316089,470.74117,0.001232,0.026783,0.000056,1,196,0.087087,0.000851
6750,1,20,58,4,62,58,4,62,2,0.642857,0.722222,11160.45724,0.022711,0.00151,0.003503,1,163,0.016393,0.20817
877,1,3947,13,90,103,13,90,103,7,0.34064,0.379031,26546.76788,0.013487,0.061694,0.000087,10,247,0.035313,0.012794
3052,1,48,25,1,26,25,1,26,1,1,1,2320.289731,0.020352,0.000351,0.000574,1,11,0.155385,0.135404
3138,1,2944,11,9,20,11,9,20,9,0.248839,0.274581,6022.754998,0.004612,0.006104,0.000134,9,204,0.007895,0.017004
5530,1,765,28,2,30,28,2,30,6,0.314324,0.351195,3763.284314,0.044409,0.008837,0.000375,3,221,0.062069,0.11893
6459,1,525,30,9,39,30,9,39,6,0.342029,0.407345,7098.039051,0.018934,0.010434,0.000428,1,184,0.074899,0.115216
2166,1,3883,7,19,26,7,19,26,9,0.250823,0.279194,3952.603544,0.004265,0.01233,0.000075,1,177,0.035385,0.00742
748,1,4629,4,24,28,4,24,28,7,0.328442,0.357202,4702.602723,0.007713,0.024513,0.000059,10,24,0.048942,0.003813
6941,1,55,41,0,41,41,0,41,0,0,0,0,0.035354,0,0.001415,10,14,0.107927,0.181605
3621,1,2174,18,7,25,18,7,25,8,0.260117,0.30609,10950.6597,0.028831,0.016782,0.000134,1,225,0.05,0.055359
2529,1,2953,31,59,90,31,59,90,8,0.303707,0.344937,53770.71916,0.024415,0.039888,0.000166,1,41,0.031336,0.050859
7119,1,1210,15,0,15,15,0,15,0,0,0,0,0.023473,0,0.000194,1,202,0.052381,0.070687
2345,1,54,153,14,167,153,14,167,5,0.455556,0.603252,39120.9378,0.123097,0.007223,0.003195,1,25,0.030914,0.757326
3997,1,2426,8,8,16,8,8,16,9,0.253132,0.275174,16189.15581,0.013115,0.002234,0.000085,1,206,0.066667,0.030575
4161,1,1752,11,4,15,11,4,15,8,0.247352,0.268437,2256.371828,0.027013,0.004968,0.000108,7,133,0.052381,0.035575
1175,1,3842,15,31,46,15,31,46,9,0.255697,0.29133,15901.22341,0.019276,0.028839,0.000092,10,242,0.064734,0.018975
24,1,4852,0,122,122,0,122,122,10,0.340516,0.374786,0,0,0.098937,0.000056,10,87,0.0252,0
208,1,4851,2,20,22,2,20,22,9,0.294336,0.330553,888.459433,0.008302,0.028313,0.000056,1,132,0.041126,0.001795
2625,1,4129,3,0,3,3,0,3,0,0,0,0,0.004408,0,0.000083,9,60,0.166667,0.002651
100,1,4849,1,15,16,1,15,16,8,0.299071,0.322949,189.126443,0.003365,0.006313,0.000056,10,172,0,0.000757
2609,1,4096,4,4,8,4,4,8,11,0.211068,0.226249,140.882896,0.00667,0.001543,0.000063,10,223,0.107143,0.00388
3278,1,2952,14,23,37,14,23,37,8,0.300671,0.330688,9948.223625,0.015948,0.021518,0.000101,1,30,0.105105,0.029394
3495,1,2004,6,5,11,6,5,11,8,0.31207,0.345076,11662.79422,0.020389,0.016109,0.000081,7,21,0.136364,0.059435
3166,1,2632,7,4,11,7,4,11,9,0.274262,0.306426,8325.928037,0.021147,0.006575,0.000077,9,151,0.036364,0.034196
453,1,4847,1,1,2,1,1,2,10,0.24847,0.263517,0,0.003365,0.00219,0.000056,10,87,0.5,0.000757
1961,1,1096,21,12,33,21,12,33,7,0.283276,0.331678,12837.34859,0.02235,0.017754,0.000191,9,95,0.05303,0.063583
5337,1,1240,20,7,27,20,7,27,7,0.275785,0.312708,5040.924543,0.013255,0.003945,0.000182,7,183,0.011396,0.039347
3285,1,1785,77,106,183,77,106,183,7,0.326172,0.382202,159649.0052,0.07653,0.093939,0.000897,5,26,0.011109,0.169161
446,1,4846,1,5,6,1,5,6,9,0.254836,0.274599,9.878452,0.003365,0.002795,0.000056,3,81,0,0.000757
3617,1,4843,1,0,1,1,0,1,0,0,0,0,0.003365,0,0.000056,10,87,0,0.000757
938,1,4842,1,22,23,1,22,23,7,0.324397,0.354773,62.184495,0.003365,0.041568,0.000056,10,36,0.116601,0.000757
1836,1,3743,4,12,16,4,12,16,9,0.292864,0.328998,2371.126984,0.013221,0.029263,0.000065,9,99,0.066667,0.012459
3589,1,2635,5,0,5,5,0,5,0,0,0,0,0.004296,0,0.000197,5,131,0.05,0.004467
345,1,4841,1,9,10,1,9,10,7,0.284189,0.304448,35.167901,0.003365,0.010092,0.000056,2,243,0.1,0.000757
5396,1,579,21,7,28,21,7,28,7,0.301538,0.365914,15331.47772,0.068793,0.00225,0.000291,5,244,0.046296,0.224063
5073,1,885,11,2,13,11,2,13,2,0.625,0.7,240.844467,0.021583,0.002631,0.000168,10,75,0.057692,0.069818
1625,1,4840,2,3,5,2,3,5,9,0.237352,0.258281,26.449435,0.003777,0.003141,0.000058,10,99,0.05,0.001625
3290,1,2978,15,17,32,15,17,32,9,0.295255,0.325532,21997.64745,0.030442,0.010176,0.000142,1,129,0.018145,0.043123
6808,1,667,55,20,75,55,20,75,7,0.295139,0.350093,49123.19225,0.047512,0.023439,0.000741,10,193,0.029009,0.186501
2740,1,2795,80,113,193,80,113,193,9,0.332925,0.395125,124459.815,0.07361,0.111641,0.000688,9,27,0.014303,0.128832
1948,1,3180,4,4,8,4,4,8,9,0.235402,0.254873,768.092155,0.014081,0.004631,0.000064,10,158,0.071429,0.014884
56,1,4830,2,12,14,2,12,14,8,0.299845,0.324499,190.191074,0.006457,0.015821,0.000057,10,166,0.06044,0.001607
1576,1,4661,5,9,14,5,9,14,10,0.216056,0.247896,2298.41646,0.004661,0.00675,0.00008,1,78,0.049451,0.004669
2761,1,3800,2,0,2,2,0,2,0,0,0,0,0.003528,0,0.000061,7,94,0,0.002025
5100,1,995,42,8,50,42,8,50,8,0.26572,0.312684,30527.42178,0.04964,0.013196,0.000508,10,35,0.057143,0.225205
5693,1,328,19,2,21,19,2,21,4,0.470588,0.572917,843.833994,0.017921,0.001048,0.00039,10,215,0.097619,0.095995
788,1,2151,9,9,18,9,9,18,8,0.235189,0.255173,7068.662843,0.011434,0.00544,0.000118,9,95,0.035948,0.021536
6357,1,449,68,30,98,68,30,98,6,0.348387,0.418107,56807.42726,0.063362,0.031896,0.000956,10,156,0.020198,0.24525
26,1,4839,1,90,91,1,90,91,9,0.338601,0.371343,390.332567,0.003365,0.090908,0.000056,9,180,0.036874,0.000757
4191,1,1205,47,27,74,47,27,74,10,0.246955,0.292043,33832.47582,0.05985,0.021543,0.000472,9,28,0.025916,0.135213
2853,1,3425,3,3,6,3,3,6,8,0.248625,0.270901,632.478944,0.01839,0.005289,0.000069,3,153,0.133333,0.020963
4098,1,1863,12,12,24,12,12,24,7,0.338475,0.37223,9480.160647,0.027707,0.029039,0.000088,9,47,0.061594,0.038933
5093,1,2948,3,0,3,3,0,3,0,0,0,0,0.004838,0,0.000066,9,209,0,0.007004
5758,1,1371,6,3,9,6,3,9,6,0.303356,0.34469,323.953253,0.011703,0.008839,0.000105,10,80,0.097222,0.018928
4681,1,349,34,7,41,34,7,41,6,0.335812,0.378598,39612.5221,0.057515,0.012885,0.000666,4,85,0.053049,0.258629
5969,1,289,93,15,108,93,15,108,7,0.356667,0.450334,46607.5952,0.094336,0.012553,0.001833,9,86,0.028557,0.506789
372,1,4690,6,87,93,6,87,93,8,0.343705,0.381427,12292.23733,0.007467,0.07937,0.000079,10,11,0.032842,0.005127
2403,1,2858,10,24,34,10,24,34,8,0.285515,0.316133,9067.36785,0.018635,0.03759,0.000083,9,224,0.109626,0.016901
2186,1,3151,23,42,65,23,42,65,7,0.33366,0.367575,66000.79232,0.03292,0.03205,0.000145,1,149,0.022356,0.04619
2062,1,3372,2,6,8,2,6,8,9,0.254512,0.276133,6820.290579,0.018304,0.004334,0.00006,9,63,0.035714,0.020112
4866,1,2027,3,2,5,3,2,5,6,0.302387,0.341301,694.553961,0.003611,0.007822,0.000086,10,188,0.1,0.004457
1438,1,4808,1,1,2,1,1,2,8,0.240506,0.263443,2.252814,0.003365,0.000952,0.000056,14,87,0,0.000757
3320,1,2073,32,32,64,32,32,64,8,0.302939,0.342784,43864.75044,0.042316,0.036067,0.000296,10,119,0.034226,0.08234
4673,1,2558,4,1,5,4,1,5,3,0.5,0.611111,55.444423,0.008405,0.000688,0.000068,10,127,0.1,0.017173
778,1,4807,3,10,13,3,10,13,9,0.275376,0.302075,3214.493993,0.004115,0.009983,0.000061,1,205,0.108974,0.002657
6812,1,450,30,10,40,30,10,40,7,0.314909,0.360569,25342.55113,0.041153,0.02222,0.00043,10,101,0.085256,0.144347
2332,1,3176,6,10,16,6,10,16,10,0.231208,0.263938,3778.666502,0.021276,0.004187,0.000114,11,240,0.070833,0.025259
3991,1,1462,29,21,50,29,21,50,10,0.315127,0.347728,33605.45033,0.04972,0.02545,0.000217,9,79,0.060816,0.099056
5644,1,4806,1,0,1,1,0,1,0,0,0,0,0.003365,0,0.000056,10,87,0,0.000757
5899,1,989,10,2,12,10,2,12,6,0.293578,0.348958,5273.135251,0.008534,0.000463,0.000206,10,153,0.037879,0.067565
4876,1,908,10,5,15,10,5,15,7,0.319564,0.356495,17462.30263,0.037782,0.018395,0.000172,7,172,0.052381,0.057352
1869,1,3465,31,81,112,31,81,112,7,0.33708,0.375982,64699.98029,0.04403,0.078781,0.000212,10,181,0.021477,0.05593
3999,1,3062,4,3,7,4,3,7,7,0.269181,0.289629,1174.756706,0.004539,0.004801,0.000083,10,151,0.142857,0.005437
5163,1,420,4,0,4,4,0,4,0,0,0,0,0.005333,0,0.000123,10,99,0.166667,0.02762
4444,1,1367,59,32,91,59,32,91,9,0.281971,0.333674,55696.31774,0.042419,0.027667,0.000769,7,189,0.02442,0.141437
2314,1,4805,2,16,18,2,16,18,8,0.283383,0.306194,1465.124546,0.003395,0.008544,0.00008,3,60,0.019608,0.001514
2419,1,4231,7,8,15,7,8,15,10,0.220139,0.243176,7247.231557,0.005663,0.006516,0.000165,14,42,0.028571,0.006042
4239,1,3451,3,2,5,3,2,5,8,0.196046,0.216312,382.117495,0.018406,0.000495,0.000075,10,188,0.05,0.021767
1877,1,2774,3,12,15,3,12,15,9,0.280254,0.311623,4820.58013,0.005419,0.01139,0.000081,1,210,0.028571,0.00907
792,1,4549,18,128,146,18,128,146,6,0.379277,0.419268,41120.74089,0.02068,0.123336,0.000098,9,77,0.028862,0.016473
6950,1,4802,1,0,1,1,0,1,0,0,0,0,0.003365,0,0.000056,10,87,0,0.000757
5792,1,389,10,2,12,10,2,12,2,0.75,0.833333,4497.079785,0.010702,0.000306,0.000266,10,188,0.037879,0.11812
6482,1,360,28,7,35,28,7,35,6,0.30914,0.352367,34558.98709,0.034606,0.011049,0.000448,4,166,0.042017,0.12815
795,1,4801,1,12,13,1,12,13,7,0.313537,0.339713,103.953134,0.003365,0.010563,0.000056,3,221,0.070513,0.000757
5906,1,574,11,2,13,11,2,13,4,0.454545,0.516667,1029.075837,0.008359,0.001032,0.000204,1,161,0.044872,0.03994
6150,1,333,28,4,32,28,4,32,5,0.363636,0.447619,4080.076934,0.020501,0.001206,0.000398,1,155,0.084677,0.117313
2887,1,2982,45,89,134,45,89,134,8,0.335991,0.381207,97231.82095,0.041788,0.07451,0.000279,1,163,0.020536,0.075167
2426,1,3249,8,21,29,8,21,29,8,0.303043,0.337025,6563.962349,0.030263,0.036276,0.000067,10,246,0.098522,0.028135
4129,1,2036,4,4,8,4,4,8,7,0.29496,0.330365,3290.866115,0.012653,0.013049,0.000077,10,115,0.035714,0.020118
1240,1,4521,2,8,10,2,8,10,8,0.246847,0.270219,217.12138,0.004181,0.004333,0.000058,2,129,0.044444,0.001911
5446,1,678,22,8,30,22,8,30,7,0.323442,0.39183,14845.11417,0.017963,0.008015,0.000443,1,92,0.025287,0.135965
5447,1,801,4,1,5,4,1,5,6,0.300532,0.336947,913.384826,0.011482,0.007372,0.000108,8,87,0.15,0.09136
6260,1,1748,7,2,9,7,2,9,5,0.308824,0.374603,1169.020223,0.006925,0.000629,0.000139,9,157,0.041667,0.021806
2393,1,3464,3,6,9,3,6,9,12,0.23189,0.264858,2097.203206,0.006443,0.008586,0.000062,10,129,0.083333,0.007381
165,1,4799,1,12,13,1,12,13,10,0.25247,0.274604,56.08101,0.003365,0.002934,0.000056,1,229,0.00641,0.000757
1600,1,3817,3,14,17,3,14,17,7,0.318508,0.348636,10940.26808,0.004044,0.019688,0.000074,10,40,0.047794,0.002876
1280,1,4526,2,3,5,2,3,5,9,0.23532,0.253353,40.3989,0.00756,0.001644,0.000057,8,91,0.05,0.00337
2506,1,3065,9,10,19,9,10,19,9,0.262275,0.288642,3151.021433,0.007096,0.008579,0.000096,10,40,0.049708,0.009029
5787,1,419,21,3,24,21,3,24,6,0.289157,0.404861,4845.385514,0.017609,0.000464,0.000438,9,114,0.019928,0.084533
3484,1,4452,4,4,8,4,4,8,7,0.271311,0.292352,916.327822,0.004003,0.004911,0.000074,1,57,0.017857,0.003521
807,1,4447,6,56,62,6,56,62,7,0.343634,0.378482,6777.1007,0.011559,0.060007,0.000064,10,161,0.038604,0.006619
5569,1,400,81,19,100,81,19,100,6,0.370757,0.454343,33724.76797,0.063378,0.016394,0.001041,1,101,0.046768,0.348878
3691,1,1437,34,22,56,34,22,56,8,0.289988,0.324563,25622.08172,0.031211,0.019816,0.000295,10,180,0.050325,0.073347
4076,1,1455,62,39,101,62,39,101,6,0.309685,0.34839,53373.82224,0.042829,0.02481,0.000747,10,85,0.00703,0.102456
1998,1,4796,1,0,1,1,0,1,0,0,0,0,0.003365,0,0.000056,10,87,0,0.000757
4914,1,488,6,0,6,6,0,6,0,0,0,0,0.004073,0,0.000222,10,223,0.1,0.008961
2447,1,3089,83,189,272,83,189,272,7,0.377191,0.428579,285188.2072,0.060899,0.176218,0.00068,4,31,0.009632,0.10595
1032,1,4795,1,2,3,1,2,3,11,0.196828,0.21041,38.425609,0.003365,0.000658,0.000056,5,140,0,0.000757
7021,1,1163,17,17,34,17,17,34,9,0.272596,0.336827,3676.828318,0.018921,0.012038,0.000133,1,87,0.065954,0.043515
5802,1,323,66,16,82,66,16,82,6,0.354694,0.415056,30621.3018,0.058753,0.025377,0.001257,9,224,0.032069,0.279238
4582,1,1519,9,4,13,9,4,13,7,0.311531,0.347402,3922.050935,0.014176,0.013804,0.000107,9,99,0.096154,0.025103
6978,1,4794,1,0,1,1,0,1,0,0,0,0,0.003365,0,0.000056,10,87,0,0.000757
5555,1,198,31,6,37,31,6,37,2,0.8,0.875,5202.931618,0.026341,0.003328,0.000698,10,162,0.025526,0.20207
5489,1,891,13,2,15,13,2,15,4,0.448276,0.519231,1259.045707,0.023157,0.000886,0.0002,10,2,0.033333,0.088023
2458,1,3020,4,4,8,4,4,8,8,0.273586,0.303848,362.58608,0.017642,0.017213,0.000061,7,133,0.142857,0.014782
5416,1,3452,3,0,3,3,0,3,0,0,0,0,0.006146,0,0.000073,10,36,0.333333,0.007968
2011,1,1264,9,5,14,9,5,14,7,0.272776,0.304315,6290.840766,0.012469,0.007342,0.000276,10,53,0.049451,0.05097
4796,1,2129,5,3,8,5,3,8,7,0.307927,0.343638,2007.314927,0.008569,0.012742,0.000088,1,135,0.035714,0.010378
6783,1,1235,12,2,14,12,2,14,8,0.19739,0.214237,5849.032244,0.021781,0.000608,0.000122,10,234,0.043956,0.044549
6588,1,191,16,1,17,16,1,17,1,1,1,586.027492,0.008778,0.000859,0.000779,10,190,0.051471,0.114357
4597,1,1227,23,16,39,23,16,39,6,0.356868,0.396603,32519.83029,0.028147,0.036655,0.000203,10,35,0.053981,0.10047
2845,1,2696,47,59,106,47,59,106,9,0.33046,0.369905,62848.9168,0.064381,0.064248,0.000291,9,242,0.035939,0.101391
1812,1,3822,19,71,90,19,71,90,7,0.338177,0.371963,18515.64842,0.028009,0.080984,0.000094,10,181,0.046692,0.024989
2924,1,2873,13,15,28,13,15,28,9,0.27027,0.315734,9728.700687,0.040167,0.028599,0.000098,10,98,0.060847,0.048532
3253,1,2522,7,1,8,7,1,8,7,0.236638,0.25145,1119.082023,0.007972,0.001457,0.000088,7,246,0.035714,0.014991
6404,1,179,30,5,35,30,5,35,3,0.5,0.604167,10237.38218,0.037687,0.002615,0.00067,10,140,0.042857,0.262839
6202,1,63,19,2,21,19,2,21,1,1,1,1943.975106,0.013247,0.000185,0.000518,10,188,0.042857,0.088835
1396,1,4793,1,8,9,1,8,9,9,0.2273,0.246776,5.443838,0.003365,0.004858,0.000056,9,221,0.138889,0.000757
6138,1,211,16,0,16,16,0,16,0,0,0,0,0.019785,0,0.000469,9,221,0.104167,0.19773
1283,1,3832,13,45,58,13,45,58,8,0.286546,0.322344,30181.18693,0.010642,0.043549,0.000145,9,242,0.021476,0.013977
25,1,4853,0,1,1,0,1,1,9,0.212402,0.231577,0,0,0.001547,0.000056,3,226,0,0
4816,1,1001,53,20,73,53,20,73,8,0.269231,0.31423,52276.41033,0.045488,0.0179,0.000833,3,226,0.018645,0.182218
5721,1,479,19,4,23,19,4,23,7,0.266593,0.297807,4190.617297,0.034691,0.003891,0.000487,9,32,0.061265,0.094738
736,1,4238,4,14,18,4,14,18,7,0.328149,0.356354,3008.349767,0.01299,0.02264,0.000061,9,141,0.04902,0.004743
1214,1,4601,6,29,35,6,29,35,7,0.321135,0.35178,9832.487235,0.011187,0.02708,0.000063,10,173,0.036975,0.006293
3493,1,2172,10,4,14,10,4,14,9,0.195453,0.212773,2665.578745,0.007795,0.00098,0.000182,9,206,0.027473,0.021071
4732,1,1656,19,7,26,19,7,26,7,0.319368,0.358036,7495.194053,0.025024,0.023971,0.000206,9,147,0.041538,0.05962
3053,1,2701,4,8,12,4,8,12,8,0.273858,0.315228,5318.590774,0.007239,0.031397,0.000069,9,170,0.098485,0.016022
6659,1,204,24,3,27,24,3,27,3,0.444444,0.520833,3842.763276,0.014195,0.002119,0.000808,9,67,0.071225,0.14381
5068,1,2356,4,3,7,4,3,7,6,0.32,0.3875,771.98854,0.018339,0.001226,0.000083,10,246,0.047619,0.024729
4079,1,1972,2,4,6,2,4,6,7,0.276078,0.317505,1317.52065,0.008736,0.008908,0.000066,4,111,0.066667,0.030883
4623,1,1550,3,0,3,3,0,3,0,0,0,0,0.004028,0,0.000095,5,122,0,0.006606
3288,1,2300,4,5,9,4,5,9,9,0.293844,0.333267,8965.784286,0.015074,0.020029,0.000076,5,110,0.138889,0.045143
2061,1,3839,19,35,54,19,35,54,8,0.296253,0.327817,31846.14917,0.011941,0.032089,0.000189,9,93,0.022362,0.019001
1237,1,286,25,3,28,25,3,28,2,0.588235,0.65,1541.224323,0.036012,0.002734,0.000405,9,224,0.136243,0.188934
4721,1,1925,5,3,8,5,3,8,7,0.24819,0.275694,570.212516,0.004694,0.003262,0.000117,3,221,0.142857,0.01282
4665,1,315,27,1,28,27,1,28,2,0.666667,0.75,3591.214688,0.020233,0.000269,0.000521,9,127,0.044974,0.104781
2180,1,3758,4,13,17,4,13,17,8,0.281798,0.303265,3978.800754,0.009125,0.008119,0.000065,4,38,0.051471,0.008885
2201,1,4596,10,92,102,10,92,102,7,0.301815,0.329697,20794.75214,0.005955,0.031967,0.000159,10,140,0.004853,0.008547
4624,1,2694,20,21,41,20,21,41,10,0.256753,0.291242,19188.70855,0.018317,0.017255,0.000236,9,71,0.045732,0.040646
2861,1,4294,4,3,7,4,3,7,7,0.275088,0.303942,67.963389,0.009654,0.004363,0.000063,9,37,0.02381,0.005736
2864,1,3798,5,8,13,5,8,13,9,0.224754,0.263736,725.513057,0.004521,0.005149,0.000123,9,103,0.019231,0.005571
6001,1,285,38,5,43,38,5,43,2,0.857143,0.916667,8335.517865,0.035802,0.002707,0.000796,9,197,0.039313,0.28836
2972,1,4529,4,2,6,4,2,6,8,0.265643,0.285746,19.030245,0.007789,0.004581,0.000083,9,179,0.266667,0.005071
2527,1,4838,1,2,3,1,2,3,9,0.272727,0.30277,32.714062,0.003092,0.004906,0.000056,3,153,0,0.000851
587,1,4162,6,14,20,6,14,20,8,0.28509,0.310025,3309.266215,0.007248,0.021847,0.00009,9,213,0.036842,0.005016
5315,1,703,56,18,74,56,18,74,6,0.362302,0.415161,41630.29231,0.043577,0.018513,0.000826,10,34,0.030359,0.164579
890,1,4551,2,22,24,2,22,24,9,0.282085,0.311695,207.421171,0.006089,0.01655,0.000057,9,6,0.141304,0.002175
683,1,4837,1,21,22,1,21,22,7,0.275565,0.296535,52.143352,0.003092,0.013057,0.000056,10,246,0.021645,0.000851
5122,1,2738,31,33,64,31,33,64,9,0.2912,0.332885,53297.74858,0.03142,0.03324,0.000236,10,180,0.029266,0.056794
4196,1,1338,137,94,231,137,94,231,7,0.358123,0.414349,243541.9304,0.103968,0.073074,0.001321,1,185,0.014587,0.308063
2658,1,4831,1,1,2,1,1,2,6,0.300532,0.336947,0,0.003092,0.007372,0.000056,2,3,0.5,0.000851
6352,1,318,25,0,25,25,0,25,0,0,0,0,0.018902,0,0.000725,9,204,0.06,0.114825
392,1,4819,1,7,8,1,7,8,9,0.271165,0.295183,39.077915,0.003092,0.006117,0.000056,9,188,0.053571,0.000851
2662,1,4352,5,3,8,5,3,8,9,0.181873,0.19088,380.247275,0.006896,0.000325,0.000076,7,202,0,0.00759
4124,1,1459,16,12,28,16,12,28,9,0.308095,0.337529,15835.48541,0.028324,0.024506,0.000138,9,224,0.133598,0.058721
4330,1,1517,25,21,46,25,21,46,7,0.337256,0.375661,47718.25666,0.027263,0.028976,0.000332,9,245,0.036232,0.082177
6669,1,4818,1,1,2,1,1,2,2,0.555556,0.6,0.325658,0.003092,0.001072,0.000056,3,172,0,0.000851
5328,1,603,27,6,33,27,6,33,6,0.286624,0.374074,6781.646209,0.013684,0.002764,0.000527,10,140,0.026515,0.066925
3557,1,1463,10,7,17,10,7,17,11,0.271095,0.298508,3298.809737,0.01675,0.011138,0.000153,9,2,0.110294,0.029876
408,1,2194,6,11,17,6,11,17,9,0.264331,0.291914,3395.076385,0.011253,0.00983,0.000101,9,9,0.088235,0.029495
275,1,4817,2,25,27,2,25,27,9,0.289372,0.326306,2758.69803,0.003236,0.023991,0.00006,9,46,0.022792,0.001607
2047,1,133,13,0,13,13,0,13,0,0,0,0,0.029243,0,0.000455,9,228,0.121795,0.164493
5033,1,1958,21,5,26,21,5,26,4,0.44186,0.548246,4503.236422,0.032584,0.000466,0.000225,5,46,0.004615,0.053966
2591,1,3107,10,17,27,10,17,27,9,0.290335,0.319741,8882.319745,0.030497,0.027103,0.00008,9,15,0.062678,0.033555
3458,1,2539,22,17,39,22,17,39,6,0.323385,0.353461,32738.35204,0.050088,0.026686,0.000123,9,173,0.072874,0.083824
1829,1,4508,2,4,6,2,4,6,11,0.206075,0.22572,130.832417,0.004214,0.002273,0.000058,4,151,0.033333,0.002613
6980,1,357,12,0,12,12,0,12,0,0,0,0,0.007897,0,0.00084,1,168,0.075758,0.056981
4141,1,1431,16,11,27,16,11,27,9,0.225271,0.252186,5371.047423,0.01036,0.00584,0.000156,1,78,0.049858,0.026742
5138,1,651,63,20,83,63,20,83,7,0.282546,0.335093,49855.98866,0.06812,0.017116,0.001001,9,79,0.021746,0.27631
2106,1,2704,28,52,80,28,52,80,9,0.299495,0.34058,30521.03879,0.04098,0.0468,0.00014,9,6,0.036234,0.050589
2343,1,4809,1,2,3,1,2,3,7,0.264637,0.309692,2.034411,0.003092,0.002504,0.000056,5,82,0,0.000851
2904,1,2818,17,36,53,17,36,53,9,0.308831,0.344688,34851.62181,0.025502,0.037912,0.000132,9,79,0.045718,0.04447
3342,1,2523,15,8,23,15,8,23,8,0.244705,0.264997,6656.67658,0.011329,0.004838,0.000203,9,72,0.037549,0.030627
1691,1,4464,3,10,13,3,10,13,7,0.282846,0.303924,2973.971182,0.00618,0.007779,0.000065,9,175,0.051282,0.002932
2451,1,3013,17,27,44,17,27,44,8,0.295138,0.324041,28326.23112,0.025334,0.019543,0.000097,7,144,0.042283,0.032349
6050,1,2718,12,1,13,12,1,13,6,0.27451,0.309524,171.46058,0.014586,0.000523,0.000169,1,75,0.038462,0.034744
6387,1,1557,7,8,15,7,8,15,7,0.27393,0.296049,21716.61823,0.025375,0.006641,0.000098,7,94,0.061905,0.038287
2466,1,2857,56,94,150,56,94,150,8,0.314204,0.352801,114280.5337,0.056353,0.065266,0.000531,9,54,0.010112,0.090916
3757,1,3483,9,2,11,9,2,11,2,0.75,0.833333,93.646303,0.006456,0.000743,0.000125,9,83,0.018182,0.012156
5393,1,814,51,17,68,51,17,68,6,0.393782,0.513158,35491.55374,0.052651,0.0114,0.001051,3,121,0.019535,0.271953
4932,1,2056,11,7,18,11,7,18,9,0.193457,0.227374,3035.510327,0.012418,0.004798,0.000235,9,42,0.009804,0.040716
6368,1,655,16,1,17,16,1,17,5,0.364865,0.411728,436.384476,0.015382,0.00262,0.000364,10,191,0.0625,0.078252
3042,1,2730,18,29,47,18,29,47,10,0.247409,0.285819,20233.7868,0.034998,0.023782,0.000117,10,14,0.054117,0.052306
2805,1,956,14,9,23,14,9,23,8,0.247586,0.289773,11382.99229,0.013248,0.003462,0.000245,9,61,0.061265,0.040969
5485,1,659,23,12,35,23,12,35,6,0.345021,0.399187,12394.56161,0.027515,0.016832,0.00027,9,64,0.084874,0.140881
560,1,4688,5,28,33,5,28,33,7,0.339195,0.371985,6557.293936,0.00665,0.051727,0.000069,9,179,0.077652,0.004663
2928,1,2175,45,48,93,45,48,93,9,0.279116,0.316932,60430.70131,0.041661,0.029816,0.000352,9,222,0.02022,0.090166
6192,1,59,22,4,26,22,4,26,4,0.52381,0.643939,3747.510417,0.01661,0.001416,0.000657,1,194,0.075385,0.122925
27,1,4855,0,1,1,0,1,1,8,0.224488,0.234873,0,0,0,0.000056,5,220,0,0
155,1,4854,1,1,2,1,1,2,7,0.289388,0.312833,3455,0,0.00283,0.000103,5,220,0,0.000757
28,1,4856,0,2,2,0,2,2,7,0.269404,0.281983,0,0,0.000634,0.000056,9,34,0,0
6734,1,696,19,2,21,19,2,21,2,0.75,0.833333,621.428312,0.004981,0.000579,0.00055,10,34,0.07381,0.055397
29,1,4857,0,3,3,0,3,3,9,0.27151,0.291015,0,0,0.002473,0.000056,10,202,0,0
2894,1,4202,8,12,20,8,12,20,8,0.264504,0.291376,3210.334393,0.004348,0.005766,0.000154,9,202,0.031579,0.008177
1059,1,430,101,20,121,101,20,121,4,0.578125,0.731982,30188.31072,0.053564,0.010776,0.002073,9,33,0.019904,0.341857
2284,1,3859,8,12,20,8,12,20,11,0.208341,0.237909,6275.625114,0.005879,0.009228,0.000091,11,199,0.021053,0.012364
3275,1,2059,26,20,46,26,20,46,8,0.252424,0.298346,10429.92116,0.006812,0.012493,0.000251,1,62,0.035266,0.034666
5276,1,835,38,7,45,38,7,45,1,1,1,7675.081892,0.058327,0.005254,0.000517,4,76,0.025758,0.238395
6412,1,1258,4,0,4,4,0,4,0,0,0,0,0.000914,0,0.000231,1,235,0,0.005102
6892,1,185,8,2,10,8,2,10,2,0.75,0.833333,1647.732097,0.001805,0.000599,0.00072,14,131,0,0.016973
5882,1,712,19,9,28,19,9,28,3,0.526316,0.616667,5481.260878,0.005083,0.005829,0.00034,1,91,0.02381,0.043646
1481,1,3853,15,41,56,15,41,56,8,0.296005,0.325636,11023.06216,0.014957,0.038183,0.000144,1,161,0.071429,0.016946
1328,1,1848,17,15,32,17,15,32,9,0.225041,0.257112,13520.67708,0.014364,0.013727,0.000121,1,196,0.079637,0.037557
2179,1,3868,21,53,74,21,53,74,10,0.284015,0.330663,28027.50342,0.014191,0.031446,0.000167,1,74,0.02351,0.022962
370,1,4706,3,60,63,3,60,63,7,0.330542,0.361876,2984.955078,0.001452,0.066188,0.000063,9,77,0.033794,0.00237
6821,1,67,24,0,24,24,0,24,0,0,0,0,0.01197,0,0.000864,1,147,0.041667,0.075408
4152,1,4691,2,6,8,2,6,8,11,0.21621,0.246013,530.481949,0.000957,0.003824,0.000069,1,237,0.071429,0.001906
1701,1,4655,5,16,21,5,16,21,8,0.249679,0.276977,341.582561,0.003957,0.009055,0.000064,1,145,0.080952,0.004276
6922,1,19,40,3,43,40,3,43,1,1,1,8816.179202,0.023523,0.000637,0.001922,1,36,0.012182,0.12397
4895,1,1053,40,17,57,40,17,57,9,0.254476,0.304943,11745.63283,0.043011,0.011616,0.000322,1,238,0.06203,0.143965
3065,1,2980,14,12,26,14,12,26,9,0.194483,0.223195,3702.441372,0.014796,0.005658,0.000107,1,147,0.053846,0.028394
3520,1,1875,35,33,68,35,33,68,8,0.282937,0.321605,47099.78244,0.033513,0.02625,0.000214,1,161,0.056409,0.072479
607,1,4652,3,27,30,3,27,30,11,0.248864,0.27971,556.06407,0.0035,0.020764,0.000059,1,2,0.07931,0.002762
458,1,4631,1,20,21,1,20,21,9,0.258591,0.280885,106.571755,0.000911,0.016212,0.000057,1,39,0.030952,0.000856
367,1,3854,5,16,21,5,16,21,8,0.288311,0.315891,2464.831797,0.008034,0.02381,0.000063,1,196,0.111905,0.007091
4310,1,1055,19,17,36,19,17,36,8,0.288606,0.323831,18836.4517,0.029793,0.01869,0.000158,1,64,0.065873,0.072519
3219,1,2816,12,11,23,12,11,23,9,0.293167,0.337502,14398.5072,0.012608,0.021975,0.00012,1,240,0.027668,0.025988
31,1,4858,0,2,2,0,2,2,5,0.38,0.436842,0,0,0.002556,0.000056,9,83,0.5,0
5148,1,426,11,1,12,11,1,12,1,1,1,445.621262,0.021598,0.000387,0.000464,9,83,0.015152,0.072824
6508,1,4860,0,2,2,0,2,2,9,0.251674,0.268455,0,0,0.001423,0.000056,3,65,0,0
6835,1,4859,2,0,2,2,0,2,0,0,0,0,0.000052,0,0.00011,3,65,0,0.001607
32,1,4861,0,9,9,0,9,9,8,0.267362,0.286011,0,0,0.006583,0.000056,9,76,0.152778,0
2210,1,4254,3,12,15,3,12,15,8,0.277923,0.304933,1758.640163,0.000624,0.02011,0.000072,9,76,0.061905,0.002812
5224,1,633,43,12,55,43,12,55,7,0.274345,0.318146,12734.4738,0.036985,0.007203,0.000636,9,106,0.03367,0.191741
1111,1,4255,4,19,23,4,19,23,8,0.26355,0.287537,1987.340154,0.002605,0.011446,0.00007,9,76,0.043478,0.004307
2586,1,2529,30,39,69,30,39,69,8,0.304793,0.343368,35304.60419,0.022363,0.045416,0.000235,4,245,0.0211,0.046615
2074,1,3962,6,11,17,6,11,17,8,0.254717,0.277056,1194.672984,0.010581,0.009636,0.000069,9,122,0.084559,0.007149
6410,1,381,10,0,10,10,0,10,0,0,0,0,0.019079,0,0.000292,9,76,0.1,0.103254
33,1,4864,0,3,3,0,3,3,9,0.230322,0.246483,0,0,0.000616,0.000056,9,37,0,0
1990,1,2935,8,3,11,8,3,11,10,0.196585,0.207689,3787.945413,0.005569,0.00004,0.000142,1,37,0.009091,0.017599
2694,1,4863,1,5,6,1,5,6,8,0.296575,0.329863,1133.57734,0.000021,0.014594,0.000071,9,176,0.066667,0.000757
6114,1,408,24,1,25,24,1,25,1,1,1,300.51476,0.012521,0.000062,0.000435,9,6,0.115,0.063295
34,1,4866,0,11,11,0,11,11,8,0.285606,0.30588,0,0,0.012579,0.000056,7,103,0.136364,0
1542,1,3938,6,27,33,6,27,33,8,0.270374,0.295453,8312.767776,0.004199,0.012754,0.000099,7,218,0.086174,0.006941
3118,1,4865,1,1,2,1,1,2,8,0.200472,0.215159,2.333333,0.000428,0.000531,0.00006,7,55,0,0.000757
2009,1,3019,22,34,56,22,34,56,8,0.281259,0.3155,46941.64204,0.033233,0.032648,0.000135,7,170,0.057468,0.040493
2803,1,3993,4,0,4,4,0,4,0,0,0,0,0.00699,0,0.000065,7,68,0,0.00736
2882,1,2521,15,7,22,15,7,22,11,0.218426,0.243145,3468.830477,0.025023,0.006589,0.000144,9,103,0.080087,0.049386
4315,1,2760,9,3,12,9,3,12,8,0.24443,0.271655,2288.523171,0.009828,0.001739,0.000179,14,39,0.068182,0.024083
5007,1,1317,37,12,49,37,12,49,6,0.362376,0.417851,13761.34777,0.033784,0.008605,0.000427,7,218,0.077806,0.132312
4913,1,469,55,17,72,55,17,72,7,0.269841,0.317683,35136.8226,0.05149,0.012157,0.00072,9,245,0.029343,0.187959
4374,1,1377,66,36,102,66,36,102,8,0.295841,0.344307,95284.59549,0.049621,0.026106,0.000733,7,141,0.031062,0.164086
35,1,4874,0,13,13,0,13,13,10,0.205884,0.223251,0,0,0.001993,0.000056,1,39,0.057692,0
6224,1,4873,1,5,6,1,5,6,9,0.245857,0.269981,2367.063641,0.000068,0.01048,0.000059,1,39,0,0.000757
2511,1,4871,3,4,7,3,4,7,9,0.209268,0.220977,3012.725775,0.000135,0.000548,0.000124,1,210,0.02381,0.002377
2006,1,1390,8,5,13,8,5,13,8,0.25,0.310853,427.556803,0.005214,0.005507,0.000095,1,198,0.108974,0.027388
4049,1,3431,6,3,9,6,3,9,9,0.197335,0.214843,464.319641,0.000372,0.001436,0.00015,14,39,0.097222,0.00662
2737,1,4870,1,2,3,1,2,3,8,0.232714,0.243481,167.75799,0.000068,0.001805,0.000059,10,39,0,0.000757
5839,1,15,14,1,15,14,1,15,1,1,1,2304.479894,0.002828,0.000609,0.001705,1,40,0.061905,0.056231
1352,1,4869,2,14,16,2,14,16,10,0.198375,0.220935,1670.537661,0.000068,0.003825,0.000106,14,39,0.0625,0.001514
6853,1,53,67,5,72,67,5,72,3,0.7,0.833333,8590.576658,0.024906,0.00096,0.002119,1,187,0.021909,0.296812
7040,1,182,7,0,7,7,0,7,0,0,0,0,0.000962,0,0.0012,1,39,0.166667,0.01384
3202,1,4516,4,3,7,4,3,7,11,0.188175,0.208382,1635.377268,0.00046,0.000737,0.000094,14,39,0.071429,0.003512
3371,1,245,32,3,35,32,3,35,2,0.8,0.875,6780.17345,0.016186,0.000114,0.00144,1,23,0.047899,0.142641
6974,1,183,30,1,31,30,1,31,1,1,1,2898.208205,0.002938,0.000033,0.001247,14,39,0.026882,0.054705
4798,1,1728,16,8,24,16,8,24,7,0.270452,0.307134,5977.685164,0.004389,0.001428,0.000208,1,57,0.028986,0.027164
6428,1,4898,0,7,7,0,7,7,9,0.265991,0.290719,0,0,0.010611,0.000056,9,208,0.02381,0
1103,1,4049,34,220,254,34,220,254,7,0.336054,0.385384,78151.31208,0.02841,0.126329,0.000277,3,211,0.004404,0.033097
3936,1,1805,19,20,39,19,20,39,7,0.280666,0.311766,25692.1257,0.014949,0.014895,0.000262,2,171,0.024291,0.073518
237,1,4897,2,46,48,2,46,48,8,0.309253,0.339083,5308.458099,0.000412,0.036323,0.00007,10,171,0.033688,0.001514
2089,1,3876,3,7,10,3,7,10,9,0.234014,0.253357,1104.552172,0.002326,0.003419,0.000079,4,36,0.022222,0.003536
5595,1,1659,11,1,12,11,1,12,1,1,1,684.168476,0.031487,0.000106,0.000166,9,208,0.045455,0.08419
36,1,5039,0,6,6,0,6,6,9,0.278998,0.304403,0,0,0.0039,0.000056,4,85,0.133333,0
6664,1,1107,9,0,9,9,0,9,0,0,0,0,0.002379,0,0.000212,4,85,0,0.027311
166,1,5038,3,349,352,3,349,352,8,0.337716,0.393905,9329.974277,0.000635,0.145147,0.000071,4,113,0.009235,0.002271
1142,1,3665,5,43,48,5,43,48,9,0.294123,0.339485,4856.320116,0.007082,0.031259,0.000082,4,50,0.042996,0.005486
567,1,4900,2,11,13,2,11,13,8,0.288801,0.308993,607.071263,0.005069,0.005413,0.000064,4,85,0.025641,0.001795
5345,1,353,98,32,130,98,32,130,7,0.300712,0.365983,101149.6898,0.038592,0.018188,0.002096,4,192,0.012343,0.305676
37,1,5040,0,4,4,0,4,4,9,0.281349,0.312564,0,0,0.015606,0.000056,3,148,0,0
6776,1,101,63,4,67,63,4,67,1,1,1,5152.036931,0.031516,0.003536,0.002818,3,172,0.011986,0.224183
1682,1,4381,5,11,16,5,11,16,9,0.199737,0.228069,882.028671,0.001898,0.002676,0.000082,14,148,0.104167,0.005006
38,1,5041,0,2,2,0,2,2,7,0.28946,0.313074,0,0,0.003954,0.000056,3,8,0,0
39,1,5043,0,4,4,0,4,4,8,0.22968,0.243245,0,0,0.003131,0.000056,5,231,0.083333,0
4333,1,3213,2,0,2,2,0,2,0,0,0,0,0.015046,0,0.000071,5,231,0,0.020112
742,1,5042,1,2,3,1,2,3,7,0.291119,0.315332,3092.094424,0.000106,0.004272,0.000067,5,231,0.166667,0.000757
6019,1,239,27,2,29,27,2,29,3,0.545455,0.638889,3740.946278,0.034474,0.001371,0.000711,11,231,0.027094,0.168725
40,1,5044,0,4,4,0,4,4,8,0.284837,0.308615,0,0,0.00657,0.000056,4,116,0.166667,0
4016,1,3760,51,175,226,51,175,226,7,0.362775,0.409465,158236.691,0.030021,0.151287,0.000596,9,195,0.007866,0.05126
2634,1,2659,7,12,19,7,12,19,10,0.280067,0.308832,19896.65249,0.0097,0.008278,0.000096,4,116,0.111111,0.015271
41,1,5061,0,7,7,0,7,7,8,0.232049,0.245764,0,0,0.001789,0.000056,8,154,0.095238,0
3453,1,3498,11,9,20,11,9,20,7,0.264507,0.286439,1406.100841,0.003501,0.005318,0.000145,8,154,0.023684,0.012699
3886,1,1605,24,25,49,24,25,49,11,0.287798,0.349816,29252.48369,0.025542,0.0311,0.000299,9,33,0.035714,0.072158
6033,1,472,41,8,49,41,8,49,6,0.337838,0.418667,9555.606753,0.01908,0.007191,0.000652,9,159,0.023384,0.122776
6526,1,5060,1,32,33,1,32,33,7,0.290247,0.311876,3274.470626,0.000061,0.016781,0.000062,10,154,0.032197,0.000757
5377,1,863,6,1,7,6,1,7,8,0.232465,0.258836,244.188235,0.002315,0.001091,0.000113,8,154,0.02381,0.012735
1205,1,5045,3,7,10,3,7,10,10,0.233614,0.25494,226.78306,0.000738,0.001678,0.000069,8,154,0.122222,0.002464
5589,1,1152,7,1,8,7,1,8,8,0.232465,0.258836,754.095074,0.001359,0.001091,0.000167,4,112,0,0.010443
42,1,5063,0,4,4,0,4,4,10,0.213358,0.225943,0,0,0.000829,0.000056,7,66,0.083333,0
2128,1,4699,3,1,4,3,1,4,2,0.571429,0.625,11.169555,0.002504,0.000127,0.000074,3,175,0,0.002663
6275,1,238,11,0,11,11,0,11,0,0,0,0,0.008312,0,0.000604,5,66,0.027273,0.034039
4621,1,1329,28,12,40,28,12,40,7,0.273167,0.319265,12664.55894,0.013501,0.006691,0.000369,7,66,0.084615,0.096036
1568,1,5062,2,11,13,2,11,13,9,0.268495,0.290854,2854.021911,0.000042,0.006189,0.000083,7,66,0.160256,0.001514
44,1,5067,0,5,5,0,5,5,8,0.243848,0.260192,0,0,0.000942,0.000056,5,231,0.05,0
4178,1,3586,3,0,3,3,0,3,0,0,0,0,0.000557,0,0.000074,5,231,0.166667,0.002563
401,1,5066,1,11,12,1,11,12,7,0.29366,0.319854,2285.523469,0.000032,0.007988,0.000065,5,231,0.045455,0.000757
948,1,4517,2,12,14,2,12,14,11,0.239032,0.272574,556.395952,0.004227,0.007375,0.000066,9,231,0.032967,0.00337
45,1,5068,0,1,1,0,1,1,8,0.228923,0.238362,0,0,0.000168,0.000056,9,210,0,0
301,1,4961,2,18,20,2,18,20,7,0.296813,0.318514,4732.829622,0.004943,0.011436,0.000103,9,210,0.039474,0.001795
46,1,5069,0,9,9,0,9,9,8,0.28361,0.311945,0,0,0.015125,0.000056,3,70,0.208333,0
4213,1,1461,17,8,25,17,8,25,8,0.24406,0.277017,3729.680956,0.009925,0.004638,0.000204,9,115,0.023333,0.042202
6320,1,3230,7,14,21,7,14,21,9,0.309335,0.343903,9247.037947,0.028018,0.021194,0.000077,3,70,0.057143,0.029126
47,1,5070,0,1,1,0,1,1,9,0.221554,0.2322,0,0,0.000122,0.000056,10,198,0,0
49,1,5074,0,5,5,0,5,5,11,0.22029,0.23464,0,0,0.000647,0.000056,7,45,0.15,0
5304,1,1658,16,5,21,16,5,21,7,0.268076,0.301126,2797.747312,0.008176,0.004253,0.000346,7,45,0.011905,0.032147
538,1,5073,1,4,5,1,4,5,13,0.151253,0.166764,4,0.000022,0.000482,0.000065,7,45,0.15,0.000757
1276,1,5071,2,1,3,2,1,3,8,0.212095,0.228394,0,0.000038,0.000278,0.000079,7,45,0.5,0.001607
6216,1,832,7,0,7,7,0,7,0,0,0,0,0.008597,0,0.00021,4,80,0.02381,0.100569
4696,1,5075,0,2,2,0,2,2,9,0.205701,0.218529,0,0,0.000742,0.000056,5,46,0,0
2195,1,2883,7,5,12,7,5,12,8,0.249611,0.272932,5428.044693,0.020496,0.005077,0.000099,5,46,0.030303,0.024957
3586,1,3978,7,3,10,7,3,10,10,0.220248,0.242597,759.864634,0.001309,0.002022,0.000126,7,46,0.088889,0.00659
51,1,5078,0,2,2,0,2,2,7,0.242424,0.300818,0,0,0.000005,0.000056,5,66,0,0
395,1,5077,1,3,4,1,3,4,6,0.3,0.368333,30,0,0.001733,0.000079,5,66,0,0.000757
5151,1,5076,2,0,2,2,0,2,0,0,0,0,0.000153,0,0.000086,5,66,0,0.001514
52,1,5081,0,6,6,0,6,6,7,0.241309,0.267359,0,0,0.002959,0.000056,7,48,0.1,0
4780,1,1575,9,4,13,9,4,13,6,0.300792,0.340351,4016.292004,0.013084,0.008931,0.000192,4,83,0.032051,0.050466
3422,1,5080,1,0,1,1,0,1,0,0,0,0,0.000101,0,0.000063,7,48,0,0.000757
5931,1,201,20,4,24,20,4,24,4,0.5,0.677083,8119.552439,0.010234,0.00236,0.000478,7,48,0.025362,0.119584
3642,1,5079,2,1,3,2,1,3,7,0.254682,0.28771,39.440909,0.000257,0.000425,0.000066,7,48,0,0.00183
6438,1,186,18,2,20,18,2,20,3,0.555556,0.666667,4390.047102,0.016308,0.001661,0.001229,14,48,0.042105,0.057729
6563,1,181,19,0,19,19,0,19,0,0,0,0,0.047025,0,0.001119,7,48,0.119883,0.210748
53,1,5082,0,9,9,0,9,9,7,0.259488,0.275323,0,0,0.003201,0.000056,7,12,0,0
1947,1,1547,12,4,16,12,4,16,7,0.285714,0.377922,3333.872646,0.021306,0.001739,0.000178,1,216,0.05,0.046791
2107,1,1380,18,10,28,18,10,28,8,0.246709,0.291783,7803.544365,0.009291,0.010133,0.000236,1,118,0.068783,0.047441
4958,1,901,9,5,14,9,5,14,8,0.241213,0.277044,8256.254832,0.018066,0.004341,0.000196,9,231,0.010989,0.049501
3192,1,2456,12,14,26,12,14,26,8,0.26522,0.293869,9383.93242,0.006374,0.00727,0.000149,7,202,0.023077,0.019353
6489,1,355,7,2,9,7,2,9,2,0.666667,0.75,2653.020302,0.000767,0.001068,0.000336,7,12,0,0.019368
5576,1,553,19,2,21,19,2,21,5,0.404255,0.471053,1140.104993,0.004156,0.000866,0.000266,1,214,0.040476,0.039651
790,1,4666,3,20,23,3,20,23,8,0.289916,0.313522,3613.261972,0.000612,0.009866,0.000071,10,13,0.059289,0.002631
1150,1,5083,0,3,3,0,3,3,9,0.284555,0.315297,0,0,0.007664,0.000056,8,66,0.333333,0
4418,1,1193,12,3,15,12,3,15,7,0.308897,0.343955,4331.905119,0.016283,0.013316,0.000227,8,66,0.057143,0.053847
55,1,5085,0,14,14,0,14,14,9,0.236863,0.258547,0,0,0.005709,0.000056,10,110,0.10989,0
7053,1,95,30,3,33,30,3,33,2,0.8,0.875,6083.278125,0.044792,0.001293,0.000678,10,110,0.065341,0.203917
5349,1,953,18,6,24,18,6,24,7,0.266291,0.301273,12712.94809,0.008752,0.004921,0.000232,10,110,0.061594,0.038788
2246,1,5084,2,0,2,2,0,2,0,0,0,0,0.000217,0,0.000083,10,110,0,0.001514
3005,1,1177,21,14,35,21,14,35,8,0.266276,0.322102,7852.778392,0.004672,0.011169,0.000259,1,110,0.057983,0.030216
2697,1,3697,4,7,11,4,7,11,9,0.254333,0.273689,2396.101003,0.00082,0.002805,0.000072,10,166,0.063636,0.003724
5404,1,1064,27,6,33,27,6,33,8,0.247941,0.284441,3623.397657,0.011531,0.005049,0.000296,1,235,0.029356,0.058377
3970,1,3058,7,12,19,7,12,19,8,0.256127,0.306364,1849.205969,0.003954,0.018723,0.000096,10,110,0.084795,0.009267
4411,1,2725,4,8,12,4,8,12,8,0.232484,0.270799,942.846638,0.001907,0.006746,0.000078,10,110,0.098485,0.008033
5621,1,1063,6,1,7,6,1,7,1,1,1,124.999535,0.00361,0.000184,0.00015,1,67,0.047619,0.035898
4819,1,1176,11,12,23,11,12,23,8,0.238963,0.286025,3461.907401,0.00943,0.009206,0.00014,10,110,0.077075,0.021836
2281,1,4589,3,4,7,3,4,7,13,0.164191,0.199505,149.974692,0.000445,0.000539,0.000071,10,146,0.095238,0.00263
6284,1,57,17,0,17,17,0,17,0,0,0,0,0.005413,0,0.000695,1,194,0.003676,0.072904
6770,1,92,15,1,16,15,1,16,1,1,1,1155.643691,0.022225,0.000056,0.000503,10,110,0.075,0.058824
248,1,4829,2,9,11,2,9,11,8,0.245563,0.264386,440.141514,0.001451,0.004242,0.000061,10,166,0.045455,0.001707
1482,1,3639,16,50,66,16,50,66,8,0.263923,0.296091,15741.40514,0.009991,0.019937,0.000125,4,20,0.028904,0.015687
198,1,4823,2,16,18,2,16,18,8,0.251447,0.276131,139.799892,0.000753,0.012364,0.000063,1,240,0.019608,0.001801
6918,1,212,13,0,13,13,0,13,0,0,0,0,0.010774,0,0.000711,9,122,0.032051,0.133721
4702,1,1094,43,14,57,43,14,57,7,0.274731,0.312367,15617.36687,0.040052,0.015478,0.000519,10,226,0.015664,0.099582
1924,1,3195,75,241,316,75,241,316,6,0.3797,0.432868,246092.9871,0.051531,0.20982,0.000693,3,49,0.007314,0.0835
2777,1,4820,3,1,4,3,1,4,8,0.216334,0.229358,6.619298,0.001595,0.000044,0.000067,10,166,0.25,0.002663
58,1,5086,0,12,12,0,12,12,9,0.315375,0.342229,0,0,0.007006,0.000056,5,126,0.05303,0
3178,1,3309,2,0,2,2,0,2,0,0,0,0,0.015177,0,0.000063,5,126,0.5,0.020112
1402,1,3919,17,63,80,17,63,80,8,0.287352,0.317249,21937.22288,0.010805,0.036217,0.000113,9,6,0.034177,0.017896
3017,1,3713,3,8,11,3,8,11,9,0.224707,0.250473,786.364019,0.003232,0.00241,0.000067,3,73,0.036364,0.005766
2792,1,4780,2,4,6,2,4,6,10,0.221354,0.238835,147.483844,0.00034,0.000607,0.000064,4,126,0.066667,0.001718
6064,1,151,22,0,22,22,0,22,0,0,0,0,0.006233,0,0.000551,4,126,0.032468,0.064467
1082,1,2484,18,7,25,18,7,25,6,0.284404,0.337769,2830.862758,0.003894,0.005596,0.000375,3,126,0.005,0.025077
5448,1,607,24,3,27,24,3,27,1,1,1,3274.730359,0.010112,0.000999,0.000471,10,140,0.01567,0.067476
59,1,5088,0,3,3,0,3,3,2,0.714286,0.8,0,0,0.000171,0.000056,4,88,0,0
6656,1,5087,1,0,1,1,0,1,0,0,0,0,0.000006,0,0.000071,4,88,0,0.000757
5976,1,313,11,2,13,11,2,13,1,1,1,1868.503592,0.001429,0.000667,0.000228,4,88,0.070513,0.024693
1116,1,284,11,0,11,11,0,11,0,0,0,0,0.003578,0,0.000463,9,132,0,0.043312
60,1,5090,0,4,4,0,4,4,9,0.214945,0.228474,0,0,0.000407,0.000056,4,136,0,0
1684,1,4969,5,5,10,5,5,10,8,0.237653,0.256635,904.229694,0.000367,0.001398,0.000104,4,239,0.111111,0.004312
507,1,4932,3,50,53,3,50,53,8,0.273125,0.302813,4240.087299,0.005382,0.018412,0.00007,4,50,0.055878,0.002962
6546,1,5089,3,0,3,3,0,3,0,0,0,0,0.000087,0,0.000109,4,136,0,0.002552
6280,1,77,34,3,37,34,3,37,1,1,1,5312.366888,0.006125,0.000388,0.001341,4,136,0.006757,0.076954
61,1,5092,0,5,5,0,5,5,7,0.259795,0.27356,0,0,0.001152,0.000056,9,95,0.05,0
2162,1,4927,4,4,8,4,4,8,8,0.2763,0.294738,3523.910551,0.000962,0.00355,0.000084,4,67,0.035714,0.00335
1657,1,5091,2,0,2,2,0,2,0,0,0,0,0.000142,0,0.000081,5,217,0,0.001514
6782,1,452,23,9,32,23,9,32,7,0.28314,0.318377,10510.03988,0.010261,0.009915,0.000292,9,95,0.038306,0.073494
1472,1,3573,18,50,68,18,50,68,6,0.339642,0.372879,24930.18071,0.015591,0.053849,0.000131,9,44,0.03468,0.017085
2626,1,369,7,1,8,7,1,8,3,0.393939,0.435897,1131.437232,0.006908,0.000665,0.000184,9,95,0.142857,0.051913
62,1,5095,0,4,4,0,4,4,9,0.2052,0.229207,0,0,0.013621,0.000056,9,102,0.25,0
4555,1,1515,27,15,42,27,15,42,8,0.324333,0.365065,30017.35666,0.023345,0.024634,0.000279,9,203,0.039489,0.080125
6944,1,1770,20,6,26,20,6,26,9,0.255838,0.280152,9831.233524,0.017751,0.004504,0.000219,9,203,0.047692,0.068828
425,1,5094,1,3,4,1,3,4,8,0.240836,0.261981,2567.545135,0.000463,0.012901,0.000067,9,102,0.083333,0.000757
63,1,5098,0,2,2,0,2,2,8,0.220497,0.229705,0,0,0.000083,0.000056,6,220,0.5,0
5995,1,957,18,2,20,18,2,20,2,0.625,0.7,581.793557,0.002425,0.000916,0.000483,6,220,0.013158,0.02152
5965,1,5097,1,7,8,1,7,8,7,0.28263,0.302578,3188,0.000003,0.003084,0.000079,6,220,0.071429,0.000757
64,1,5099,0,4,4,0,4,4,8,0.254047,0.279604,0,0,0.02225,0.000056,2,140,0.083333,0
2732,1,2312,116,162,278,116,162,278,7,0.344886,0.400687,281847.9806,0.072588,0.099513,0.001445,9,52,0.006727,0.142898
65,1,5110,0,22,22,0,22,22,7,0.291407,0.312413,0,0,0.013396,0.000056,10,162,0.0671,0
2049,1,2859,11,19,30,11,19,30,8,0.280917,0.312363,13478.7534,0.033234,0.027986,0.000093,9,129,0.064368,0.042775
2023,1,3533,3,14,17,3,14,17,9,0.244265,0.266918,1236.635969,0.001532,0.007454,0.000064,10,14,0.150735,0.0044
2781,1,2779,50,71,121,50,71,121,9,0.311738,0.358806,68677.40127,0.033023,0.059436,0.000446,3,219,0.007438,0.070645
1958,1,1257,8,3,11,8,3,11,7,0.284704,0.31226,642.001103,0.0202,0.00419,0.000114,10,141,0.081818,0.057888
6955,1,13,21,1,22,21,1,22,1,1,1,2855.160222,0.016231,0.000572,0.001495,10,141,0.019481,0.169682
3612,1,2012,2,2,4,2,2,4,5,0.383178,0.437398,22.768748,0.001183,0.002326,0.000064,9,162,0.083333,0.005809
577,1,5109,3,7,10,3,7,10,10,0.23432,0.249724,3908.172777,0.000616,0.001202,0.000108,10,174,0.088889,0.002271
5674,1,3542,8,18,26,8,18,26,10,0.25184,0.291303,7208.163761,0.005227,0.023204,0.000142,10,24,0.075385,0.010712
3435,1,2804,4,5,9,4,5,9,9,0.207196,0.232347,1390.204956,0.000805,0.002871,0.000106,10,34,0.125,0.004754
2081,1,2956,6,6,12,6,6,12,10,0.265964,0.291901,1015.619431,0.00836,0.007355,0.000066,1,162,0.045455,0.011116
4987,1,1428,9,2,11,9,2,11,3,0.555556,0.666667,1631.538405,0.00509,0.00017,0.000186,10,162,0.045455,0.01639
6731,1,29,20,0,20,20,0,20,0,0,0,0,0.016783,0,0.000973,9,104,0.057895,0.206883
3412,1,2173,11,4,15,11,4,15,10,0.176286,0.197079,2566.489123,0.00359,0.0009,0.000141,1,206,0.147619,0.022317
6755,1,337,31,1,32,31,1,32,1,1,1,3326.481264,0.016311,0.000007,0.000943,10,53,0.077621,0.094519
66,1,5111,0,2,2,0,2,2,8,0.261933,0.285363,0,0,0.005814,0.000056,3,1,0.5,0
67,1,5112,0,2,2,0,2,2,2,0.75,0.833333,0,0,0.000045,0.000056,11,178,0,0
6469,1,4957,2,0,2,2,0,2,0,0,0,0,0.000009,0,0.000105,11,178,0,0.001625
5512,1,2820,4,1,5,4,1,5,1,1,1,17.28952,0.001314,0.000193,0.000115,4,178,0.05,0.007836
69,1,5113,0,5,5,0,5,5,8,0.254616,0.268992,0,0,0.000334,0.000056,9,175,0,0
1063,1,5006,2,8,10,2,8,10,10,0.211798,0.22578,230.159875,0.000347,0.001745,0.000069,4,175,0,0.001731
3465,1,2310,5,8,13,5,8,13,8,0.324161,0.356149,10849.58455,0.00541,0.016979,0.000095,9,214,0.057692,0.015362
3716,1,2931,3,0,3,3,0,3,0,0,0,0,0.001154,0,0.000078,9,175,0,0.007008
946,1,4878,4,29,33,4,29,33,7,0.309198,0.339593,3797.509742,0.002595,0.033996,0.000074,9,126,0.041667,0.003309
70,1,5118,0,3,3,0,3,3,9,0.201645,0.209455,0,0,0.000005,0.000056,5,82,0,0
404,1,5117,1,5,6,1,5,6,8,0.252118,0.266559,3739.666667,0,0.00107,0.000071,1,82,0.133333,0.000757
5045,1,2236,3,1,4,3,1,4,1,1,1,15.529683,0.000154,0.000869,0.000128,3,82,0,0.005593
5897,1,5114,1,2,3,1,2,3,5,0.298246,0.392157,8.333333,0,0.001683,0.000071,5,82,0,0.000757
3503,1,5119,0,1,1,0,1,1,9,0.212471,0.228688,0,0,0.000919,0.000056,9,219,0,0
3504,1,5120,0,2,2,0,2,2,8,0.256299,0.27026,0,0,0.000706,0.000056,7,15,0,0
6820,1,213,16,1,17,16,1,17,1,1,1,981.335036,0.009631,0.000366,0.000568,9,15,0.022059,0.135723
73,1,5126,0,27,27,0,27,27,9,0.246896,0.267906,0,0,0.002182,0.000056,14,55,0.081197,0
2310,1,3778,2,10,12,2,10,12,11,0.194818,0.218962,4341.714718,0.000117,0.001397,0.000062,14,55,0.189394,0.001923
6565,1,2918,5,7,12,5,7,12,8,0.182886,0.24964,538.076985,0.000722,0.000958,0.000084,14,55,0.181818,0.006229
4556,1,188,12,1,13,12,1,13,2,0.666667,0.75,1067.279361,0.002362,0.0002,0.000408,14,229,0.038462,0.020733
4940,1,1425,11,3,14,11,3,14,9,0.170984,0.211163,3864.816961,0.001797,0.000305,0.000339,14,55,0.071429,0.022707
1429,1,3779,4,14,18,4,14,18,12,0.169725,0.19296,3059.919418,0.001122,0.001262,0.000077,14,55,0.065359,0.003629
4244,1,2911,8,7,15,8,7,15,9,0.287554,0.340999,1355.568978,0.001778,0.008999,0.00011,14,32,0.028571,0.010101
2808,1,2922,12,22,34,12,22,34,9,0.251027,0.285706,13715.23069,0.003073,0.005005,0.000136,14,55,0.032086,0.015603
3104,1,2913,7,6,13,7,6,13,12,0.158239,0.186515,1697.381401,0.001055,0.000272,0.000107,14,55,0.070513,0.007967
859,1,4384,5,37,42,5,37,42,8,0.30886,0.342859,9845.263246,0.002168,0.035165,0.000063,1,216,0.031359,0.004634
4977,1,189,15,2,17,15,2,17,5,0.357143,0.47,6710.568824,0.008588,0.000196,0.000423,14,55,0.073529,0.115059
4580,1,5125,1,0,1,1,0,1,0,0,0,0,0.000074,0,0.000057,14,55,0,0.000757
4789,1,2909,6,0,6,6,0,6,0,0,0,0,0.000793,0,0.000092,14,55,0.366667,0.009223
3231,1,4353,5,3,8,5,3,8,8,0.213977,0.225734,757.895442,0.003903,0.001074,0.000075,14,55,0.053571,0.006552
3432,1,2638,10,10,20,10,10,20,8,0.300732,0.340173,8358.683128,0.007638,0.019449,0.000156,14,212,0.057895,0.017742
2360,1,3273,3,3,6,3,3,6,10,0.205398,0.21685,7894.316265,0.015061,0.000123,0.000067,14,55,0.133333,0.02108
2535,1,3773,3,5,8,3,5,8,10,0.201707,0.219766,77.64026,0.000165,0.000216,0.000067,14,55,0.339286,0.002891
7081,1,2916,8,4,12,8,4,12,3,0.47619,0.55,181.550786,0.002552,0.002971,0.000092,14,55,0.060606,0.008651
4872,1,1449,8,3,11,8,3,11,9,0.156391,0.208284,1030.482136,0.001408,0.000654,0.000289,14,55,0.109091,0.017347
5890,1,815,8,0,8,8,0,8,0,0,0,0,0.00025,0,0.000316,14,55,0.125,0.010338
4545,1,2910,6,1,7,6,1,7,10,0.136364,0.167921,72.519653,0.00035,0.000048,0.000116,14,55,0.285714,0.007456
5351,1,1424,4,1,5,4,1,5,8,0.190265,0.219034,1490.891544,0.000121,0.000101,0.000197,14,55,0.25,0.00626
4288,1,2906,6,3,9,6,3,9,8,0.176174,0.21924,507.970411,0.000597,0.000113,0.00012,14,55,0.208333,0.009815
6305,1,1231,6,0,6,6,0,6,0,0,0,0,0.002005,0,0.00026,10,234,0,0.009043
3410,1,2186,3,0,3,3,0,3,0,0,0,0,0.000412,0,0.000074,12,227,0,0.004369
631,1,5124,2,11,13,2,11,13,13,0.188275,0.248956,1357.989051,0.00008,0.018752,0.000067,14,55,0.070513,0.001514
1009,1,5122,1,6,7,1,6,7,10,0.255708,0.276093,54.789913,0.000074,0.001505,0.000057,14,212,0.071429,0.000757
74,1,5127,0,4,4,0,4,4,10,0.212017,0.229258,0,0,0.001318,0.000056,1,135,0,0
1104,1,4785,6,15,21,6,15,21,9,0.253851,0.276917,2787.13236,0.002421,0.006978,0.000084,7,135,0.033333,0.005144
4916,1,546,16,1,17,16,1,17,3,0.5,0.566667,836.805665,0.023385,0.000551,0.000453,1,191,0.047794,0.098043
75,1,5128,0,18,18,0,18,18,8,0.264935,0.289614,0,0,0.012212,0.000056,9,222,0.091503,0
2026,1,3129,24,79,103,24,79,103,7,0.329704,0.371822,49708.57519,0.02325,0.076308,0.000235,9,191,0.025509,0.033782
6059,1,4091,8,48,56,8,48,56,7,0.303087,0.327408,10446.2814,0.00349,0.03197,0.000102,9,74,0.042532,0.007191
2440,1,3954,7,19,26,7,19,26,9,0.261975,0.288862,1056.971059,0.004974,0.015747,0.000075,9,222,0.123077,0.008886
5186,1,636,9,2,11,9,2,11,7,0.297665,0.334921,2343.205976,0.018593,0.005472,0.000141,9,43,0.054545,0.13193
6178,1,4100,5,11,16,5,11,16,8,0.298629,0.329397,1095.113275,0.003671,0.020917,0.000066,9,222,0.0875,0.004833
5367,1,608,12,5,17,12,5,17,7,0.268041,0.332921,1233.45749,0.02124,0.004786,0.000141,9,92,0.069853,0.043069
1407,1,4082,8,16,24,8,16,24,10,0.263523,0.299332,2330.052266,0.004876,0.018136,0.000103,9,222,0.052536,0.008261
2117,1,3110,6,21,27,6,21,27,9,0.295062,0.324356,9661.967303,0.023327,0.019549,0.00007,9,28,0.076923,0.027218
3852,1,2942,4,1,5,4,1,5,2,0.6,0.666667,42.372161,0.006143,0.000406,0.00007,4,222,0.1,0.005585
6137,1,796,7,1,8,7,1,8,4,0.433333,0.480769,1294.527131,0.007307,0.000327,0.000152,9,222,0.232143,0.048625
4863,1,909,51,19,70,51,19,70,8,0.284114,0.319214,52180.96021,0.049504,0.017474,0.000608,9,138,0.023602,0.172909
1520,1,3841,4,10,14,4,10,14,9,0.252881,0.283732,6686.864122,0.001405,0.017181,0.00011,9,216,0.032967,0.005083
76,1,5129,0,2,2,0,2,2,9,0.218706,0.23098,0,0,0.000292,0.000056,9,60,0.5,0
596,1,4132,4,30,34,4,30,34,8,0.279837,0.307795,6577.64853,0.004172,0.030358,0.000107,9,60,0.086453,0.003127
77,1,5131,0,5,5,0,5,5,9,0.266206,0.288256,0,0,0.00372,0.000056,9,2,0.05,0
3048,1,5130,1,1,2,1,1,2,3,0.454545,0.533333,0,0.000127,0.000039,0.000065,9,2,0.5,0.000757
3272,1,2095,5,4,9,5,4,9,7,0.242424,0.270492,732.67734,0.000921,0.002048,0.000091,7,48,0.027778,0.006766
3209,1,2013,28,27,55,28,27,55,9,0.275257,0.314891,14452.19315,0.034577,0.021393,0.000212,9,197,0.039394,0.052595
5566,1,582,10,2,12,10,2,12,2,0.666667,0.75,861.182506,0.00115,0.000533,0.000404,9,2,0.007576,0.027903
78,1,5133,0,4,4,0,4,4,10,0.220156,0.240158,0,0,0.000605,0.000056,2,102,0,0
3497,1,4894,3,1,4,3,1,4,2,0.666667,0.75,5.361111,0.000698,0.000186,0.000088,2,102,0,0.002563
1329,1,5132,3,1,4,3,1,4,3,0.473684,0.518519,16.334656,0.000285,0.000896,0.000087,2,102,0,0.00247
6403,1,3793,6,14,20,6,14,20,9,0.277269,0.316959,4075.794922,0.001736,0.019092,0.000099,1,4,0.028947,0.006126
4181,1,3259,3,6,9,3,6,9,8,0.247178,0.290732,1428.244958,0.015081,0.00137,0.000082,3,221,0.027778,0.021696
79,1,5134,0,1,1,0,1,1,2,0.666667,0.75,0,0,0.000006,0.000056,1,225,0,0
3831,1,3578,3,1,4,3,1,4,1,1,1,5.666667,0.000166,0.000499,0.000126,1,225,0,0.002798
80,1,5141,0,17,17,0,17,17,9,0.226871,0.24632,0,0,0.00219,0.000056,4,63,0.007353,0
6367,1,3724,3,0,3,3,0,3,0,0,0,0,0.000509,0,0.000076,5,63,0.166667,0.003799
6550,1,459,3,1,4,3,1,4,1,1,1,206.051834,0.001043,0.000034,0.000131,7,63,0.166667,0.01308
1674,1,5140,1,4,5,1,4,5,12,0.213621,0.233554,224.574878,0.000074,0.001798,0.000058,5,63,0.05,0.000757
4741,1,5139,1,6,7,1,6,7,8,0.232344,0.247562,1152.168498,0.000074,0.002117,0.000058,4,225,0.02381,0.000757
6597,1,1835,8,0,8,8,0,8,0,0,0,0,0.008411,0,0.000098,4,18,0,0.04086
5194,1,4416,2,0,2,2,0,2,0,0,0,0,0.000544,0,0.00006,4,63,0,0.002189
5886,1,460,11,3,14,11,3,14,7,0.251656,0.324373,2847.06446,0.008498,0.000824,0.000217,7,63,0.082418,0.071897
2965,1,5136,1,0,1,1,0,1,0,0,0,0,0.000074,0,0.000058,4,63,0,0.000757
6025,1,1327,9,1,10,9,1,10,2,0.6,0.666667,74.856393,0.002487,0.000462,0.000185,4,90,0.088889,0.016401
1037,1,5002,2,6,8,2,6,8,9,0.272594,0.296468,572.170631,0.005011,0.004205,0.000059,4,143,0.107143,0.001795
5765,1,1492,6,2,8,6,2,8,6,0.304582,0.342625,1108.680873,0.0023,0.008475,0.000125,4,63,0.035714,0.022029
2184,1,3362,6,18,24,6,18,24,10,0.238082,0.26318,6388.74567,0.000984,0.004899,0.000097,5,200,0.01087,0.005629
5047,1,1506,9,2,11,9,2,11,2,0.625,0.7,940.751478,0.01038,0.00079,0.00015,3,131,0.009091,0.021917
2890,1,5135,1,0,1,1,0,1,0,0,0,0,0.000074,0,0.000058,4,63,0,0.000757
6548,1,1569,5,0,5,5,0,5,0,0,0,0,0.0172,0,0.00014,4,233,0,0.037067
1544,1,4918,2,6,8,2,6,8,8,0.267931,0.294892,1206.841649,0.005011,0.00881,0.000059,4,91,0.071429,0.001795
81,1,5152,0,17,17,0,17,17,9,0.245126,0.270215,0,0,0.00635,0.000056,7,182,0.029412,0
2983,1,2748,5,2,7,5,2,7,8,0.213036,0.232478,404.65992,0.001345,0.000534,0.000117,1,29,0.119048,0.007573
3375,1,5151,1,6,7,1,6,7,9,0.191625,0.216434,11.158333,0.000216,0.00228,0.000058,7,212,0.047619,0.000757
4121,1,1724,26,16,42,26,16,42,8,0.248766,0.295002,11146.0446,0.009686,0.004429,0.000283,1,29,0.04065,0.046488
1850,1,1262,14,6,20,14,6,20,8,0.225074,0.250806,8311.003547,0.006008,0.003561,0.000241,9,182,0.031579,0.052421
1126,1,5148,1,11,12,1,11,12,9,0.251755,0.284014,408.076005,0.000216,0.019999,0.000058,9,182,0.037879,0.000757
3864,1,3056,6,23,29,6,23,29,9,0.291365,0.327374,8527.311508,0.010109,0.023311,0.000078,7,21,0.066502,0.016838
1925,1,5146,3,6,9,3,6,9,10,0.222165,0.243769,1131.37252,0.000449,0.002088,0.000073,1,91,0.027778,0.002364
354,1,5145,1,8,9,1,8,9,11,0.237504,0.258048,306.944096,0.000216,0.002109,0.000058,12,182,0.013889,0.000757
3270,1,2102,18,19,37,18,19,37,13,0.225372,0.261303,10212.89895,0.007664,0.008269,0.000121,14,65,0.036787,0.029964
1859,1,669,22,3,25,22,3,25,2,0.714286,0.8,3642.791179,0.018521,0.000357,0.000475,7,39,0.023333,0.086456
5624,1,268,20,1,21,20,1,21,2,0.666667,0.75,1267.43911,0.008,0.000059,0.000503,7,145,0.07619,0.064456
4131,1,2028,8,9,17,8,9,17,7,0.269754,0.291728,6103.972311,0.00266,0.003619,0.000114,12,90,0.055147,0.014505
4190,1,1867,9,3,12,9,3,12,9,0.194364,0.213459,1969.306636,0.017053,0.000368,0.000198,10,62,0.045455,0.030585
5354,1,936,42,12,54,42,12,54,7,0.282648,0.323847,22236.90354,0.019846,0.007615,0.000784,6,22,0.007338,0.096044
1484,1,3595,6,7,13,6,7,13,8,0.240841,0.255731,16480.92922,0.004818,0.001965,0.000196,3,131,0.012821,0.00607
83,1,5153,0,6,6,0,6,6,9,0.230499,0.248543,0,0,0.002789,0.000056,7,51,0.033333,0
2834,1,4277,3,1,4,3,1,4,9,0.209203,0.22583,36.604644,0.000423,0.001048,0.000073,3,51,0,0.002856
5810,1,673,34,8,42,34,8,42,6,0.322222,0.416092,8851.446077,0.013788,0.003264,0.000492,7,218,0.04007,0.108817
885,1,5056,3,14,17,3,14,17,8,0.279683,0.300911,2714.335337,0.000718,0.006177,0.000072,7,243,0.033088,0.002458
4071,1,564,12,1,13,12,1,13,2,0.666667,0.75,1240.968323,0.010454,0.001152,0.000292,7,115,0.070513,0.070851
1679,1,2066,7,10,17,7,10,17,7,0.267318,0.307863,1762.718367,0.002941,0.003435,0.000125,9,157,0.069853,0.016172
84,1,5154,0,2,2,0,2,2,10,0.231025,0.252152,0,0,0.001143,0.000056,4,217,0,0
85,1,5177,0,12,12,0,12,12,8,0.25813,0.276837,0,0,0.004291,0.000056,9,92,0.075758,0
4963,1,1840,9,4,13,9,4,13,4,0.477273,0.551587,4297.912897,0.009786,0.000677,0.000155,14,201,0.070513,0.05503
881,1,5176,1,16,17,1,16,17,8,0.282241,0.301704,522.090324,0.000146,0.005224,0.00006,9,50,0.033088,0.000757
6242,1,1879,11,4,15,11,4,15,2,0.75,0.833333,142.349566,0.001604,0.002566,0.000333,3,47,0.014286,0.014695
417,1,5175,1,0,1,1,0,1,0,0,0,0,0.000146,0,0.00006,9,92,0,0.000757
314,1,5174,2,13,15,2,13,15,8,0.264931,0.287298,275.132908,0.001448,0.010883,0.000061,9,229,0.095238,0.001514
3728,1,4160,7,23,30,7,23,30,7,0.318098,0.350575,11820.41143,0.00365,0.027301,0.000084,9,235,0.048276,0.007081
3867,1,2155,48,56,104,48,56,104,8,0.290255,0.328093,94044.9875,0.032826,0.033277,0.000519,9,157,0.023432,0.09498
399,1,5170,2,54,56,2,54,56,7,0.30529,0.333963,3775.591586,0.000241,0.027767,0.000066,9,149,0.038636,0.001514
5456,1,2048,3,2,5,3,2,5,6,0.301461,0.339868,290.257299,0.000265,0.007491,0.000082,14,188,0,0.003982
3269,1,1104,18,15,33,18,15,33,9,0.310162,0.358065,20914.00911,0.043118,0.031981,0.000147,10,64,0.045455,0.085212
4143,1,224,24,0,24,24,0,24,0,0,0,0,0.014972,0,0.001016,9,157,0.070652,0.140784
86,1,5178,0,8,8,0,8,8,8,0.235481,0.251108,0,0,0.006113,0.000056,14,65,0.053571,0
1046,1,4736,6,12,18,6,12,18,10,0.221707,0.245541,3148.282346,0.002268,0.002603,0.000118,1,62,0.075163,0.005252
6147,1,89,23,3,26,23,3,26,2,0.8,0.875,5101.590211,0.032008,0.002814,0.001051,10,96,0.043077,0.19338
2068,1,3196,4,5,9,4,5,9,8,0.286556,0.311952,5298.802851,0.007735,0.007154,0.00007,9,65,0.111111,0.011358
1177,1,2057,3,1,4,3,1,4,1,1,1,136.540848,0.000358,0.000145,0.000075,14,65,0.083333,0.004359
6108,1,635,8,0,8,8,0,8,0,0,0,0,0.008788,0,0.000213,14,65,0.071429,0.109321
2250,1,4498,2,4,6,2,4,6,8,0.244026,0.265333,292.476929,0.000309,0.005256,0.000065,1,135,0.033333,0.001716
2817,1,2060,8,13,21,8,13,21,10,0.23557,0.264113,14767.95427,0.005162,0.003343,0.000099,14,65,0.045238,0.023301
87,1,5179,0,1,1,0,1,1,7,0.289388,0.312833,0,0,0.00283,0.000056,5,8,0,0
88,1,5180,0,6,6,0,6,6,7,0.279534,0.300225,0,0,0.016005,0.000056,8,73,0.233333,0
4347,1,1079,26,15,41,26,15,41,8,0.253083,0.279351,8901.685476,0.026077,0.010587,0.000248,10,73,0.011585,0.074477
5428,1,310,91,31,122,91,31,122,6,0.362093,0.442643,56415.3458,0.057283,0.030148,0.001794,7,169,0.013819,0.280574
3925,1,1590,39,34,73,39,34,73,7,0.343478,0.388223,38312.78323,0.041918,0.039242,0.000649,8,138,0.019216,0.09323
89,1,5181,0,5,5,0,5,5,9,0.230714,0.24646,0,0,0.008427,0.000056,4,200,0.05,0
4301,1,1654,8,0,8,8,0,8,0,0,0,0,0.004193,0,0.000119,4,200,0.035714,0.028162
640,1,4181,3,20,23,3,20,23,8,0.290179,0.314886,5191.789823,0.001978,0.009152,0.000075,4,227,0.007905,0.00237
90,1,5182,0,2,2,0,2,2,8,0.266586,0.282811,0,0,0.001225,0.000056,4,246,0,0
681,1,1613,15,4,19,15,4,19,9,0.204519,0.230705,2736.056099,0.005995,0.002897,0.000256,4,246,0.040936,0.036199
91,1,5188,0,10,10,0,10,10,9,0.240758,0.257535,0,0,0.007005,0.000056,7,66,0.155556,0
573,1,5187,1,12,13,1,12,13,10,0.220457,0.244214,359.379585,0.000238,0.00385,0.00006,7,202,0.051282,0.000757
824,1,5184,1,4,5,1,4,5,9,0.220236,0.235985,126.376887,0.000238,0.001582,0.00006,7,158,0.05,0.000757
3781,1,5183,2,0,2,2,0,2,0,0,0,0,0.00024,0,0.000085,7,66,0,0.001613
92,1,5190,0,1,1,0,1,1,9,0.197852,0.207039,0,0,0.000003,0.000056,3,202,0,0
830,1,5189,2,5,7,2,5,7,8,0.246496,0.264787,1791.505349,0.00009,0.001186,0.000109,3,202,0.02381,0.001514
93,1,5241,0,154,154,0,154,154,7,0.347769,0.39156,0,0,0.108346,0.000056,9,176,0.013539,0
4383,1,2006,4,2,6,4,2,6,9,0.224064,0.241788,1807.726472,0.014151,0.00266,0.000074,1,30,0.133333,0.033743
4607,1,1784,5,0,5,5,0,5,0,0,0,0,0.022641,0,0.000089,5,61,0.15,0.037305
2613,1,5240,1,1,2,1,1,2,2,0.666667,0.75,1,0.003685,0.000005,0.000056,3,82,0,0.000757
1508,1,4756,3,3,6,3,3,6,7,0.298695,0.326557,2380.177192,0.004534,0.015251,0.000066,9,226,0.133333,0.002688
5051,1,1202,12,3,15,12,3,15,10,0.189147,0.233135,2107.647984,0.035535,0.000745,0.000132,9,179,0.07619,0.083674
2724,1,5239,1,0,1,1,0,1,0,0,0,0,0.003685,0,0.000056,9,176,0,0.000757
1512,1,5238,1,6,7,1,6,7,7,0.292499,0.317527,9.104555,0.003685,0.00801,0.000056,5,127,0.214286,0.000757
1291,1,5237,1,1,2,1,1,2,6,0.300532,0.336947,0.996725,0.003685,0.007372,0.000056,2,176,0,0.000757
1936,1,3326,2,3,5,2,3,5,9,0.252948,0.274438,603.661004,0.018624,0.002879,0.00006,9,42,0.1,0.020112
6514,1,4154,2,1,3,2,1,3,8,0.215859,0.234981,16.176458,0.005189,0.001258,0.000058,9,152,0.166667,0.002723
5974,1,686,5,0,5,5,0,5,0,0,0,0,0.023524,0,0.00015,5,82,0.1,0.098377
6032,1,2834,4,0,4,4,0,4,0,0,0,0,0.007512,0,0.000065,9,13,0,0.012215
1408,1,5236,2,3,5,2,3,5,3,0.6,0.722222,6.816667,0.003902,0.00018,0.000061,2,207,0.05,0.001514
3855,1,1113,12,12,24,12,12,24,7,0.289738,0.339377,7047.852681,0.036742,0.010964,0.000121,5,127,0.057971,0.081485
4742,1,2248,4,1,5,4,1,5,3,0.4,0.458333,2535.985989,0.011105,0.000006,0.000077,3,15,0,0.018168
5738,1,447,42,11,53,42,11,53,7,0.310345,0.415079,10353.7207,0.028014,0.007144,0.00104,9,92,0.045718,0.151755
2967,1,1543,5,6,11,5,6,11,7,0.31493,0.353551,7436.255499,0.026323,0.016387,0.000091,12,149,0.1,0.061634
4840,1,1781,3,1,4,3,1,4,8,0.226504,0.24532,452.546906,0.021819,0.000432,0.000067,5,56,0.25,0.033679
6668,1,5235,1,1,2,1,1,2,1,1,1,0.5,0.003685,0.000071,0.000056,5,102,0,0.000757
3405,1,5234,1,2,3,1,2,3,8,0.272551,0.292877,15.716259,0.003685,0.00307,0.000056,3,176,0.166667,0.000757
3651,1,2376,10,10,20,10,10,20,6,0.33407,0.370893,5560.253542,0.014774,0.019929,0.000118,9,176,0.031579,0.031962
975,1,5233,1,1,2,1,1,2,8,0.248137,0.262888,83.445783,0.003685,0.00032,0.000056,3,130,0,0.000757
977,1,5232,1,2,3,1,2,3,9,0.221849,0.234719,42.211041,0.003685,0.000176,0.000056,3,207,0,0.000757
4414,1,3777,3,2,5,3,2,5,7,0.246479,0.268299,320.570966,0.003732,0.00162,0.000121,3,204,0,0.002773
4524,1,1703,11,7,18,11,7,18,7,0.263875,0.304173,6604.372933,0.029122,0.005578,0.000124,5,236,0.055556,0.048067
579,1,4316,5,21,26,5,21,26,7,0.299452,0.327354,924.696679,0.007905,0.018275,0.000062,9,165,0.063077,0.00447
6915,1,5231,1,0,1,1,0,1,0,0,0,0,0.003685,0,0.000056,9,176,0,0.000757
981,1,5230,1,9,10,1,9,10,7,0.318077,0.347024,25.116015,0.003685,0.013867,0.000056,9,44,0.144444,0.000757
1426,1,5229,1,3,4,1,3,4,7,0.291565,0.315574,6.837637,0.003685,0.004434,0.000056,3,207,0.25,0.000757
438,1,5228,1,1,2,1,1,2,7,0.289388,0.312833,0,0.003685,0.00283,0.000056,5,8,0.5,0.000757
466,1,4317,3,38,41,3,38,41,7,0.317648,0.345975,4118.24843,0.005367,0.03379,0.000066,9,165,0.065854,0.00237
3083,1,2504,3,3,6,3,3,6,7,0.267857,0.31377,662.337822,0.020494,0.002463,0.000064,5,103,0.066667,0.027833
5524,1,4472,2,0,2,2,0,2,0,0,0,0,0.004337,0,0.000058,3,40,0,0.002325
4730,1,3006,2,0,2,2,0,2,0,0,0,0,0.003727,0,0.000079,6,151,0,0.001859
1537,1,5227,2,4,6,2,4,6,8,0.263273,0.284167,211.113972,0.00392,0.004323,0.000059,1,111,0.066667,0.001607
6931,1,155,54,2,56,54,2,56,2,0.666667,0.75,3893.850159,0.034235,0.00151,0.001597,7,212,0.024351,0.296794
246,1,5226,1,3,4,1,3,4,7,0.291793,0.315951,13.247379,0.003685,0.003157,0.000056,2,82,0.083333,0.000757
7007,1,256,21,0,21,21,0,21,0,0,0,0,0.035586,0,0.000859,9,135,0.090476,0.148159
4202,1,1190,15,15,30,15,15,30,9,0.230222,0.257362,16207.40432,0.0111,0.007347,0.00025,9,43,0.028736,0.032766
3740,1,2076,6,7,13,6,7,13,7,0.3061,0.344611,1802.210682,0.009532,0.016743,0.000079,7,241,0.070513,0.019624
2524,1,3397,7,4,11,7,4,11,7,0.306077,0.341923,3309.02141,0.007182,0.012961,0.000127,4,239,0.090909,0.009666
477,1,5225,1,1,2,1,1,2,9,0.221459,0.236438,0.840949,0.003685,0.001684,0.000056,9,176,0,0.000757
5768,1,600,38,10,48,38,10,48,4,0.510638,0.652778,16211.31939,0.04309,0.006336,0.000867,3,221,0.024379,0.137109
2722,1,2847,8,22,30,8,22,30,9,0.236631,0.261555,4026.359917,0.009746,0.012595,0.000109,3,70,0.017241,0.010778
144,1,5224,1,9,10,1,9,10,11,0.196921,0.217557,14.274405,0.003685,0.00162,0.000056,5,136,0,0.000757
776,1,5222,1,2,3,1,2,3,8,0.287167,0.311324,16.852948,0.003685,0.002948,0.000056,5,176,0.166667,0.000757
999,1,4731,2,4,6,2,4,6,6,0.296482,0.367514,58.178307,0.0037,0.000521,0.000068,3,96,0.166667,0.001619
480,1,5221,1,6,7,1,6,7,8,0.264214,0.278839,67.162108,0.003685,0.000323,0.000056,9,76,0,0.000757
5771,1,5217,1,1,2,1,1,2,1,1,1,0,0.003685,0.000386,0.000056,9,239,0.5,0.000757
2768,1,2218,8,2,10,8,2,10,6,0.302949,0.342109,203.101012,0.040999,0.008496,0.000088,3,99,0.111111,0.074055
6685,1,2287,5,1,6,5,1,6,9,0.196721,0.227868,8.665152,0.010587,0.001632,0.000077,9,66,0.233333,0.019812
3214,1,5216,1,0,1,1,0,1,0,0,0,0,0.003685,0,0.000056,9,176,0,0.000757
239,1,5215,2,11,13,2,11,13,10,0.22757,0.247233,332.415163,0.003916,0.003906,0.00006,7,212,0.064103,0.001607
5542,1,1354,13,3,16,13,3,16,7,0.276923,0.369312,1309.941082,0.044337,0.003099,0.000201,3,152,0.083333,0.133311
2235,1,2833,2,1,3,2,1,3,8,0.203343,0.251256,190.694692,0.005905,0.000409,0.000061,3,233,0,0.009465
4442,1,248,8,0,8,8,0,8,0,0,0,0,0.038703,0,0.000263,5,152,0.214286,0.089029
3440,1,1697,13,8,21,13,8,21,8,0.274614,0.30569,10861.14101,0.032906,0.011604,0.000128,5,110,0.05,0.057151
7046,1,118,17,0,17,17,0,17,0,0,0,0,0.021314,0,0.000767,9,176,0.080882,0.128495
3998,1,1756,4,3,7,4,3,7,7,0.261468,0.314286,1339.809725,0.021924,0.003799,0.000074,5,174,0.190476,0.034836
1656,1,4171,2,2,4,2,2,4,7,0.25,0.264547,55.937178,0.003996,0.000899,0.000059,9,227,0,0.001801
1720,1,3721,3,0,3,3,0,3,0,0,0,0,0.007584,0,0.000061,3,32,0,0.006703
387,1,5213,1,9,10,1,9,10,7,0.318933,0.349768,17.262674,0.003685,0.018324,0.000056,9,28,0.088889,0.000757
6477,1,755,8,1,9,8,1,9,3,0.454545,0.533333,214.090371,0.017286,0.001164,0.000145,4,212,0.069444,0.10625
1165,1,3960,5,36,41,5,36,41,7,0.332254,0.365631,10025.30376,0.0116,0.042205,0.000065,9,157,0.064634,0.008905
529,1,5212,1,6,7,1,6,7,8,0.263729,0.279366,37.654612,0.003685,0.004342,0.000056,9,160,0.190476,0.000757
4223,1,4051,4,3,7,4,3,7,3,0.529412,0.62963,69.969444,0.003827,0.000151,0.000077,14,166,0.190476,0.003472
6481,1,1754,7,13,20,7,13,20,8,0.280091,0.326274,9841.54868,0.024704,0.02458,0.000097,9,133,0.092105,0.041054
794,1,5211,2,9,11,2,9,11,7,0.298144,0.325217,550.387946,0.004393,0.019916,0.000059,9,28,0.190909,0.001607
1664,1,5210,1,1,2,1,1,2,1,1,1,1,0.003685,0.000063,0.000056,9,72,0,0.000757
4988,1,5209,1,0,1,1,0,1,0,0,0,0,0.003685,0,0.000056,9,176,0,0.000757
4227,1,3413,3,4,7,3,4,7,9,0.215484,0.259826,69.081209,0.004254,0.000539,0.000069,6,223,0.119048,0.003696
6359,1,257,45,4,49,45,4,49,3,0.636364,0.761905,8145.769886,0.073039,0.0024,0.00145,9,194,0.070153,0.324547
6027,1,5208,1,3,4,1,3,4,7,0.290811,0.315424,3.734534,0.003685,0.00463,0.000056,9,176,0.166667,0.000757
3027,1,5206,1,0,1,1,0,1,0,0,0,0,0.003685,0,0.000056,9,176,0,0.000757
2088,1,2543,10,28,38,10,28,38,8,0.301182,0.3384,35264.88138,0.016873,0.042677,0.000111,9,141,0.05761,0.029737
1129,1,4291,4,10,14,4,10,14,7,0.293438,0.321519,4772.988307,0.008515,0.012825,0.000082,7,179,0.049451,0.004369
4014,1,1772,4,1,5,4,1,5,6,0.231884,0.294792,155.973322,0.00479,0.000053,0.000131,10,114,0,0.013563
2219,1,5205,1,1,2,1,1,2,1,1,1,1,0.003685,0.000001,0.000056,9,4,0,0.000757
6437,1,5203,1,0,1,1,0,1,0,0,0,0,0.003685,0,0.000056,9,176,0,0.000757
1461,1,5093,3,5,8,3,5,8,7,0.296008,0.320247,7056.57614,0.004571,0.00664,0.000091,9,165,0.071429,0.002364
4686,1,5202,1,0,1,1,0,1,0,0,0,0,0.003685,0,0.000056,9,176,0,0.000757
4784,1,1768,2,0,2,2,0,2,0,0,0,0,0.004089,0,0.000073,5,217,0,0.006935
4786,1,1561,3,2,5,3,2,5,7,0.25977,0.308217,7.446088,0.021819,0.00378,0.000067,5,110,0.4,0.033679
1055,1,5022,5,9,14,5,9,14,7,0.325128,0.353967,7089.576297,0.008913,0.0183,0.000073,4,189,0.087912,0.004159
2898,1,5201,1,0,1,1,0,1,0,0,0,0,0.003685,0,0.000056,9,176,0,0.000757
1143,1,5200,2,7,9,2,7,9,9,0.225215,0.239467,1078.786401,0.003818,0.004103,0.000061,1,56,0.027778,0.001707
4233,1,1189,2,2,4,2,2,4,7,0.259554,0.28616,354.037885,0.003935,0.00232,0.00007,9,43,0.083333,0.003988
6662,1,250,5,0,5,5,0,5,0,0,0,0,0.024662,0,0.000266,3,131,0.25,0.065974
5686,1,626,17,5,22,17,5,22,6,0.304749,0.349134,9285.245228,0.044359,0.008928,0.000283,9,160,0.099567,0.195407
3084,1,1533,8,7,15,8,7,15,7,0.320453,0.359106,10772.5455,0.025174,0.019003,0.00012,6,43,0.071429,0.061085
5142,1,1521,7,2,9,7,2,9,7,0.254464,0.298789,1761.441848,0.027704,0.002266,0.000096,4,175,0.097222,0.048294
4698,1,1731,9,8,17,9,8,17,7,0.310976,0.348745,9253.314791,0.00856,0.016931,0.000215,5,176,0.044118,0.021517
2004,1,3030,3,5,8,3,5,8,9,0.234482,0.252033,394.009252,0.010938,0.003248,0.000065,3,15,0.035714,0.010835
3581,1,5199,1,8,9,1,8,9,9,0.244587,0.265385,41.187467,0.003685,0.003474,0.000056,5,146,0.069444,0.000757
3883,1,4493,2,0,2,2,0,2,0,0,0,0,0.004807,0,0.000057,9,176,0,0.00252
94,1,5195,1,23,24,1,23,24,7,0.320786,0.349704,259.698977,0.003685,0.032399,0.000056,9,173,0.085145,0.000757
1980,1,3729,9,19,28,9,19,28,10,0.247229,0.272637,6029.319536,0.016319,0.010976,0.00011,5,153,0.013228,0.016938
2460,1,3321,3,4,7,3,4,7,8,0.250818,0.276653,1490.967549,0.003929,0.004517,0.000111,5,175,0.071429,0.004286
5775,1,156,7,1,8,7,1,8,3,0.454545,0.533333,260.418938,0.028848,0.001164,0.000156,4,212,0.125,0.061696
6077,1,258,52,7,59,52,7,59,6,0.336957,0.48172,11778.20293,0.044606,0.008616,0.001478,5,110,0.028346,0.188709
6547,1,1129,4,1,5,4,1,5,1,1,1,47.817511,0.026965,0.000725,0.00007,9,176,0.25,0.039953
3722,1,1753,5,5,10,5,5,10,8,0.240009,0.25754,2695.31392,0.004998,0.002598,0.000099,9,133,0.088889,0.007418
2464,1,3708,6,15,21,6,15,21,8,0.298745,0.337,2107.978347,0.015353,0.030029,0.000063,9,172,0.092857,0.012134
5781,1,741,21,3,24,21,3,24,6,0.26601,0.316358,3352.236695,0.057858,0.001862,0.000419,3,75,0.063406,0.206169
6166,1,2222,8,6,14,8,6,14,8,0.247768,0.270825,3101.398965,0.012402,0.004554,0.000128,9,28,0.126374,0.026087
6952,1,23,16,0,16,16,0,16,0,0,0,0,0.011349,0,0.0013,7,239,0.020833,0.068849
4709,1,872,41,9,50,41,9,50,9,0.208349,0.240465,11952.27469,0.05171,0.00707,0.000532,9,72,0.048571,0.17852
6393,1,242,14,0,14,14,0,14,0,0,0,0,0.029658,0,0.000698,9,226,0.087912,0.143173
4595,1,1584,11,4,15,11,4,15,7,0.309578,0.345891,5129.274209,0.023265,0.013616,0.000151,4,70,0.047619,0.070607
4935,1,1512,30,12,42,30,12,42,7,0.315319,0.355211,12002.76803,0.029852,0.019848,0.00041,9,160,0.073171,0.09504
3143,1,735,3,1,4,3,1,4,5,0.301075,0.335119,641.946512,0.013246,0.000616,0.000093,3,117,0.083333,0.094282
3710,1,3161,3,1,4,3,1,4,7,0.258065,0.321726,9.450397,0.004892,0.001517,0.000066,5,235,0.083333,0.004969
4080,1,1480,18,14,32,18,14,32,10,0.28856,0.320043,24944.43677,0.016721,0.010716,0.000258,7,172,0.030242,0.062189
6400,1,643,3,0,3,3,0,3,0,0,0,0,0.004397,0,0.000101,9,182,0.166667,0.019972
5685,1,5193,2,0,2,2,0,2,0,0,0,0,0.003689,0,0.000103,9,176,0,0.001514
3485,1,2016,4,7,11,4,7,11,9,0.284388,0.330398,2646.117188,0.007915,0.01473,0.000085,9,193,0.081818,0.018993
5710,1,448,21,3,24,21,3,24,8,0.241983,0.297361,6525.932788,0.047974,0.001994,0.000419,9,92,0.13587,0.212989
3700,1,455,5,0,5,5,0,5,0,0,0,0,0.00422,0,0.00062,10,34,0,0.013304
3915,1,2532,8,4,12,8,4,12,8,0.244652,0.265466,349.453897,0.026511,0.002815,0.000089,9,198,0.113636,0.031171
2469,1,5192,1,1,2,1,1,2,4,0.388889,0.464286,0.666667,0.003685,0.001173,0.000056,11,231,0,0.000757
99,1,5191,1,9,10,1,9,10,7,0.299535,0.32567,20.873329,0.003685,0.011921,0.000056,5,102,0.122222,0.000757
4004,1,1750,37,23,60,37,23,60,8,0.333759,0.376217,38398.61912,0.022556,0.024846,0.000454,6,119,0.021469,0.083355
1229,1,4161,12,45,57,12,45,57,8,0.289603,0.316669,14151.62856,0.00499,0.044222,0.000129,9,152,0.008145,0.01051
5833,1,528,30,5,35,30,5,35,7,0.265659,0.31024,2579.058646,0.024467,0.002363,0.000505,1,78,0.039496,0.101415
3760,1,1778,38,35,73,38,35,73,8,0.269127,0.300164,52605.7295,0.012108,0.011877,0.000684,5,217,0.002473,0.067177
5949,1,4462,2,18,20,2,18,20,7,0.309938,0.3368,646.231146,0.004099,0.0142,0.000058,9,150,0.071053,0.002175
1804,1,3552,12,34,46,12,34,46,8,0.287758,0.31712,22555.80829,0.008702,0.019998,0.000092,10,247,0.021256,0.014597
3902,1,1556,81,65,146,81,65,146,9,0.279811,0.3293,99746.34545,0.052777,0.032887,0.001272,5,142,0.005291,0.163743
5670,1,3116,3,0,3,3,0,3,0,0,0,0,0.003702,0,0.000084,9,173,0,0.005457
917,1,4800,2,8,10,2,8,10,7,0.303509,0.328627,85.487541,0.001461,0.008663,0.000062,5,171,0.122222,0.001701
2810,1,5194,1,0,1,1,0,1,0,0,0,0,0.001102,0,0.000058,9,173,0,0.000851
2364,1,852,7,0,7,7,0,7,0,0,0,0,0.001999,0,0.000404,5,103,0,0.013348
95,1,5243,0,5,5,0,5,5,8,0.267354,0.288872,0,0,0.014423,0.000056,9,92,0.05,0
763,1,5242,1,0,1,1,0,1,0,0,0,0,0.000491,0,0.000065,9,92,0,0.000757
1382,1,4410,8,34,42,8,34,42,7,0.326193,0.355277,17803.6599,0.006875,0.029184,0.00015,10,80,0.019744,0.009407
96,1,5247,0,7,7,0,7,7,10,0.222598,0.245546,0,0,0.003122,0.000056,3,134,0.071429,0
899,1,90,13,1,14,13,1,14,3,0.5,0.566667,649.363306,0.023767,0.001089,0.000371,9,123,0.082418,0.114621
336,1,5246,1,6,7,1,6,7,9,0.237307,0.258951,970.102863,0.000106,0.002531,0.000062,3,153,0.047619,0.000757
2865,1,4455,3,3,6,3,3,6,12,0.198903,0.240227,392.687151,0.004366,0.000804,0.00008,4,134,0.033333,0.004234
5024,1,5244,2,15,17,2,15,17,9,0.280494,0.308714,3294.688583,0.000109,0.008893,0.000086,3,81,0.040441,0.001514
5255,1,2584,10,14,24,10,14,24,9,0.270603,0.305617,9314.990978,0.002623,0.00905,0.000134,3,81,0.021739,0.013186
97,1,5248,0,4,4,0,4,4,12,0.193226,0.205413,0,0,0.000248,0.000056,11,42,0.083333,0
4112,1,2086,9,3,12,9,3,12,8,0.240781,0.287527,758.433458,0.003437,0.000471,0.000132,11,199,0.022727,0.013383
451,1,4959,3,14,17,3,14,17,11,0.235157,0.255252,2392.445287,0.001336,0.002743,0.000075,11,53,0.011029,0.002475
4382,1,3514,6,5,11,6,5,11,10,0.192963,0.206725,2379.487657,0.001128,0.00173,0.000151,1,42,0.018182,0.007452
4820,1,1283,7,4,11,7,4,11,4,0.390244,0.515625,164.28132,0.001405,0.002799,0.000134,1,42,0.063636,0.013034
98,1,5251,0,2,2,0,2,2,10,0.185826,0.198765,0,0,0.000336,0.000056,6,205,0,0
1086,1,5250,1,15,16,1,15,16,9,0.227025,0.250383,2832.587662,0.000011,0.003679,0.000079,6,205,0.008333,0.000757
3097,1,1041,51,13,64,51,13,64,9,0.237006,0.338224,16623.63376,0.009877,0.004316,0.001131,6,93,0.010417,0.085242
3373,1,494,14,0,14,14,0,14,0,0,0,0,0.002077,0,0.000717,5,102,0.005495,0.025631
6419,1,3429,4,2,6,4,2,6,7,0.254464,0.298789,340.88781,0.015828,0.002311,0.000096,5,102,0.1,0.022106
2321,1,4559,12,26,38,12,26,38,11,0.268128,0.294546,13745.39599,0.00395,0.014325,0.000222,2,82,0.01138,0.009988
1598,1,4377,25,142,167,25,142,167,7,0.329933,0.37085,63572.98608,0.009397,0.077707,0.00037,3,130,0.003355,0.02297
6867,1,407,17,1,18,17,1,18,2,0.666667,0.75,986.929969,0.003616,0.000207,0.000715,3,96,0.035948,0.053784
6962,1,208,21,3,24,21,3,24,1,1,1,5287.1214,0.003743,0.00128,0.000779,3,175,0,0.051249
5312,1,992,40,18,58,40,18,58,8,0.277744,0.33034,30434.43539,0.030708,0.0155,0.000548,10,101,0.023593,0.178639
3744,1,1854,11,4,15,11,4,15,5,0.333333,0.454545,2827.907713,0.01676,0.003832,0.000099,10,177,0.109524,0.058484
2784,1,4848,2,7,9,2,7,9,10,0.201527,0.230819,911.62314,0.000215,0.003353,0.00011,7,199,0.069444,0.001701
5872,1,1170,10,4,14,10,4,14,8,0.252632,0.319263,1078.10832,0.016755,0.00298,0.000208,1,51,0.021978,0.032706
6071,1,4143,2,1,3,2,1,3,2,0.6,0.666667,4.894444,0.000215,0.000459,0.000109,7,213,0,0.001714
5725,1,1318,10,1,11,10,1,11,2,0.6,0.666667,59.986003,0.001924,0.000459,0.000283,7,103,0.027273,0.024923
4365,1,1885,11,6,17,11,6,17,8,0.264009,0.298746,5280.160509,0.0308,0.005174,0.000251,3,172,0.033088,0.088515
1844,1,4743,5,22,27,5,22,27,9,0.272562,0.300594,2852.234978,0.004059,0.015383,0.000067,1,60,0.074074,0.005699
6556,1,2156,8,8,16,8,8,16,9,0.24945,0.286007,1268.250078,0.009281,0.019199,0.000093,9,6,0.091667,0.024059
101,1,5252,0,2,2,0,2,2,10,0.183843,0.197685,0,0,0.000246,0.000056,14,83,0,0
2849,1,4542,5,11,16,5,11,16,9,0.224831,0.252162,1430.466152,0.002927,0.003534,0.000099,14,83,0.029167,0.005155
5398,1,4011,2,0,2,2,0,2,0,0,0,0,0.004305,0,0.00008,14,83,0,0.005131
102,1,5253,0,3,3,0,3,3,9,0.206897,0.22117,0,0,0.000635,0.000056,4,143,0,0
7068,1,1853,8,5,13,8,5,13,5,0.333333,0.491228,1893.468119,0.002467,0.00435,0.000155,10,173,0.064103,0.017894
3681,1,3039,5,9,14,5,9,14,9,0.250517,0.273789,3701.536769,0.006662,0.0029,0.000106,1,143,0.010989,0.015561
4931,1,1494,11,5,16,11,5,16,7,0.239437,0.265433,2328.612735,0.009539,0.001709,0.000158,4,84,0.166667,0.035784
17,1,5254,0,6,6,0,6,6,9,0.24437,0.258849,0,0,0.001494,0.000056,3,91,0.033333,0
2304,1,1476,20,5,25,20,5,25,4,0.396226,0.511905,3212.956937,0.018863,0.002639,0.000852,3,140,0.023333,0.061429
3456,1,3208,2,1,3,2,1,3,4,0.368421,0.452381,321.124481,0.01499,0,0.000067,3,91,0,0.020112
2340,1,4507,7,17,24,7,17,24,10,0.240955,0.267817,5506.830111,0.006273,0.006662,0.000095,4,116,0.057971,0.006846
5476,1,1379,3,0,3,3,0,3,0,0,0,0,0.001064,0,0.000079,3,91,0,0.007655
2114,1,4429,5,10,15,5,10,15,9,0.254592,0.28015,5273.152785,0.002323,0.00566,0.000089,1,16,0.047619,0.005765
105,1,5257,0,5,5,0,5,5,7,0.290407,0.3146,0,0,0.005815,0.000056,5,30,0.2,0
3863,1,1732,8,5,13,8,5,13,8,0.264821,0.287482,11554.59574,0.020798,0.003144,0.000133,5,220,0.044872,0.04562
781,1,5256,1,3,4,1,3,4,7,0.245455,0.27816,12.718951,0.000198,0.001324,0.000065,5,30,0.083333,0.000757
3613,1,5255,2,1,3,2,1,3,3,0.411765,0.47619,9.482258,0.000243,0.000407,0.000083,5,30,0.166667,0.001607
106,1,5259,0,8,8,0,8,8,9,0.240959,0.25889,0,0,0.002993,0.000056,3,131,0.035714,0
1274,1,5258,1,1,2,1,1,2,3,0.5,0.583333,4,0.000102,0.000061,0.000061,14,131,0,0.000757
1169,1,4509,10,70,80,10,70,80,8,0.302867,0.335284,23659.7425,0.002452,0.03298,0.000131,4,97,0.00981,0.008741
1031,1,4633,5,3,8,5,3,8,8,0.220235,0.234794,1976.047738,0.000779,0.002512,0.000119,3,83,0.017857,0.004402
2476,1,2801,6,9,15,6,9,15,9,0.27238,0.298619,6297.245921,0.010391,0.010195,0.000089,3,152,0.066667,0.022029
4006,1,2434,3,2,5,3,2,5,7,0.23722,0.252937,1172.705147,0.000552,0.00181,0.000084,3,131,0.1,0.004733
5301,1,1372,28,14,42,28,14,42,9,0.263827,0.322949,19837.72251,0.017845,0.015984,0.00037,4,136,0.028455,0.074072
107,1,5266,0,4,4,0,4,4,9,0.197511,0.20782,0,0,0.00113,0.000056,8,190,0.083333,0
341,1,5265,1,8,9,1,8,9,8,0.23333,0.246574,3153.312861,0.000038,0.003812,0.000067,8,117,0.041667,0.000757
4210,1,1300,11,2,13,11,2,13,3,0.545455,0.638889,1466.443451,0.0054,0.000327,0.000163,1,190,0.038462,0.037629
6961,1,127,11,0,11,11,0,11,0,0,0,0,0.027066,0,0.001012,9,190,0.072727,0.148635
1515,1,4430,4,10,14,4,10,14,10,0.225526,0.255339,1907.857133,0.000713,0.007662,0.00008,1,16,0.027473,0.003596
108,1,5267,0,1,1,0,1,1,8,0.261867,0.279944,0,0,0.001101,0.000056,6,93,0,0
109,1,5269,0,1,1,0,1,1,4,0.428571,0.513889,0,0,0,0.000056,3,173,0,0
1492,1,5268,1,3,4,1,3,4,3,0.625,0.766667,5,0,0.000342,0.000103,3,173,0,0.000757
110,1,5270,0,1,1,0,1,1,1,1,1,0,0,0.000003,0.000056,4,59,0,0
6855,1,4779,2,0,2,2,0,2,0,0,0,0,0.000101,0,0.000107,4,59,0,0.001718
111,1,5272,0,2,2,0,2,2,3,0.545455,0.638889,0,0,0.000292,0.000056,12,174,0,0
4497,1,5271,2,0,2,2,0,2,0,0,0,0,0.000843,0,0.000083,12,174,0,0.001713
6254,1,519,18,3,21,18,3,21,2,0.8,0.875,6732.694025,0.007749,0.000693,0.000472,12,174,0.059524,0.10323
112,1,5283,0,13,13,0,13,13,9,0.259179,0.280056,0,0,0.005389,0.000056,4,22,0.00641,0
2392,1,2747,10,2,12,10,2,12,5,0.298246,0.392157,80.538208,0.00403,0.002019,0.000136,4,83,0.007576,0.014737
4053,1,2601,13,15,28,13,15,28,9,0.232478,0.256749,2890.104047,0.008408,0.005739,0.000188,4,88,0.130952,0.018103
2696,1,2617,6,10,16,6,10,16,10,0.22049,0.245841,834.145607,0.007973,0.005323,0.000082,4,22,0.054167,0.012378
4305,1,1421,16,11,27,16,11,27,8,0.284198,0.310399,8268.194913,0.010242,0.008502,0.000127,1,34,0.042735,0.041223
150,1,5282,1,45,46,1,45,46,8,0.281685,0.30433,1043.420298,0.000183,0.012249,0.000059,5,69,0.003865,0.000757
5214,1,614,13,8,21,13,8,21,6,0.311891,0.365938,13500.53986,0.007421,0.006568,0.000298,10,139,0.052381,0.098755
6103,1,5273,3,11,14,3,11,14,8,0.261551,0.27761,1048.408563,0.000752,0.002402,0.000065,4,88,0.082418,0.002364
6223,1,234,10,0,10,10,0,10,0,0,0,0,0.009052,0,0.00023,2,80,0.011111,0.107821
113,1,5284,0,25,25,0,25,25,9,0.258052,0.281274,0,0,0.00769,0.000056,4,84,0.26,0
4032,1,1620,32,22,54,32,22,54,10,0.241765,0.289579,10539.06571,0.013091,0.012396,0.000251,4,84,0.076171,0.072337
261,1,4987,2,44,46,2,44,46,9,0.280373,0.305254,308.793472,0.005198,0.017855,0.000058,4,84,0.13285,0.001795
4950,1,1158,20,4,24,20,4,24,7,0.275362,0.379323,1546.164745,0.010734,0.002546,0.000249,4,84,0.193841,0.052019
1781,1,1150,32,7,39,32,7,39,7,0.266254,0.300734,6623.978451,0.018711,0.003145,0.000331,4,84,0.135628,0.09282
338,1,4968,3,19,22,3,19,22,10,0.228448,0.25234,190.349095,0.005806,0.007664,0.000059,4,84,0.17316,0.002756
527,1,4938,4,16,20,4,16,20,9,0.227046,0.243349,617.868473,0.001335,0.00665,0.000064,4,84,0.239474,0.004083
4479,1,1639,30,17,47,30,17,47,8,0.240841,0.290678,11923.91149,0.009608,0.006529,0.000274,4,84,0.094357,0.058715
2731,1,2613,12,13,25,12,13,25,11,0.2062,0.244767,1269.823775,0.008528,0.007443,0.000091,4,84,0.243333,0.016171
2553,1,2609,7,6,13,7,6,13,9,0.210182,0.229491,513.939487,0.002383,0.002417,0.000078,4,84,0.288462,0.010115
4585,1,5023,4,7,11,4,7,11,9,0.230699,0.249472,7618.242135,0.005372,0.001972,0.000074,4,115,0.109091,0.003613
449,1,4939,5,20,25,5,20,25,9,0.230126,0.247581,700.473402,0.006498,0.006028,0.000063,4,84,0.258333,0.004991
4290,1,144,11,1,12,11,1,12,1,1,1,0,0.007615,0.000415,0.000481,4,84,0.416667,0.026963
4744,1,1633,17,6,23,17,6,23,8,0.244523,0.281207,3233.824748,0.025945,0.003998,0.000207,4,84,0.112648,0.062297
6991,1,143,27,0,27,27,0,27,0,0,0,0,0.012204,0,0.00137,4,84,0.242165,0.084646
4717,1,2550,10,4,14,10,4,14,9,0.208865,0.232255,623.496641,0.006713,0.001784,0.000151,4,115,0.148352,0.017147
7055,1,145,28,3,31,28,3,31,1,1,1,3903.556483,0.009214,0.001211,0.001275,4,120,0.060215,0.070712
2254,1,4619,8,19,27,8,19,27,9,0.288074,0.317108,4158.085824,0.007031,0.010852,0.000075,4,84,0.210826,0.009113
4874,1,1615,10,4,14,10,4,14,8,0.215522,0.238544,157.88255,0.007943,0.002008,0.000097,4,84,0.395604,0.022607
2503,1,2614,16,28,44,16,28,44,9,0.239371,0.272905,5539.971206,0.01183,0.012775,0.000129,4,84,0.137949,0.025142
410,1,4946,4,29,33,4,29,33,8,0.267167,0.293285,1495.32159,0.005982,0.012695,0.000067,4,35,0.11553,0.003624
6045,1,148,40,4,44,40,4,44,2,0.75,0.833333,5714.2405,0.020191,0.00173,0.000936,4,84,0.09408,0.125905
4695,1,1159,34,17,51,34,17,51,8,0.235797,0.28585,16254.3736,0.016089,0.005958,0.000445,4,116,0.065098,0.084765
114,1,5287,0,5,5,0,5,5,8,0.243024,0.264748,0,0,0.002563,0.000056,12,71,0.05,0
3126,1,5286,1,0,1,1,0,1,0,0,0,0,0.000087,0,0.000065,12,71,0,0.000757
751,1,5285,1,0,1,1,0,1,0,0,0,0,0.000087,0,0.000065,12,71,0,0.000757
6758,1,280,4,0,4,4,0,4,0,0,0,0,0.000139,0,0.000512,12,71,0.083333,0.010981
115,1,5288,0,1,1,0,1,1,9,0.232589,0.247845,0,0,0.000208,0.000056,8,91,0,0
3784,1,2538,19,24,43,19,24,43,8,0.302797,0.33977,21013.04424,0.00612,0.022179,0.000394,8,91,0.009413,0.027122
116,1,5289,0,2,2,0,2,2,1,1,1,0,0,0.000007,0.000056,14,209,0.5,0
5030,1,1433,2,1,3,2,1,3,1,1,1,1486.877713,0.000189,0.000001,0.000099,14,209,0.166667,0.002475
3413,1,1432,3,0,3,3,0,3,0,0,0,0,0.000021,0,0.000184,14,209,0.166667,0.002755
117,1,5290,0,1,1,0,1,1,1,1,1,0,0,0.000714,0.000056,11,133,0,0
7105,1,192,15,0,15,15,0,15,0,0,0,0,0.020988,0,0.000419,11,133,0.047619,0.13177
118,1,5291,0,1,1,0,1,1,9,0.2074,0.228941,0,0,0.000564,0.000056,2,236,0,0
4392,1,2002,9,3,12,9,3,12,8,0.261012,0.305242,3943.933398,0.016589,0.009712,0.000177,2,236,0.060606,0.044925
119,1,5292,0,5,5,0,5,5,7,0.29805,0.323779,0,0,0.006928,0.000056,9,190,0.15,0
5502,1,999,7,1,8,7,1,8,2,0.666667,0.75,96.683103,0.00838,0.000299,0.000132,4,190,0.017857,0.029728
120,1,5297,0,22,22,0,22,22,7,0.289664,0.30884,0,0,0.010963,0.000056,9,179,0.04329,0
3388,1,2865,6,2,8,6,2,8,7,0.276364,0.309821,652.221483,0.027543,0.002208,0.000089,1,91,0.017857,0.03416
4009,1,4528,2,1,3,2,1,3,8,0.263855,0.282628,6.099313,0.004568,0.003536,0.000058,9,179,0.333333,0.00337
1094,1,4535,2,10,12,2,10,12,8,0.275796,0.298147,210.157056,0.004568,0.012152,0.000058,9,99,0.083333,0.00337
6258,1,4527,3,0,3,3,0,3,0,0,0,0,0.006327,0,0.00006,9,179,0.5,0.004648
3508,1,2302,6,14,20,6,14,20,12,0.262449,0.292578,5449.851504,0.006085,0.00847,0.000086,9,92,0.047368,0.022267
3614,1,5296,1,2,3,1,2,3,11,0.187354,0.2024,12.405816,0.000373,0.000193,0.000058,14,179,0,0.000757
4299,1,2889,10,10,20,10,10,20,7,0.283326,0.311179,8984.476192,0.004831,0.014434,0.000139,4,84,0.042105,0.017058
1164,1,2579,3,2,5,3,2,5,4,0.451613,0.517857,120.511313,0.000681,0.000331,0.000113,3,93,0,0.0035
5955,1,3966,2,5,7,2,5,7,9,0.275533,0.309983,761.452375,0.001385,0.009264,0.000061,9,179,0,0.002451
1002,1,3855,7,22,29,7,22,29,9,0.257378,0.284851,1446.330135,0.012798,0.020283,0.000065,1,196,0.10468,0.01043
3762,1,3034,11,16,27,11,16,27,9,0.320013,0.361595,21562.7313,0.028249,0.035421,0.00011,9,179,0.047009,0.041289
1278,1,5293,1,2,3,1,2,3,8,0.26402,0.283237,6.099313,0.000373,0.003801,0.000058,9,179,0.333333,0.000757
6676,1,1406,20,5,25,20,5,25,6,0.304636,0.349203,3154.598244,0.018897,0.008347,0.000288,9,179,0.031667,0.059926
121,1,5305,0,19,19,0,19,19,11,0.243945,0.263785,0,0,0.005858,0.000056,2,151,0.002924,0
6741,1,110,9,0,9,9,0,9,0,0,0,0,0.009703,0,0.000581,2,205,0.069444,0.17469
2273,1,4695,3,5,8,3,5,8,9,0.199746,0.215724,816.730376,0.000521,0.000701,0.000071,12,227,0.071429,0.003374
6140,1,210,9,1,10,9,1,10,1,1,1,964.922283,0.021839,0.000499,0.000287,6,93,0.066667,0.117398
4313,1,1698,5,3,8,5,3,8,6,0.293413,0.358844,816.461044,0.026931,0.001678,0.000081,2,102,0.053571,0.063417
1608,1,5301,3,3,6,3,3,6,9,0.227962,0.243919,571.479996,0.00025,0.000631,0.000086,2,151,0.033333,0.002364
4871,1,1725,7,3,10,7,3,10,6,0.312336,0.351891,2284.178759,0.003906,0.009111,0.00013,2,76,0.055556,0.026484
5241,1,620,8,3,11,8,3,11,1,1,1,1759.587734,0.006164,0.000961,0.000131,9,4,0.036364,0.020191
3927,1,4572,6,4,10,6,4,10,9,0.262115,0.285081,4298.575909,0.000918,0.002575,0.000175,3,12,0.055556,0.005585
6886,1,2823,3,0,3,3,0,3,0,0,0,0,0.006195,0,0.000066,4,151,0.166667,0.006817
5509,1,793,11,2,13,11,2,13,3,0.44,0.515152,1750.029725,0.018215,0.001612,0.000267,9,61,0.070513,0.108868
215,1,5304,1,2,3,1,2,3,1,1,1,2,0.000199,0.000075,0.000058,4,200,0,0.000757
875,1,4560,2,5,7,2,5,7,12,0.225482,0.245387,411.826876,0.00112,0.008346,0.00006,2,151,0.071429,0.002182
6618,1,199,5,0,5,5,0,5,0,0,0,0,0.005035,0,0.000206,2,94,0,0.074826
3168,1,1199,5,3,8,5,3,8,7,0.255034,0.303175,154.077164,0.01922,0.002984,0.000108,5,175,0.178571,0.045137
6488,1,5303,1,4,5,1,4,5,11,0.2258,0.247046,140.926999,0.000199,0.001333,0.000058,2,151,0.05,0.000757
6464,1,4485,3,5,8,3,5,8,9,0.241057,0.260317,918.737145,0.001483,0.003737,0.000064,4,174,0,0.003387
431,1,5299,2,15,17,2,15,17,10,0.302955,0.336406,4550.577491,0.001809,0.009497,0.000059,1,37,0.044118,0.001607
3721,1,3432,7,3,10,7,3,10,7,0.24908,0.265179,2447.588986,0.015943,0.00118,0.000106,14,39,0.022222,0.024591
122,1,5308,0,6,6,0,6,6,8,0.255984,0.27191,0,0,0.001847,0.000056,4,189,0,0
6047,1,5307,2,1,3,2,1,3,9,0.26778,0.298465,334.868944,0.000201,0.004848,0.000069,4,189,0,0.001607
6852,1,83,10,0,10,10,0,10,0,0,0,0,0.001992,0,0.000595,4,155,0.033333,0.035137
4625,1,1361,10,3,13,10,3,13,9,0.202326,0.222203,5836.121615,0.010311,0.000684,0.000178,4,189,0.012821,0.06496
1100,1,5306,1,4,5,1,4,5,9,0.239231,0.258573,193.640982,0.000063,0.004976,0.000063,4,189,0.1,0.000757
123,1,5310,0,2,2,0,2,2,9,0.190769,0.213036,0,0,0.000019,0.000056,10,229,0,0
4775,1,5048,2,2,4,2,2,4,2,0.666667,0.75,11,0.000571,0.000167,0.000081,10,229,0,0.001607
1630,1,5309,1,1,2,1,1,2,8,0.229885,0.256548,180,0.000001,0.001046,0.000079,10,229,0,0.000757
124,1,5322,0,16,16,0,16,16,8,0.300082,0.325813,0,0,0.011983,0.000056,10,167,0.045833,0
5852,1,1011,12,1,13,12,1,13,4,0.340909,0.394444,199.070285,0.0079,0.000293,0.000272,10,167,0.096154,0.035312
532,1,5321,1,18,19,1,18,19,8,0.264205,0.281736,142.718545,0.000408,0.002943,0.000059,10,199,0.02924,0.000757
494,1,4599,3,37,40,3,37,40,7,0.304197,0.3293,3234.990822,0.004028,0.033372,0.000061,10,107,0.094872,0.003536
1813,1,2618,7,2,9,7,2,9,9,0.202532,0.222282,244.427438,0.007631,0.000812,0.000098,4,115,0.166667,0.014521
4691,1,3417,2,0,2,2,0,2,0,0,0,0,0.015347,0,0.000062,5,167,0.5,0.020112
4651,1,1927,3,0,3,3,0,3,0,0,0,0,0.006134,0,0.00008,3,167,0,0.032471
411,1,5313,1,12,13,1,12,13,8,0.269409,0.291304,144.997351,0.000408,0.010351,0.000059,10,167,0.051282,0.000757
125,1,5323,0,3,3,0,3,3,9,0.207395,0.234813,0,0,0.003029,0.000056,4,217,0.166667,0
3862,1,1882,8,2,10,8,2,10,8,0.23224,0.257913,1319.7188,0.020638,0.001849,0.000115,4,217,0.133333,0.071114
5642,1,1441,6,0,6,6,0,6,0,0,0,0,0.015774,0,0.000238,4,217,0.166667,0.062246
126,1,5324,0,4,4,0,4,4,8,0.273194,0.293615,0,0,0.004441,0.000056,3,96,0.083333,0
5183,1,1991,6,2,8,6,2,8,9,0.198366,0.21929,1584.635461,0.000854,0.000915,0.00027,3,96,0.017857,0.007157
3564,1,2404,4,1,5,4,1,5,9,0.199819,0.212787,2923.184797,0.004972,0,0.00011,3,96,0,0.020211
6649,1,618,15,0,15,15,0,15,0,0,0,0,0.02397,0,0.000457,3,96,0.038095,0.164286
127,1,5328,0,17,17,0,17,17,9,0.306298,0.32928,0,0,0.011275,0.000056,9,98,0.066176,0
4937,1,3918,7,14,21,7,14,21,10,0.231187,0.255836,1899.334745,0.004484,0.006964,0.000076,9,33,0.114286,0.009094
3703,1,5327,2,19,21,2,19,21,7,0.270574,0.288411,408.6512,0.000831,0.008841,0.000061,9,139,0.154762,0.001514
2944,1,2347,13,7,20,13,7,20,8,0.275873,0.304325,22649.88523,0.040754,0.010913,0.000175,9,178,0.039474,0.082141
3835,1,2075,6,5,11,6,5,11,8,0.22062,0.241159,2692.494746,0.008391,0.003288,0.000128,10,241,0.054545,0.017536
2736,1,993,6,0,6,6,0,6,0,0,0,0,0.001991,0,0.000209,9,69,0,0.010089
6606,1,343,19,1,20,19,1,20,1,1,1,588.162054,0.009442,0.000572,0.000415,9,33,0.155263,0.080536
5346,1,5326,1,0,1,1,0,1,0,0,0,0,0.000383,0,0.000058,9,98,0,0.000757
1312,1,5325,1,4,5,1,4,5,7,0.29904,0.327114,437.82897,0.000383,0.015165,0.000058,3,80,0,0.000757
4979,1,984,15,6,21,15,6,21,7,0.28128,0.315558,6162.905274,0.02108,0.00475,0.000212,10,24,0.028571,0.053876
4933,1,892,14,5,19,14,5,19,5,0.390411,0.452924,7012.055692,0.004782,0.003,0.000192,14,98,0.052632,0.034736
4240,1,1294,23,10,33,23,10,33,7,0.272008,0.298797,21105.2079,0.020239,0.00621,0.000262,9,33,0.069129,0.094012
128,1,5330,0,6,6,0,6,6,8,0.259334,0.281135,0,0,0.006949,0.000056,10,53,0.1,0
1010,1,4119,8,38,46,8,38,46,7,0.328693,0.36527,18074.5555,0.005161,0.039672,0.000092,10,244,0.028019,0.007802
1354,1,5329,2,0,2,2,0,2,0,0,0,0,0.000257,0,0.000075,7,53,0,0.001514
5379,1,573,28,2,30,28,2,30,8,0.241477,0.287031,2814.933575,0.043525,0.003584,0.000499,9,165,0.068966,0.221616
4799,1,1007,15,3,18,15,3,18,9,0.192232,0.210485,8798.710349,0.028083,0.000104,0.000215,10,13,0.045752,0.073327
129,1,5331,0,2,2,0,2,2,8,0.242276,0.256789,0,0,0.000811,0.000056,1,137,0,0
1473,1,3236,7,12,19,7,12,19,8,0.265873,0.294161,6376.833767,0.022843,0.006407,0.000103,1,137,0.02924,0.028713
793,1,4740,4,40,44,4,40,44,7,0.31402,0.347212,14573.26494,0.001014,0.046613,0.000094,1,137,0.028541,0.003738
130,1,5334,0,9,9,0,9,9,9,0.218449,0.244577,0,0,0.004163,0.000056,4,132,0.013889,0
1529,1,4417,6,7,13,6,7,13,9,0.232367,0.255135,3265.645281,0.001331,0.00685,0.000081,12,132,0.025641,0.006138
1141,1,5333,1,5,6,1,5,6,8,0.233435,0.250419,1527.563943,0.000142,0.000997,0.000061,1,73,0,0.000757
2794,1,2709,12,17,29,12,17,29,9,0.237331,0.265091,5616.232965,0.017998,0.015678,0.000113,9,170,0.038177,0.02768
759,1,335,52,5,57,52,5,57,5,0.342282,0.407516,10118.77277,0.022802,0.002089,0.001385,4,106,0.011278,0.154821
6468,1,5332,1,0,1,1,0,1,0,0,0,0,0.000142,0,0.000061,4,132,0,0.000757
342,1,4439,5,5,10,5,5,10,7,0.246827,0.266549,521.862725,0.00108,0.002115,0.000079,4,200,0.033333,0.004011
131,1,5335,0,4,4,0,4,4,8,0.267232,0.285114,0,0,0.002016,0.000056,10,59,0.083333,0
4100,1,1861,7,7,14,7,7,14,7,0.279476,0.310534,2888.965284,0.013313,0.004233,0.000097,10,59,0.054945,0.019996
4352,1,1860,5,0,5,5,0,5,0,0,0,0,0.017734,0,0.000091,10,59,0.1,0.027567
2997,1,2464,48,87,135,48,87,135,8,0.348874,0.398935,154414.5989,0.048642,0.060552,0.000635,7,118,0.017247,0.095161
6429,1,331,4,0,4,4,0,4,0,0,0,0,0.006201,0,0.000409,3,12,0.083333,0.024004
493,1,4182,1,58,59,1,58,59,7,0.311606,0.339535,861.257742,0.001156,0.045455,0.000058,9,203,0.019579,0.000856
4462,1,3139,2,1,3,2,1,3,1,1,1,31.86902,0.002246,0.000144,0.000061,3,12,0,0.005412
2832,1,2951,12,15,27,12,15,27,10,0.235753,0.261303,6993.361651,0.007696,0.006984,0.000145,1,72,0.01567,0.016728
6942,1,623,10,1,11,10,1,11,1,1,1,2595.581805,0.010363,0.000014,0.000263,9,154,0.054545,0.050783
4591,1,841,25,10,35,25,10,35,8,0.230968,0.260805,9005.597487,0.036647,0.003474,0.000344,3,38,0.016807,0.095695
2330,1,3148,12,13,25,12,13,25,9,0.260709,0.283612,11428.32195,0.011566,0.010209,0.000099,7,218,0.03,0.02219
133,1,5348,0,37,37,0,37,37,9,0.27388,0.297024,0,0,0.015923,0.000056,1,148,0.046547,0
6753,1,586,12,0,12,12,0,12,0,0,0,0,0.016768,0,0.000264,14,148,0.05303,0.127458
3577,1,1426,46,35,81,46,35,81,9,0.29858,0.335689,49802.37515,0.023286,0.017902,0.00036,1,105,0.025617,0.075217
6405,1,436,29,2,31,29,2,31,3,0.470588,0.5625,1388.541628,0.01545,0.000704,0.000734,1,145,0.080645,0.143635
4445,1,1845,11,10,21,11,10,21,8,0.242777,0.281147,5032.348054,0.003909,0.004705,0.000137,1,237,0.095238,0.015609
2680,1,2054,7,9,16,7,9,16,9,0.252947,0.28911,2979.744304,0.004122,0.003672,0.000118,1,100,0.066667,0.011461
1208,1,5347,2,8,10,2,8,10,11,0.190269,0.209589,77.998717,0.000701,0.003867,0.00006,14,148,0.155556,0.001514
988,1,4603,3,10,13,3,10,13,9,0.230688,0.245916,3678.326476,0.003543,0.00157,0.000105,9,59,0.025641,0.002839
5648,1,981,6,3,9,6,3,9,7,0.264045,0.326292,686.690395,0.005874,0.002003,0.000212,1,37,0.027778,0.038984
6982,1,374,7,1,8,7,1,8,1,1,1,38.696379,0.001086,0.000258,0.000356,10,59,0.071429,0.022981
6074,1,537,63,12,75,63,12,75,5,0.409639,0.583333,16332.52487,0.026017,0.0063,0.001161,1,74,0.022523,0.159658
6214,1,548,13,2,15,13,2,15,4,0.4375,0.559524,1840.51633,0.003245,0.000635,0.000377,14,148,0.071429,0.035817
1644,1,4382,4,11,15,4,11,15,10,0.221463,0.24242,4008.977873,0.001896,0.001657,0.000071,14,148,0.109524,0.003735
4337,1,1871,23,11,34,23,11,34,10,0.206132,0.249786,8739.225535,0.010823,0.008695,0.000218,1,62,0.057041,0.044674
4092,1,1383,3,3,6,3,3,6,8,0.238854,0.259358,3596.257134,0.000895,0.002098,0.000081,9,33,0.1,0.004314
1965,1,1014,15,2,17,15,2,17,3,0.555556,0.666667,1639.000445,0.007855,0.000123,0.000315,3,152,0.029412,0.030593
4833,1,1337,31,13,44,31,13,44,8,0.280039,0.339525,12917.54627,0.015515,0.006418,0.000264,1,29,0.077167,0.085763
4722,1,5346,1,0,1,1,0,1,0,0,0,0,0.000542,0,0.000057,1,148,0,0.000757
5590,1,1839,6,2,8,6,2,8,1,1,1,999.116194,0.001411,0.000885,0.000144,1,216,0.071429,0.010641
2158,1,5345,2,5,7,2,5,7,11,0.220133,0.242053,71.966901,0.001104,0.001168,0.00006,1,72,0.02381,0.001514
2251,1,4567,3,7,10,3,7,10,9,0.244126,0.267887,378.36092,0.003117,0.001077,0.000059,1,109,0.044444,0.003893
142,1,5343,1,22,23,1,22,23,8,0.282593,0.31051,572.758105,0.000542,0.012143,0.000057,14,230,0.106719,0.000757
6730,1,31,37,1,38,37,1,38,1,1,1,367.458914,0.020746,0.00125,0.001384,1,128,0.060455,0.168156
5577,1,3512,18,48,66,18,48,66,9,0.266564,0.303985,47823.40958,0.020098,0.0191,0.000153,14,65,0.047552,0.039435
430,1,5341,5,67,72,5,67,72,8,0.292202,0.3226,7172.306353,0.001501,0.024204,0.000073,1,128,0.039906,0.003878
6968,1,190,27,0,27,27,0,27,0,0,0,0,0.025252,0,0.001815,1,14,0.051282,0.145468
5085,1,1061,11,4,15,11,4,15,4,0.464286,0.583333,2671.516432,0.003923,0.000735,0.000163,1,237,0.142857,0.025847
4632,1,1070,16,7,23,16,7,23,10,0.193548,0.225804,11799.55857,0.006596,0.001102,0.000213,1,62,0.063241,0.036388
1318,1,5336,1,0,1,1,0,1,0,0,0,0,0.000542,0,0.000057,1,148,0,0.000757
134,1,5359,0,10,10,0,10,10,12,0.234667,0.261034,0,0,0.00552,0.000056,9,207,0.033333,0
6810,1,42,22,3,25,22,3,25,2,0.666667,0.75,9518.048968,0.011658,0.001229,0.00093,9,145,0.025,0.161546
5880,1,1286,4,1,5,4,1,5,2,0.666667,0.75,17.081051,0.001002,0.000411,0.000163,1,207,0.05,0.009966
2960,1,1609,21,6,27,21,6,27,8,0.289388,0.310967,31263.14267,0.046767,0.0098,0.000227,9,167,0.027066,0.103781
3177,1,2621,4,7,11,4,7,11,7,0.271248,0.304246,1318.80375,0.00069,0.000801,0.000099,14,207,0.009091,0.005143
1591,1,4253,8,23,31,8,23,31,9,0.241854,0.265236,4756.750308,0.002526,0.007048,0.000119,6,93,0.049462,0.007313
351,1,5358,1,10,11,1,10,11,11,0.257385,0.287548,1462.847992,0.000188,0.015436,0.00006,14,115,0.054545,0.000757
135,1,5360,0,7,7,0,7,7,8,0.246404,0.262174,0,0,0.002801,0.000056,9,135,0.166667,0
4634,1,1103,9,3,12,9,3,12,7,0.306061,0.341452,6113.27806,0.008581,0.013082,0.000143,9,64,0.037879,0.044843
4641,1,2111,8,0,8,8,0,8,0,0,0,0,0.010223,0,0.000114,9,135,0,0.019152
4910,1,2019,16,5,21,16,5,21,8,0.251005,0.273389,1943.592483,0.024528,0.005982,0.000161,9,157,0.119048,0.051298
1667,1,3957,3,10,13,3,10,13,8,0.252438,0.278223,274.295353,0.002475,0.005468,0.000065,9,135,0.121795,0.003229
4788,1,5207,1,0,1,1,0,1,0,0,0,0,0.000157,0,0.000071,9,176,0,0.000851
136,1,5361,0,2,2,0,2,2,8,0.196386,0.217572,0,0,0.000574,0.000056,5,220,0,0
4886,1,2937,5,2,7,5,2,7,7,0.241379,0.271547,703.793223,0.00192,0.000718,0.000136,10,102,0.071429,0.009781
4104,1,3296,2,0,2,2,0,2,0,0,0,0,0.014959,0,0.000083,5,220,0,0.020112
137,1,5364,0,7,7,0,7,7,8,0.258549,0.282251,0,0,0.004412,0.000056,4,136,0.071429,0
1294,1,5363,2,5,7,2,5,7,11,0.19783,0.214715,74.435123,0.00027,0.001485,0.00007,4,103,0,0.001514
195,1,5362,1,13,14,1,13,14,8,0.276299,0.310002,597.421608,0.00015,0.021164,0.000062,4,136,0.049451,0.000757
1083,1,4928,5,19,24,5,19,24,7,0.28927,0.313347,8507.939433,0.001911,0.007655,0.000117,4,136,0.04529,0.004312
1503,1,3977,5,3,8,5,3,8,8,0.276284,0.297572,272.341988,0.0056,0.003533,0.000075,4,189,0.089286,0.004658
3841,1,2467,5,5,10,5,5,10,8,0.222764,0.250278,2152.384241,0.001574,0.0026,0.000111,3,213,0.011111,0.005141
138,1,5366,0,7,7,0,7,7,9,0.255548,0.276962,0,0,0.002604,0.000056,3,105,0.047619,0
5248,1,5365,1,0,1,1,0,1,0,0,0,0,0.000089,0,0.000062,3,105,0,0.000757
4314,1,1049,18,12,30,18,12,30,8,0.277778,0.305233,9208.390668,0.012986,0.01532,0.000235,9,208,0.043678,0.059682
6844,1,4408,2,0,2,2,0,2,0,0,0,0,0.000089,0,0.000113,3,80,0,0.001661
1442,1,4480,8,48,56,8,48,56,8,0.275455,0.300256,10646.95081,0.002608,0.019179,0.000127,3,40,0.002273,0.0071
139,1,5367,0,2,2,0,2,2,9,0.215863,0.225936,0,0,0.000164,0.000056,8,154,0.5,0
987,1,4127,7,27,34,7,27,34,8,0.274016,0.295023,17287.85455,0.001331,0.008629,0.000156,8,154,0.00713,0.00562
140,1,5369,0,3,3,0,3,3,10,0.184889,0.19786,0,0,0.007557,0.000056,2,234,0,0
186,1,5010,2,4,6,2,4,6,9,0.221655,0.237022,3627.816424,0.005194,0.000516,0.000072,4,234,0.066667,0.001795
3770,1,5368,1,0,1,1,0,1,0,0,0,0,0.000257,0,0.000071,2,234,0,0.000757
3498,1,5377,0,20,20,0,20,20,7,0.304409,0.332505,0,0,0.013224,0.000056,9,114,0.021053,0
6090,1,5376,1,11,12,1,11,12,11,0.225102,0.243105,79.034797,0.00045,0.003411,0.000058,3,233,0.015152,0.000757
3692,1,2939,22,15,37,22,15,37,10,0.240655,0.271529,23268.35529,0.006493,0.004149,0.000524,5,114,0.005255,0.032206
4312,1,2714,6,2,8,6,2,8,1,1,1,2229.5,0.003844,0.000013,0.000089,10,114,0.053571,0.017405
6947,1,514,16,0,16,16,0,16,0,0,0,0,0.019681,0,0.000476,9,151,0.008333,0.058801
5243,1,716,6,1,7,6,1,7,5,0.333333,0.391111,944.446524,0.008139,0.00018,0.000131,9,61,0.047619,0.0902
6706,1,1827,12,4,16,12,4,16,9,0.216783,0.278576,1045.26108,0.002254,0.003877,0.000306,9,73,0.004167,0.015014
3840,1,773,14,0,14,14,0,14,0,0,0,0,0.004465,0,0.000309,7,214,0.032967,0.023581
4557,1,2975,4,3,7,4,3,7,8,0.21057,0.237758,523.848471,0.003035,0.00086,0.000115,1,114,0,0.009568
321,1,5373,1,12,13,1,12,13,9,0.226023,0.250287,109.545729,0.00045,0.005947,0.000058,10,160,0.076923,0.000757
1448,1,5372,1,11,12,1,11,12,10,0.21684,0.239186,69.06695,0.00045,0.002634,0.000058,5,114,0.05303,0.000757
1950,1,4399,2,2,4,2,2,4,9,0.261383,0.283881,640.149384,0.000943,0.002395,0.00006,3,126,0,0.001853
3518,1,3615,3,1,4,3,1,4,3,0.5,0.583333,5.02324,0.001878,0.000553,0.000079,4,63,0.166667,0.003653
645,1,5370,1,1,2,1,1,2,9,0.221713,0.234975,48.331919,0.00045,0.000014,0.000058,7,214,0,0.000757
141,1,5378,0,7,7,0,7,7,7,0.284408,0.301795,0,0,0.01015,0.000056,9,104,0.238095,0
2007,1,3401,4,12,16,4,12,16,8,0.275749,0.300826,7141.39011,0.020718,0.014093,0.00007,10,11,0.095833,0.028817
7006,1,5342,1,1,2,1,1,2,9,0.204188,0.226163,1.267857,0.000413,0.000024,0.000058,14,130,0,0.000851
3892,1,3300,7,4,11,7,4,11,10,0.205764,0.21943,2933.221833,0.015877,0.000436,0.000109,14,230,0.290909,0.026899
6026,1,552,48,5,53,48,5,53,2,0.857143,0.916667,6992.350502,0.00885,0.00067,0.001436,14,230,0.038099,0.131565
4272,1,2109,12,8,20,12,8,20,8,0.225522,0.2644,4592.767363,0.00136,0.001438,0.000223,14,230,0.157895,0.01851
2632,1,3150,11,10,21,11,10,21,9,0.298701,0.340582,6742.868849,0.007127,0.016493,0.000171,1,24,0.021429,0.01628
3960,1,3298,7,8,15,7,8,15,9,0.256063,0.27861,4891.818139,0.001169,0.002438,0.000107,14,230,0.242857,0.010323
1723,1,4118,5,27,32,5,27,32,11,0.2198,0.248738,4247.148613,0.00249,0.004687,0.000086,14,230,0.052419,0.004827
5065,1,4117,2,12,14,2,12,14,11,0.195779,0.213063,70.775397,0.000572,0.002312,0.000061,14,230,0.142857,0.002138
5449,1,1814,13,2,15,13,2,15,3,0.538462,0.619048,27.534538,0.00144,0.000531,0.000224,14,230,0.285714,0.022602
5205,1,2106,8,3,11,8,3,11,3,0.571429,0.666667,61.189398,0.001127,0.00058,0.000127,14,230,0.390909,0.012612
2260,1,4115,2,9,11,2,9,11,11,0.199434,0.216414,74.887917,0.000572,0.001971,0.000061,14,230,0.336364,0.002138
2588,1,3305,15,27,42,15,27,42,10,0.235029,0.260004,16974.07059,0.004016,0.005218,0.000209,14,230,0.054007,0.016082
6395,1,550,11,0,11,11,0,11,0,0,0,0,0.00675,0,0.000502,14,230,0.372727,0.055426
1334,1,4744,9,48,57,9,48,57,8,0.306703,0.337671,12863.65379,0.004735,0.032504,0.000087,1,163,0.043546,0.00933
143,1,5379,0,8,8,0,8,8,8,0.268761,0.291189,0,0,0.013946,0.000056,3,221,0.071429,0
1951,1,3152,2,0,2,2,0,2,0,0,0,0,0.000536,0,0.000091,3,231,0,0.002946
2248,1,3312,7,11,18,7,11,18,10,0.235468,0.262395,2088.892733,0.017085,0.007866,0.000093,3,221,0.065359,0.027157
1789,1,3991,8,9,17,8,9,17,12,0.203019,0.234944,2945.416277,0.004411,0.003557,0.00011,3,221,0.044118,0.007463
6871,1,496,4,0,4,4,0,4,0,0,0,0,0.004639,0,0.000157,1,225,0,0.029586
490,1,2402,12,6,18,12,6,18,9,0.291505,0.335617,11360.32281,0.018627,0.020633,0.000166,3,221,0.071895,0.055586
3063,1,1771,5,2,7,5,2,7,10,0.208681,0.223448,1388.695918,0.004058,0.001862,0.000098,5,136,0.071429,0.02319
3381,1,2220,2,3,5,2,3,5,8,0.242968,0.262182,133.97952,0.00021,0.002614,0.000079,9,136,0.15,0.003438
5581,1,4414,4,4,8,4,4,8,9,0.252436,0.274345,708.590935,0.000938,0.001378,0.000079,9,239,0.017857,0.004189
2003,1,3101,6,5,11,6,5,11,10,0.232817,0.264184,5710.620543,0.017171,0.004733,0.000072,4,115,0.045455,0.015032
6021,1,5223,1,0,1,1,0,1,0,0,0,0,0.000055,0,0.000061,5,136,0,0.000851
4750,1,4240,3,1,4,3,1,4,3,0.4375,0.5,49.496507,0.000799,0.000035,0.000069,5,136,0,0.00434
2847,1,3972,2,2,4,2,2,4,9,0.196836,0.207132,322.304407,0.000459,0.000455,0.00007,9,136,0,0.002226
4397,1,1689,3,1,4,3,1,4,2,0.571429,0.625,82.410802,0.002053,0.000208,0.000082,4,136,0,0.015416
6897,1,1657,10,0,10,10,0,10,0,0,0,0,0.021887,0,0.000295,4,94,0.011111,0.04429
145,1,5380,0,6,6,0,6,6,7,0.30557,0.331649,0,0,0.007497,0.000056,10,40,0.133333,0
3268,1,2727,29,38,67,29,38,67,9,0.28231,0.315845,48510.64773,0.0193,0.020459,0.000374,10,24,0.006106,0.043477
2093,1,4888,2,6,8,2,6,8,9,0.275676,0.30192,294.833209,0.00149,0.008549,0.000065,10,40,0.089286,0.001701
5911,1,5384,0,14,14,0,14,14,11,0.222556,0.256995,0,0,0.015736,0.000056,1,72,0.043956,0
5857,1,1090,27,8,35,27,8,35,2,0.9,0.944444,9167.055435,0.007311,0.003079,0.000661,9,143,0.001681,0.041263
749,1,5143,2,8,10,2,8,10,10,0.233704,0.263523,1775.604919,0.000607,0.014997,0.000065,12,182,0.044444,0.001607
3725,1,2212,22,24,46,22,24,46,10,0.253142,0.287389,19549.37491,0.010696,0.01368,0.000156,1,177,0.034783,0.040911
419,1,5383,1,4,5,1,4,5,11,0.22545,0.24114,320.065357,0.000535,0.000731,0.000059,1,72,0.15,0.000757
6115,1,378,17,1,18,17,1,18,1,1,1,1087.603511,0.006012,0.000063,0.000428,1,72,0.055556,0.07752
2087,1,982,19,5,24,19,5,24,7,0.270988,0.304659,6834.325013,0.010595,0.00309,0.000335,7,158,0.030797,0.059114
4348,1,5382,2,0,2,2,0,2,0,0,0,0,0.000545,0,0.000083,3,131,0,0.001514
1486,1,4433,4,13,17,4,13,17,8,0.238901,0.261679,1020.883154,0.006709,0.006803,0.000062,10,161,0.084559,0.004636
7045,1,1507,7,2,9,7,2,9,2,0.75,0.833333,267.631778,0.017845,0.000468,0.000114,1,237,0.055556,0.036156
4266,1,5381,2,0,2,2,0,2,0,0,0,0,0.000575,0,0.000069,14,174,0,0.001607
147,1,5391,0,43,43,0,43,43,8,0.317007,0.345187,0,0,0.038267,0.000056,9,197,0.049834,0
1400,1,4046,3,10,13,3,10,13,10,0.256857,0.285114,246.820776,0.003102,0.00778,0.000063,9,197,0.166667,0.003331
6569,1,255,19,2,21,19,2,21,2,0.75,0.833333,4294.146958,0.011236,0.000206,0.000856,9,123,0.02381,0.105237
1553,1,4034,5,13,18,5,13,18,7,0.308622,0.340244,4105.327328,0.01076,0.025951,0.000064,9,33,0.068627,0.009164
4164,1,322,9,1,10,9,1,10,5,0.269231,0.333333,1409.084256,0.03078,0.000717,0.000234,9,67,0.077778,0.149822
2148,1,4047,4,14,18,4,14,18,8,0.292938,0.324841,1073.14609,0.009048,0.018928,0.000062,9,197,0.143791,0.008031
3200,1,129,7,1,8,7,1,8,2,0.6,0.666667,537.379781,0.026549,0.000504,0.000399,9,197,0.125,0.072804
4219,1,1457,9,2,11,9,2,11,6,0.290909,0.34375,157.283811,0.005843,0.000502,0.000156,9,197,0.036364,0.017271
1699,1,3958,6,28,34,6,28,34,7,0.290412,0.31253,3799.463756,0.005216,0.024521,0.000071,9,157,0.105169,0.007544
4561,1,864,16,7,23,16,7,23,7,0.268767,0.300296,8884.433637,0.044655,0.0039,0.000196,4,85,0.055336,0.106881
6360,1,5390,1,4,5,1,4,5,9,0.200928,0.226369,1.511429,0.001302,0.001176,0.000057,9,122,0.15,0.000757
4682,1,1024,7,4,11,7,4,11,8,0.25641,0.293769,5433.436544,0.011581,0.006025,0.000146,9,213,0.1,0.070239
191,1,5389,1,12,13,1,12,13,9,0.272803,0.293713,158.685037,0.001302,0.006788,0.000057,9,15,0.076923,0.000757
2379,1,5387,1,2,3,1,2,3,7,0.289533,0.313195,120.438499,0.001302,0.005093,0.000057,5,197,0.166667,0.000757
7023,1,162,12,0,12,12,0,12,0,0,0,0,0.032781,0,0.000233,9,136,0.05303,0.154151
3932,1,4343,2,0,2,2,0,2,0,0,0,0,0.003945,0,0.000059,3,130,0,0.004094
779,1,4193,4,27,31,4,27,31,6,0.363522,0.395772,9090.09543,0.006578,0.048885,0.000062,9,215,0.065591,0.004755
3349,1,4134,5,8,13,5,8,13,9,0.2257,0.260657,126.177408,0.002745,0.005101,0.000091,10,122,0.025641,0.003884
3212,1,3961,5,4,9,5,4,9,8,0.227996,0.251581,777.188205,0.002772,0.003589,0.0001,9,122,0.083333,0.005415
4346,1,3261,4,0,4,4,0,4,0,0,0,0,0.016949,0,0.000072,5,12,0,0.021949
6205,1,226,11,1,12,11,1,12,2,0.6,0.666667,633.495363,0.007554,0.000504,0.000557,9,229,0.090909,0.122778
486,1,5386,1,4,5,1,4,5,11,0.201485,0.219882,7.396494,0.001302,0.003276,0.000057,9,209,0,0.000757
5870,1,727,11,3,14,11,3,14,4,0.384615,0.456667,2270.107,0.015156,0.001892,0.000196,9,206,0.016484,0.109015
48,1,5385,2,8,10,2,8,10,10,0.201299,0.230988,27.794968,0.001366,0.003078,0.000066,1,190,0.011111,0.001514
5850,1,451,15,1,16,15,1,16,2,0.666667,0.75,1114.001988,0.031247,0.000084,0.000305,9,140,0.1,0.171315
3240,1,368,17,4,21,17,4,21,2,0.6,0.666667,3530.067424,0.019558,0.001492,0.000385,9,95,0.066667,0.073674
5422,1,1175,7,5,12,7,5,12,9,0.246241,0.305722,478.412779,0.004022,0.003076,0.000099,9,122,0.090909,0.009444
6643,1,128,27,2,29,27,2,29,1,1,1,1321.560415,0.014828,0.000953,0.001477,9,197,0.064039,0.093674
5409,1,803,11,2,13,11,2,13,5,0.421053,0.477083,2245.355215,0.017865,0.002004,0.000176,9,151,0.064103,0.125555
148,1,5392,0,1,1,0,1,1,2,0.6,0.666667,0,0,0.000026,0.000056,12,162,0,0
4554,1,4169,2,2,4,2,2,4,1,1,1,6.97619,0.000753,0.000062,0.000111,12,162,0.083333,0.001707
149,1,5395,0,8,8,0,8,8,9,0.268546,0.295971,0,0,0.007092,0.000056,4,175,0,0
5247,1,871,3,0,3,3,0,3,0,0,0,0,0.000541,0,0.000119,4,175,0,0.013967
6225,1,5394,2,8,10,2,8,10,8,0.263527,0.278836,1124.795741,0.000244,0.002916,0.000077,4,133,0.011111,0.001514
4404,1,1334,17,11,28,17,11,28,7,0.261244,0.294985,17616.69852,0.025371,0.00506,0.0002,7,135,0.021164,0.074833
4033,1,2267,5,5,10,5,5,10,7,0.307252,0.354015,2137.193523,0.00965,0.010309,0.000076,3,16,0.033333,0.022124
4409,1,875,4,0,4,4,0,4,0,0,0,0,0.001406,0,0.000099,3,175,0,0.012865
4793,1,111,26,1,27,26,1,27,2,0.555556,0.6,3410.073536,0.050881,0.001072,0.000923,3,12,0.054131,0.325428
6651,1,738,18,2,20,18,2,20,7,0.234043,0.255648,7714.782077,0.013321,0.000636,0.000324,1,13,0.010526,0.125529
1401,1,4436,4,11,15,4,11,15,7,0.314749,0.343798,4676.950712,0.002323,0.012245,0.000088,9,69,0.033333,0.003941
4569,1,3112,7,11,18,7,11,18,7,0.321763,0.362092,1050.61796,0.006083,0.024239,0.000111,9,45,0.075163,0.010988
3850,1,2040,6,7,13,6,7,13,8,0.236638,0.258696,4560.293041,0.001056,0.002707,0.000101,5,102,0.025641,0.00852
1830,1,3794,2,0,2,2,0,2,0,0,0,0,0.000492,0,0.000068,5,69,0,0.002178
2344,1,4183,2,1,3,2,1,3,1,1,1,4,0.00091,0.000132,0.000066,5,152,0,0.001719
495,1,5281,1,3,4,1,3,4,10,0.226093,0.246606,13.462241,0.000417,0.001133,0.000057,1,225,0,0.000851
6948,1,5280,2,1,3,2,1,3,2,0.666667,0.75,4.5,0.00056,0.000035,0.000061,5,68,0,0.001607
1726,1,5279,1,7,8,1,7,8,10,0.240394,0.257868,64.30929,0.000417,0.001218,0.000057,3,229,0.035714,0.000851
4814,1,5277,1,0,1,1,0,1,0,0,0,0,0.000417,0,0.000057,5,69,0,0.000851
2721,1,3330,2,7,9,2,7,9,10,0.259367,0.286038,1832.14192,0.015356,0.006366,0.000061,5,13,0.027778,0.020206
3182,1,4185,2,4,6,2,4,6,7,0.254717,0.309289,69.102001,0.000582,0.000698,0.000095,1,37,0.033333,0.002037
2265,1,3810,4,5,9,4,5,9,12,0.22572,0.247892,1590.510281,0.000834,0.002652,0.00007,9,63,0,0.004134
6549,1,1253,4,0,4,4,0,4,0,0,0,0,0.001387,0,0.000341,5,45,0.083333,0.008105
2564,1,3790,6,0,6,6,0,6,0,0,0,0,0.009022,0,0.000072,5,60,0,0.009651
5571,1,386,17,5,22,17,5,22,6,0.344051,0.400779,6931.077174,0.015813,0.007369,0.000247,1,215,0.125541,0.116668
5264,1,2238,2,1,3,2,1,3,1,1,1,1634,0.00057,0,0.000066,5,69,0,0.004836
656,1,5276,1,5,6,1,5,6,8,0.252176,0.268203,149.93733,0.000417,0.000939,0.000057,10,69,0,0.000851
5937,1,2160,10,2,12,10,2,12,2,0.75,0.833333,731.792424,0.008487,0.000141,0.000126,7,75,0.007576,0.033234
3197,1,3045,2,0,2,2,0,2,0,0,0,0,0.00641,0,0.00006,5,69,0,0.011774
5174,1,1130,7,2,9,7,2,9,4,0.444444,0.552083,675.070326,0.004097,0.000398,0.000203,5,57,0.013889,0.023088
6756,1,251,28,0,28,28,0,28,0,0,0,0,0.016623,0,0.001424,9,157,0.088624,0.12364
2840,1,2187,8,17,25,8,17,25,10,0.249777,0.279283,24665.12151,0.005743,0.00924,0.000093,1,183,0.025,0.023857
5619,1,524,10,0,10,10,0,10,0,0,0,0,0.014305,0,0.000286,1,201,0.033333,0.115753
1753,1,4068,3,10,13,3,10,13,10,0.264977,0.302352,770.802314,0.004102,0.019641,0.00006,9,151,0.051282,0.004401
4373,1,5275,1,0,1,1,0,1,0,0,0,0,0.000417,0,0.000057,5,69,0,0.000851
5894,1,474,5,0,5,5,0,5,0,0,0,0,0.000725,0,0.000121,9,178,0,0.006891
1543,1,5274,1,3,4,1,3,4,8,0.279697,0.299854,158.123212,0.000417,0.004517,0.000057,5,69,0,0.000851
3377,1,2814,10,12,22,10,12,22,8,0.215652,0.241325,4508.819263,0.002683,0.005417,0.000117,9,43,0.021645,0.010586
2410,1,3405,3,6,9,3,6,9,8,0.277187,0.295311,2541.560015,0.001693,0.004601,0.000064,4,69,0.027778,0.005395
945,1,3949,2,12,14,2,12,14,7,0.28123,0.304305,374.071717,0.000804,0.01093,0.00006,9,160,0.098901,0.001707
3827,1,2893,5,3,8,5,3,8,9,0.232941,0.260665,423.411776,0.004827,0.001399,0.000069,14,37,0.089286,0.01148
1039,1,6,12,1,13,12,1,13,2,0.666667,0.75,512.484169,0.005353,0.000148,0.000312,1,166,0.044872,0.047228
2016,1,3534,4,12,16,4,12,16,9,0.255277,0.277989,2889.378535,0.003006,0.007547,0.000065,10,14,0.095833,0.006512
5848,1,86,31,4,35,31,4,35,3,0.481481,0.589744,5279.643232,0.027799,0.001104,0.000456,4,69,0.063866,0.13598
1930,1,4138,3,1,4,3,1,4,7,0.305104,0.33919,47.973555,0.006654,0.012207,0.000058,5,69,0.083333,0.003805
926,1,5398,0,7,7,0,7,7,10,0.220624,0.243418,0,0,0.001741,0.000056,10,143,0.047619,0
4457,1,5397,1,4,5,1,4,5,8,0.216537,0.238979,34.349149,0.000059,0.000758,0.000062,9,143,0.05,0.000757
4957,1,726,2,0,2,2,0,2,0,0,0,0,0.00482,0,0.000092,9,143,0,0.076447
6075,1,334,26,8,34,26,8,34,5,0.37931,0.486742,12967.2796,0.014202,0.005333,0.000758,10,87,0.041889,0.10416
2197,1,5396,2,4,6,2,4,6,10,0.219243,0.238885,259.204023,0.000156,0.001107,0.000078,10,143,0.033333,0.001514
4894,1,2511,3,6,9,3,6,9,5,0.364341,0.440426,281.139492,0.000706,0.003194,0.000104,10,16,0.097222,0.007275
739,1,1850,19,18,37,19,18,37,10,0.227136,0.266094,11622.94154,0.020561,0.017828,0.000155,10,193,0.096847,0.047067
928,1,5399,0,4,4,0,4,4,8,0.259729,0.27936,0,0,0.002199,0.000056,3,80,0,0
1163,1,4191,3,9,12,3,9,12,8,0.243093,0.258845,414.585902,0.001324,0.001025,0.000072,14,80,0.015152,0.002651
4417,1,3605,3,5,8,3,5,8,9,0.241527,0.284515,169.832539,0.002097,0.009742,0.000082,3,80,0.071429,0.004049
153,1,5414,0,19,19,0,19,19,8,0.292094,0.319631,0,0,0.027601,0.000056,11,240,0.046784,0
2989,1,3175,5,6,11,5,6,11,8,0.216902,0.234218,160.28258,0.001401,0.002338,0.000085,11,240,0.154545,0.00613
7112,1,184,31,0,31,31,0,31,0,0,0,0,0.014684,0,0.002006,7,108,0.021505,0.115628
4363,1,694,6,1,7,6,1,7,7,0.238994,0.283271,2081.187485,0.001495,0.000144,0.000365,11,240,0.238095,0.0226
6245,1,3718,3,0,3,3,0,3,0,0,0,0,0.000942,0,0.000138,11,83,0,0.002529
498,1,5413,1,17,18,1,17,18,8,0.265427,0.289508,177.057322,0.000939,0.020799,0.000058,9,182,0.04902,0.000757
5046,1,714,31,9,40,31,9,40,7,0.286436,0.321092,29767.26622,0.042863,0.005883,0.000523,11,240,0.044231,0.193317
6244,1,521,33,8,41,33,8,41,3,0.705882,0.819444,11976.86253,0.009599,0.001789,0.001047,3,28,0.00061,0.096018
6917,1,30,54,0,54,54,0,54,0,0,0,0,0.036738,0,0.003283,1,107,0.04717,0.33503
154,1,5416,0,9,9,0,9,9,8,0.297653,0.329271,0,0,0.027857,0.000056,3,213,0.083333,0
668,1,5415,3,15,18,3,15,18,7,0.298641,0.322752,3318.309075,0.001525,0.015327,0.000067,7,94,0.039216,0.002271
156,1,5417,0,1,1,0,1,1,3,0.5,0.611111,0,0,0.000268,0.000056,14,217,0,0
6346,1,218,5,1,6,5,1,6,2,0.666667,0.75,1148.399535,0.00789,0.000289,0.000259,14,217,0,0.064644
157,1,5436,0,4,4,0,4,4,10,0.260469,0.286058,0,0,0.013041,0.000056,7,118,0.25,0
5293,1,1328,27,10,37,27,10,37,5,0.431373,0.536742,8150.25932,0.012936,0.004109,0.000556,7,118,0.054054,0.082929
178,1,5435,1,78,79,1,78,79,9,0.314423,0.355044,2280.278681,0.000444,0.047335,0.000067,7,118,0.015579,0.000757
1167,1,5440,0,3,3,0,3,3,10,0.191268,0.235063,0,0,0.007389,0.000056,2,102,0,0
204,1,5439,1,4,5,1,4,5,9,0.188832,0.20673,364.5,0.000251,0.00003,0.000071,2,102,0,0.000757
6370,1,5437,1,0,1,1,0,1,0,0,0,0,0.000251,0,0.000071,2,102,0,0.000757
160,1,5443,0,16,16,0,16,16,8,0.295366,0.320344,0,0,0.010854,0.000056,1,205,0.016667,0
2866,1,5442,1,1,2,1,1,2,9,0.195699,0.205422,2.166667,0.000369,0.00011,0.000059,1,205,0,0.000757
6828,1,2001,2,1,3,2,1,3,1,1,1,56.233488,0.0007,0.000051,0.000109,9,236,0,0.004401
2160,1,5441,1,1,2,1,1,2,8,0.207378,0.222736,1.684378,0.000369,0.000863,0.000059,7,205,0,0.000757
6530,1,929,24,4,28,24,4,28,4,0.5,0.657407,5531.789817,0.005962,0.000716,0.000484,1,37,0.030423,0.034705
6688,1,402,6,0,6,6,0,6,0,0,0,0,0.000597,0,0.000207,1,115,0,0.008685
6300,1,1530,6,0,6,6,0,6,0,0,0,0,0.021507,0,0.000181,3,205,0.166667,0.0641
161,1,5446,0,17,17,0,17,17,8,0.244621,0.26589,0,0,0.006533,0.000056,1,108,0.040441,0
1227,1,4262,3,15,18,3,15,18,8,0.254392,0.274146,3166.439289,0.000665,0.012,0.00007,1,162,0.013072,0.002483
872,1,5445,1,6,7,1,6,7,8,0.272076,0.290122,1150.943053,0.000222,0.003567,0.000058,9,226,0.047619,0.000757
5322,1,2421,10,4,14,10,4,14,1,1,1,1061.591764,0.004246,0.001172,0.000149,10,132,0.038462,0.014227
2543,1,5054,3,9,12,3,9,12,10,0.238101,0.263811,746.22069,0.000503,0.006407,0.000067,1,95,0.015152,0.002663
1388,1,5137,3,9,12,3,9,12,8,0.242588,0.258093,3088.321352,0.000555,0.003169,0.000076,4,111,0.030303,0.00237
4544,1,2640,4,2,6,4,2,6,8,0.20305,0.221462,278.639909,0.000694,0.000766,0.000082,1,56,0.133333,0.004392
5390,1,2141,20,7,27,20,7,27,7,0.253266,0.286253,5796.29291,0.016504,0.001248,0.000261,1,108,0.034188,0.042759
2181,1,4635,4,10,14,4,10,14,10,0.25159,0.271543,1574.814568,0.001782,0.003532,0.00007,1,108,0.038462,0.003657
6868,1,4547,3,5,8,3,5,8,9,0.230585,0.245729,161.483584,0.001142,0.004328,0.000065,1,196,0.035714,0.002773
2033,1,4639,2,7,9,2,7,9,11,0.230956,0.266984,352.401761,0.000538,0.015172,0.00006,1,108,0.125,0.001626
3189,1,3215,3,7,10,3,7,10,6,0.306366,0.354906,749.664037,0.015202,0.010157,0.000079,10,132,0.111111,0.020982
162,1,5449,0,2,2,0,2,2,9,0.191068,0.198379,0,0,0.000048,0.000056,1,62,0,0
5764,1,549,6,1,7,6,1,7,3,0.5,0.566667,93.945563,0.001413,0.000551,0.000155,1,62,0.047619,0.024549
511,1,5448,1,6,7,1,6,7,8,0.235866,0.249594,3219,0.000002,0.001559,0.000079,9,62,0,0.000757
163,1,5452,0,5,5,0,5,5,11,0.214846,0.230625,0,0,0.000597,0.000056,9,146,0,0
1765,1,5102,2,8,10,2,8,10,10,0.259653,0.279593,1801.019116,0.000244,0.010628,0.00007,1,146,0.122222,0.00173
3694,1,5451,1,2,3,1,2,3,7,0.306238,0.341082,450.623858,0.00002,0.012352,0.000065,9,146,0,0.000757
4522,1,5450,1,1,2,1,1,2,8,0.170984,0.210678,5.616667,0.00002,0.000027,0.000065,9,146,0,0.000757
5352,1,715,9,4,13,9,4,13,4,0.466667,0.577381,923.049763,0.005297,0.003368,0.0003,9,61,0.038462,0.034624
164,1,5453,0,3,3,0,3,3,9,0.277633,0.30195,0,0,0.005885,0.000056,5,66,0,0
6281,1,1738,9,1,10,9,1,10,5,0.364865,0.411728,148.750253,0.032879,0.00262,0.000127,5,66,0.077778,0.075912
2605,1,3147,9,19,28,9,19,28,8,0.290847,0.326167,13462.47,0.005909,0.02599,0.000127,7,133,0.035714,0.012528
3389,1,4798,1,1,2,1,1,2,7,0.305104,0.33919,73.852763,0.0001,0.012207,0.00006,9,229,0,0.000851
6334,1,2326,5,0,5,5,0,5,0,0,0,0,0.001179,0,0.000114,1,110,0,0.009114
5331,1,1751,9,6,15,9,6,15,9,0.290823,0.328825,4235.720712,0.022882,0.014631,0.000121,7,133,0.061905,0.030815
4436,1,4797,1,5,6,1,5,6,10,0.246128,0.268666,53.897482,0.0001,0.005977,0.00006,1,229,0.033333,0.000851
6441,1,1935,2,2,4,2,2,4,1,1,1,1837.148114,0.005744,0.000572,0.00007,3,229,0,0.030883
5278,1,2005,4,0,4,4,0,4,0,0,0,0,0.012762,0,0.000075,4,97,0.166667,0.037855
4386,1,1652,7,3,10,7,3,10,9,0.192384,0.218679,55.094094,0.006832,0.001225,0.000085,4,116,0.177778,0.011851
5727,1,308,13,3,16,13,3,16,3,0.424242,0.511905,2340.907457,0.014292,0.001687,0.000191,4,88,0.2375,0.044577
1436,1,2479,7,9,16,7,9,16,9,0.285353,0.326378,13038.15413,0.018497,0.019062,0.000086,4,169,0.033333,0.039165
6757,1,536,5,0,5,5,0,5,0,0,0,0,0.005232,0,0.000211,10,56,0,0.019772
6209,1,2476,6,5,11,6,5,11,10,0.202846,0.230793,2799.837735,0.012582,0.003954,0.000073,4,88,0.072727,0.025277
3509,1,2607,3,4,7,3,4,7,12,0.199807,0.238002,545.907251,0.005023,0.001662,0.000089,4,186,0.119048,0.003152
1306,1,5037,2,5,7,2,5,7,11,0.214902,0.235031,77.674333,0.005215,0.002353,0.000059,12,174,0.047619,0.001795
2161,1,2954,8,20,28,8,20,28,9,0.277608,0.309685,7199.714982,0.009172,0.008857,0.000078,1,183,0.060847,0.01153
3968,1,2177,7,2,9,7,2,9,7,0.262712,0.312174,475.321981,0.006688,0.002748,0.000163,4,69,0.166667,0.014471
863,1,324,20,5,25,20,5,25,7,0.286307,0.324836,30001.31842,0.02824,0.004835,0.000292,4,202,0.05,0.175438
2800,1,2841,5,4,9,5,4,9,10,0.239716,0.260174,3978.165718,0.009806,0.003576,0.000073,9,220,0,0.015676
2177,1,3327,3,7,10,3,7,10,9,0.284496,0.320979,1221.801443,0.021486,0.017081,0.00006,7,227,0.088889,0.021244
1322,1,5036,1,11,12,1,11,12,7,0.299783,0.326674,171.152967,0.004937,0.011839,0.000056,4,179,0.045455,0.001038
5761,1,1157,17,3,20,17,3,20,3,0.48,0.569444,3183.011463,0.024841,0.001168,0.000326,4,20,0.110526,0.067981
1145,1,5035,1,4,5,1,4,5,8,0.281867,0.301206,34.758429,0.004937,0.003169,0.000056,4,232,0.1,0.001038
4425,1,2565,9,1,10,9,1,10,9,0.191266,0.207723,491.90647,0.007368,0.000584,0.000167,4,232,0.066667,0.012811
6689,1,152,18,0,18,18,0,18,0,0,0,0,0.017215,0,0.00043,4,143,0.088235,0.082158
4640,1,1123,8,1,9,8,1,9,1,1,1,545.660811,0.014652,0.000358,0.000134,5,9,0.013889,0.025133
6693,1,3548,3,2,5,3,2,5,2,0.666667,0.75,107.209199,0.005093,0.000074,0.00008,4,112,0.1,0.003522
3093,1,2364,3,0,3,3,0,3,0,0,0,0,0.010796,0,0.00007,4,97,0.166667,0.023894
6700,1,1214,18,6,24,18,6,24,8,0.235817,0.269634,6296.180378,0.017166,0.003155,0.00037,4,116,0.117754,0.06292
4434,1,1642,6,4,10,6,4,10,12,0.158357,0.183896,1594.506084,0.006527,0.00184,0.000148,4,186,0.188889,0.008917
5778,1,1897,3,2,5,3,2,5,7,0.25669,0.284593,681.911724,0.005088,0.0011,0.000082,14,207,0,0.00601
5318,1,2545,4,2,6,4,2,6,7,0.239437,0.261855,53.303554,0.008203,0.001977,0.000071,4,104,0.233333,0.017048
3551,1,1742,15,9,24,15,9,24,6,0.334446,0.370898,11703.44522,0.041197,0.019157,0.000156,9,18,0.023551,0.093666
1582,1,3594,2,7,9,2,7,9,7,0.313237,0.343597,19202.8305,0.005004,0.011639,0.00008,4,147,0.027778,0.00245
2213,1,3018,20,34,54,20,34,54,8,0.261081,0.286817,23335.99835,0.012647,0.018176,0.000201,4,170,0.035639,0.024938
2675,1,4287,2,5,7,2,5,7,12,0.229574,0.259795,46.465467,0.00526,0.00224,0.000062,6,59,0.047619,0.00197
1364,1,1690,13,6,19,13,6,19,11,0.241514,0.277008,12008.73646,0.018584,0.004576,0.000125,4,153,0.081871,0.057561
3568,1,392,6,0,6,6,0,6,0,0,0,0,0.007901,0,0.000141,4,94,0.166667,0.025276
3121,1,2557,4,2,6,4,2,6,12,0.158439,0.183026,0.976822,0.008435,0.000893,0.000067,4,186,0.333333,0.016209
3123,1,1359,11,5,16,11,5,16,8,0.248921,0.279924,5508.696983,0.008918,0.00363,0.000203,4,88,0.1,0.037321
6740,1,540,17,1,18,17,1,18,1,1,1,2705.615407,0.020758,0.000027,0.000536,1,140,0.01634,0.077516
3575,1,2490,4,1,5,4,1,5,12,0.180155,0.219234,1579.334513,0.005593,0.000371,0.000129,4,112,0.1,0.009557
6723,1,1147,19,1,20,19,1,20,1,1,1,302.211834,0.01266,0.000478,0.00034,4,112,0.168421,0.063855
4477,1,1676,5,7,12,5,7,12,8,0.246862,0.283162,4348.498191,0.0089,0.002542,0.000086,4,117,0.106061,0.024097
6745,1,5034,1,7,8,1,7,8,9,0.240048,0.261812,6.63197,0.004937,0.00459,0.000056,4,234,0.160714,0.001038
4321,1,2337,3,1,4,3,1,4,8,0.231716,0.255724,229.599397,0.010799,0.001313,0.000068,4,192,0.083333,0.025236
6766,1,5032,1,0,1,1,0,1,0,0,0,0,0.004937,0,0.000056,4,113,0,0.001038
935,1,4996,2,8,10,2,8,10,9,0.243928,0.265808,125.335855,0.005071,0.003874,0.000062,4,117,0.111111,0.001906
5979,1,134,63,6,69,63,6,69,6,0.335294,0.421053,15196.38982,0.064105,0.006722,0.00138,4,170,0.041986,0.309271
3137,1,5031,1,1,2,1,1,2,4,0.391304,0.453704,0,0.004937,0.000202,0.000056,4,234,0.5,0.001038
6665,1,122,19,1,20,19,1,20,3,0.416667,0.466667,3590.609123,0.032438,0.000772,0.001611,4,104,0.078947,0.163835
6811,1,82,11,1,12,11,1,12,1,1,1,44.775744,0.009751,0.000361,0.000258,4,204,0.181818,0.030967
5845,1,465,4,0,4,4,0,4,0,0,0,0,0.006318,0,0.000115,4,126,0.083333,0.008627
3600,1,2852,3,1,4,3,1,4,8,0.231716,0.255724,55.596018,0.006045,0.001313,0.000064,4,59,0.083333,0.005924
4062,1,5030,1,1,2,1,1,2,9,0.185976,0.209374,4,0.004937,0.000009,0.000056,5,236,0,0.001038
2262,1,3017,31,70,101,31,70,101,8,0.288979,0.324113,59575.13159,0.018669,0.038153,0.000364,4,232,0.025743,0.038816
3165,1,2587,8,6,14,8,6,14,9,0.241654,0.263657,4498.601545,0.014589,0.006,0.000079,4,38,0.06044,0.016925
4508,1,1073,7,2,9,7,2,9,1,1,1,2166.506469,0.011922,0.001665,0.000158,4,18,0.027778,0.044127
3170,1,5029,1,3,4,1,3,4,6,0.309237,0.34899,11.595721,0.004937,0.007643,0.000056,4,231,0,0.001038
2270,1,3551,11,12,23,11,12,23,9,0.233548,0.253782,6759.486537,0.007905,0.005811,0.000119,9,129,0.007905,0.011557
4385,1,3133,2,0,2,2,0,2,0,0,0,0,0.006027,0,0.000059,4,149,0,0.005594
6318,1,1362,5,1,6,5,1,6,5,0.364865,0.411728,44.737088,0.012198,0.00262,0.000094,7,73,0.033333,0.025086
5078,1,4584,2,1,3,2,1,3,9,0.167539,0.17775,21.416667,0.006024,0.000001,0.000057,10,210,0,0.002789
6786,1,1548,3,0,3,3,0,3,0,0,0,0,0.011699,0,0.000082,5,1,0,0.044471
3516,1,2660,2,3,5,2,3,5,7,0.246701,0.265533,252.661063,0.006806,0.002041,0.00006,4,94,0.15,0.008759
4521,1,2561,3,0,3,3,0,3,0,0,0,0,0.020938,0,0.000065,4,8,0,0.026757
3185,1,3094,5,3,8,5,3,8,7,0.265823,0.323091,774.789586,0.013018,0.002751,0.000062,4,233,0.053571,0.010066
1734,1,4501,3,1,4,3,1,4,9,0.195652,0.232427,70.040997,0.00619,0.000035,0.000061,4,239,0.083333,0.003774
4764,1,2546,6,4,10,6,4,10,8,0.2391,0.270609,610.422327,0.008815,0.003987,0.000103,4,120,0.133333,0.016642
3633,1,2551,16,16,32,16,16,32,9,0.235004,0.267976,6318.512208,0.017999,0.010984,0.000153,4,192,0.081653,0.040534
3545,1,3637,3,1,4,3,1,4,1,1,1,57,0.005739,0.000014,0.00006,4,239,0.083333,0.004464
569,1,5028,1,12,13,1,12,13,7,0.304809,0.331972,207.374573,0.004937,0.006694,0.000056,4,143,0.032051,0.001038
1431,1,3664,3,7,10,3,7,10,10,0.239842,0.26315,1211.299456,0.006029,0.004365,0.000074,4,120,0.233333,0.003268
6803,1,136,12,0,12,12,0,12,0,0,0,0,0.0165,0,0.000302,4,116,0.128788,0.09398
2615,1,2608,2,3,5,2,3,5,11,0.219661,0.237855,801.688176,0.006806,0.001941,0.00006,4,115,0.25,0.008759
2762,1,2781,6,6,12,6,6,12,9,0.294694,0.33933,4622.522226,0.024205,0.027227,0.000069,9,143,0.136364,0.034242
5986,1,5009,2,15,17,2,15,17,8,0.26541,0.289664,4906.606558,0.004954,0.009859,0.000071,4,234,0.0625,0.001999
582,1,4945,3,42,45,3,42,45,8,0.280192,0.306087,680.75562,0.005596,0.016666,0.000062,4,88,0.074242,0.003073
2300,1,3358,5,9,14,5,9,14,10,0.230769,0.252288,1018.170025,0.007263,0.004026,0.000065,4,20,0.142857,0.007172
3653,1,2346,17,13,30,17,13,30,9,0.291107,0.335328,11441.6602,0.030103,0.020939,0.000179,5,179,0.024138,0.048003
1262,1,5027,1,4,5,1,4,5,10,0.231207,0.252701,0.325922,0.004937,0.003137,0.000056,4,192,0.3,0.001038
4109,1,2600,12,8,20,12,8,20,11,0.203459,0.231706,614.363167,0.010443,0.003246,0.000113,4,20,0.152632,0.021988
1871,1,3660,3,15,18,3,15,18,9,0.250021,0.272139,1477.997213,0.005825,0.007183,0.000063,4,116,0.160131,0.00325
4113,1,1146,16,2,18,16,2,18,2,0.75,0.833333,635.705395,0.016255,0.000599,0.000233,4,126,0.078431,0.060969
3663,1,2549,11,6,17,11,6,17,12,0.196175,0.254268,2874.484226,0.015881,0.004436,0.000114,4,20,0.154412,0.039288
1811,1,4309,2,5,7,2,5,7,8,0.280463,0.30437,537.669368,0.009628,0.006268,0.000056,4,71,0.047619,0.003136
723,1,5026,2,2,4,2,2,4,9,0.199513,0.245853,7.3,0.00499,0.00008,0.000061,4,178,0.083333,0.001889
4509,1,2649,7,0,7,7,0,7,0,0,0,0,0.011562,0,0.000101,4,32,0.02381,0.018499
4279,1,3325,2,1,3,2,1,3,10,0.162494,0.179981,18.330281,0.005035,0.000422,0.000073,9,42,0,0.003082
4125,1,1625,4,1,5,4,1,5,12,0.180155,0.219234,451.203826,0.008274,0.000371,0.000079,4,50,0.3,0.013195
5440,1,1155,8,4,12,8,4,12,5,0.3,0.360784,3290.006436,0.008727,0.00182,0.000176,4,173,0.136364,0.03354
5441,1,1538,2,1,3,2,1,3,3,0.5,0.611111,536.989563,0.006055,0.000166,0.000072,12,143,0,0.014439
5002,1,1493,21,4,25,21,4,25,8,0.23461,0.265133,2179.480473,0.017399,0.00221,0.000206,4,84,0.126667,0.067456
5916,1,5025,1,1,2,1,1,2,11,0.180528,0.193653,1.533333,0.004937,0.00007,0.000056,4,112,0,0.001038
4130,1,1624,11,3,14,11,3,14,7,0.236364,0.259619,1807.269744,0.008821,0.001577,0.000145,4,232,0.192308,0.025865
2085,1,3365,7,30,37,7,30,37,9,0.280768,0.317104,14155.3822,0.006946,0.022372,0.000099,4,88,0.075075,0.008272
6761,1,1573,3,1,4,3,1,4,5,0.269231,0.333333,68.997113,0.007079,0.000717,0.000077,4,228,0.083333,0.01826
5921,1,3705,6,1,7,6,1,7,10,0.162988,0.174097,192.072898,0.019791,0.00058,0.000064,9,62,0.02381,0.013724
1053,1,5024,1,8,9,1,8,9,10,0.209483,0.227488,2,0.004937,0.002397,0.000056,4,115,0.208333,0.001038
6845,1,1375,5,0,5,5,0,5,0,0,0,0,0.006256,0,0.000314,4,201,0.15,0.011795
176,1,5018,1,22,23,1,22,23,9,0.268508,0.293294,441.697255,0.004937,0.012119,0.000056,4,99,0.039526,0.001038
1470,1,5011,1,4,5,1,4,5,10,0.267355,0.29759,35.435251,0.004937,0.004876,0.000056,4,112,0.05,0.001038
1900,1,4973,2,10,12,2,10,12,9,0.229468,0.248528,4370.870864,0.005014,0.004835,0.000067,4,112,0.113636,0.001999
5537,1,2592,5,6,11,5,6,11,12,0.188796,0.242869,846.496086,0.007182,0.004259,0.000091,4,20,0.118182,0.01299
1603,1,4920,2,16,18,2,16,18,10,0.233025,0.266446,284.943589,0.005563,0.018632,0.000057,4,88,0.173203,0.002118
6382,1,153,9,0,9,9,0,9,0,0,0,0,0.018057,0,0.000203,4,46,0.222222,0.074509
1475,1,4500,2,14,16,2,14,16,7,0.310817,0.338368,4934.529975,0.006059,0.01587,0.000057,4,246,0.05,0.002801
6862,1,2029,4,0,4,4,0,4,0,0,0,0,0.008063,0,0.000076,4,228,0,0.014144
4134,1,5003,1,1,2,1,1,2,6,0.259475,0.298876,3.424256,0.004937,0.000455,0.000056,4,213,0,0.001038
2806,1,2591,5,7,12,5,7,12,10,0.212882,0.228127,3224.21266,0.00912,0.003682,0.000074,4,232,0.204545,0.017767
3758,1,1632,12,8,20,12,8,20,10,0.226694,0.251851,3790.544403,0.009854,0.00291,0.000166,4,50,0.144737,0.026591
7000,1,79,21,0,21,21,0,21,0,0,0,0,0.0106,0,0.001085,4,186,0.183333,0.071528
1668,1,5000,1,4,5,1,4,5,8,0.282112,0.303023,33.709132,0.004937,0.004012,0.000056,4,233,0.15,0.001038
5946,1,1145,17,1,18,17,1,18,1,1,1,140.655287,0.011384,0.000183,0.000389,4,116,0.133987,0.050464
190,1,4999,1,11,12,1,11,12,9,0.239678,0.258355,69.681277,0.004937,0.004977,0.000056,4,34,0.090909,0.001038
921,1,4997,1,8,9,1,8,9,8,0.280088,0.301186,60.153781,0.004937,0.003941,0.000056,4,117,0.097222,0.001038
4154,1,2341,3,1,4,3,1,4,9,0.223144,0.23628,2090.781036,0.010415,0.000257,0.000065,4,234,0.166667,0.021341
5951,1,4995,1,1,2,1,1,2,7,0.22093,0.246961,4.511468,0.004937,0.000041,0.000056,4,109,0,0.001038
2357,1,2992,2,6,8,2,6,8,8,0.258547,0.279284,5091.765778,0.005555,0.003599,0.000061,4,239,0.035714,0.004204
2508,1,3734,4,6,10,4,6,10,6,0.309211,0.356312,306.795851,0.008163,0.008495,0.000066,5,137,0.022222,0.006909
1495,1,3367,4,9,13,4,9,13,10,0.248066,0.283388,14685.3322,0.023888,0.017024,0.000063,4,218,0.070513,0.025402
2079,1,3395,9,17,26,9,17,26,8,0.318655,0.35063,37108.73989,0.019609,0.031365,0.000084,4,133,0.055385,0.020404
4756,1,1490,12,3,15,12,3,15,4,0.338235,0.416667,2689.223403,0.014282,0.00123,0.00014,4,112,0.104762,0.055807
6916,1,2577,9,6,15,9,6,15,9,0.220301,0.25259,266.876764,0.008023,0.003102,0.000082,4,115,0.17619,0.014006
2367,1,4994,1,8,9,1,8,9,8,0.287823,0.315707,121.716186,0.004937,0.00931,0.000056,4,94,0.069444,0.001038
3313,1,2560,4,4,8,4,4,8,10,0.195771,0.218981,77.332646,0.007463,0.003094,0.000073,4,20,0.196429,0.00994
3326,1,2488,4,1,5,4,1,5,7,0.305104,0.33919,1288.596512,0.007674,0.012207,0.000081,4,111,0.2,0.010084
210,1,4993,1,7,8,1,7,8,8,0.311977,0.340874,453.037591,0.004937,0.007793,0.000056,4,117,0.071429,0.001038
4615,1,1692,3,2,5,3,2,5,7,0.306099,0.340992,3097.118824,0.021704,0.012456,0.000073,4,143,0.05,0.033895
6415,1,3085,4,4,8,4,4,8,8,0.301162,0.336455,1103.148038,0.014643,0.014236,0.000068,4,173,0.125,0.014342
6796,1,1072,12,0,12,12,0,12,0,0,0,0,0.032541,0,0.000418,4,18,0.037879,0.048458
4176,1,1634,9,5,14,9,5,14,8,0.230228,0.260845,1029.294607,0.009406,0.003018,0.000115,4,20,0.17033,0.029048
1349,1,1691,7,6,13,7,6,13,11,0.209335,0.246382,2953.334468,0.01106,0.003461,0.000089,4,84,0.25,0.028101
664,1,3671,2,15,17,2,15,17,7,0.303371,0.331432,6169.089318,0.006306,0.00942,0.000057,4,20,0.154412,0.002711
6420,1,467,8,0,8,8,0,8,0,0,0,0,0.005901,0,0.000197,9,182,0.160714,0.023617
5064,1,1376,10,1,11,10,1,11,1,1,1,1300.327976,0.017999,0.000213,0.000197,4,201,0.118182,0.043599
5859,1,810,9,2,11,9,2,11,2,0.6,0.666667,4394.572272,0.011955,0.000212,0.000233,4,182,0.018182,0.044935
2932,1,2183,5,6,11,5,6,11,8,0.253968,0.325085,944.01383,0.005825,0.003719,0.000081,4,69,0.1,0.005419
5977,1,307,10,0,10,10,0,10,0,0,0,0,0.029981,0,0.000279,4,66,0.077778,0.173122
5500,1,149,11,3,14,11,3,14,3,0.52381,0.606061,7692.767943,0.011744,0.001198,0.000278,4,147,0.093407,0.06334
650,1,4936,7,31,38,7,31,38,8,0.27692,0.30018,11167.74908,0.006679,0.010782,0.000074,4,192,0.105974,0.007172
5586,1,350,14,0,14,14,0,14,0,0,0,0,0.020552,0,0.000285,4,61,0.065934,0.071887
5016,1,2995,2,0,2,2,0,2,0,0,0,0,0.006234,0,0.00006,4,232,0.5,0.005535
3743,1,1653,18,22,40,18,22,40,10,0.227462,0.259688,25898.06621,0.012956,0.007462,0.000213,4,112,0.103205,0.050942
2387,1,3258,9,16,25,9,16,25,10,0.250421,0.278282,22782.07908,0.024355,0.007849,0.000079,4,50,0.105,0.029019
1178,1,4992,1,9,10,1,9,10,9,0.255231,0.288344,143.656912,0.004937,0.016654,0.000056,9,2,0.022222,0.001038
4193,1,1636,5,3,8,5,3,8,8,0.23397,0.262217,1640.135305,0.005319,0.001909,0.000109,4,234,0.089286,0.007737
3164,1,2706,3,1,4,3,1,4,9,0.212402,0.231577,53.578514,0.00708,0.001547,0.000062,3,118,0.083333,0.004806
6913,1,612,3,0,3,3,0,3,0,0,0,0,0.005259,0,0.000128,9,153,0,0.01521
68,1,1640,4,0,4,4,0,4,0,0,0,0,0.006154,0,0.000085,4,71,0.25,0.007618
1534,1,4991,2,12,14,2,12,14,11,0.228711,0.25724,1996.266638,0.005061,0.003857,0.000058,4,239,0.126374,0.001995
2852,1,3673,5,5,10,5,5,10,11,0.195678,0.219543,462.960679,0.00523,0.002187,0.000113,4,112,0.122222,0.005034
5521,1,1635,8,3,11,8,3,11,3,0.571429,0.666667,85.727164,0.005929,0.000763,0.000168,4,234,0.072727,0.008973
5525,1,4989,1,3,4,1,3,4,10,0.26625,0.29571,29.761028,0.004937,0.003954,0.000056,4,219,0.083333,0.001038
2857,1,2552,10,10,20,10,10,20,10,0.207586,0.238657,2158.844466,0.010197,0.006181,0.000097,4,120,0.107895,0.018361
2858,1,2495,20,16,36,20,16,36,9,0.282949,0.319613,24884.02004,0.010787,0.011076,0.000353,4,111,0.012698,0.026149
5999,1,3082,5,1,6,5,1,6,1,1,1,169.205205,0.01286,0.000011,0.000093,4,63,0,0.016123
5654,1,351,9,0,9,9,0,9,0,0,0,0,0.009933,0,0.000204,4,103,0.083333,0.05016
1099,1,4923,2,3,5,2,3,5,11,0.213152,0.230346,48.994842,0.005563,0.000876,0.000057,4,227,0.1,0.002118
4448,1,2655,7,6,13,7,6,13,8,0.229489,0.25967,1773.118488,0.013783,0.00207,0.000087,4,59,0.064103,0.025038
1696,1,4988,1,4,5,1,4,5,10,0.232632,0.255805,2.282595,0.004937,0.002975,0.000056,4,116,0.15,0.001038
4380,1,165,11,1,12,11,1,12,1,1,1,2786.789766,0.033867,0.000213,0.00043,4,115,0.098485,0.108702
1967,1,3659,6,14,20,6,14,20,8,0.28235,0.313211,7410.553242,0.006681,0.011146,0.000091,4,209,0.134211,0.006453
2871,1,3364,6,4,10,6,4,10,9,0.226471,0.242595,490.660226,0.008073,0.000938,0.000072,4,88,0.1,0.009603
6024,1,683,9,0,9,9,0,9,0,0,0,0,0.020658,0,0.000163,4,150,0.097222,0.109233
6463,1,806,12,0,12,12,0,12,0,0,0,0,0.02417,0,0.000372,4,88,0.045455,0.073146
6938,1,2653,5,0,5,5,0,5,0,0,0,0,0.008849,0,0.000071,4,217,0.3,0.015018
5935,1,2563,6,1,7,6,1,7,3,0.466667,0.52381,16.865173,0.008638,0.000687,0.000075,4,35,0.238095,0.015746
1972,1,3638,4,1,5,4,1,5,9,0.224255,0.238396,1005.373981,0.00635,0.000635,0.000064,4,116,0.35,0.005469
1552,1,4717,3,5,8,3,5,8,8,0.286942,0.307219,1365.789098,0.00567,0.005516,0.000084,4,112,0.071429,0.002751
685,1,4952,2,3,5,2,3,5,10,0.229322,0.248861,99.280856,0.005178,0.001463,0.000059,4,94,0.25,0.001906
2883,1,3422,7,6,13,7,6,13,8,0.232606,0.259599,2332.234849,0.02786,0.010671,0.000084,7,68,0.070513,0.031821
3787,1,2166,3,2,5,3,2,5,7,0.307195,0.341937,301.144314,0.008839,0.014388,0.000064,4,170,0.15,0.013338
6383,1,800,5,0,5,5,0,5,0,0,0,0,0.015659,0,0.000098,4,136,0.1,0.083137
5608,1,4985,1,1,2,1,1,2,3,0.5,0.611111,0.783333,0.004937,0.000688,0.000056,4,127,0,0.001038
5541,1,237,14,0,14,14,0,14,0,0,0,0,0.03764,0,0.000572,4,190,0.049451,0.146741
2889,1,2994,4,1,5,4,1,5,7,0.305104,0.33919,394.510302,0.012314,0.012207,0.000071,4,120,0.15,0.017358
4660,1,2531,7,8,15,7,8,15,8,0.24442,0.274079,1398.775533,0.007054,0.002566,0.000104,4,158,0.028571,0.01011
2891,1,3418,3,2,5,3,2,5,11,0.207831,0.234628,180.794203,0.021245,0.003348,0.000061,4,28,0.15,0.022066
1133,1,4940,2,8,10,2,8,10,9,0.231726,0.25515,65.812345,0.005504,0.003627,0.000057,4,232,0.088889,0.002124
4558,1,4984,1,1,2,1,1,2,7,0.222816,0.247295,4.096496,0.004937,0.000132,0.000056,3,126,0,0.001038
3491,1,2821,6,7,13,6,7,13,8,0.224237,0.246014,2684.6616,0.009093,0.004104,0.000096,4,189,0.051282,0.016475
4689,1,1216,8,5,13,8,5,13,9,0.225113,0.256478,10414.56767,0.007585,0.005524,0.000131,4,94,0.160256,0.015795
5567,1,463,9,2,11,9,2,11,4,0.348485,0.402174,2381.478362,0.013239,0.001163,0.000203,4,104,0.072727,0.053393
1991,1,4492,3,5,8,3,5,8,8,0.236715,0.253272,440.558325,0.006428,0.003906,0.00006,4,246,0.125,0.003863
2438,1,3245,2,4,6,2,4,6,10,0.234508,0.256976,1581.665809,0.019876,0.002825,0.00006,5,140,0.066667,0.020393
1992,1,3666,2,1,3,2,1,3,11,0.218504,0.235653,0.688176,0.006306,0.000619,0.000057,4,38,0.333333,0.002711
5570,1,2631,3,0,3,3,0,3,0,0,0,0,0.006814,0,0.000107,4,89,0.166667,0.009516
1146,1,3658,4,9,13,4,9,13,10,0.256204,0.293929,654.290284,0.007976,0.023566,0.00006,4,169,0.134615,0.004997
1147,1,3656,3,10,13,3,10,13,9,0.204813,0.220548,417.550618,0.006547,0.003612,0.00006,4,20,0.134615,0.003579
3357,1,4983,1,2,3,1,2,3,9,0.182846,0.199201,9.109885,0.004937,0.000057,0.000056,3,213,0.166667,0.001038
2446,1,4982,1,4,5,1,4,5,10,0.242463,0.263244,20.680581,0.004937,0.002148,0.000056,4,116,0.3,0.001038
1152,1,4981,1,5,6,1,5,6,8,0.258899,0.276842,107.890603,0.004937,0.001579,0.000056,4,136,0,0.001038
914,1,4980,1,19,20,1,19,20,7,0.304621,0.332163,150.734242,0.004937,0.014421,0.000056,4,116,0.131579,0.001038
299,1,4979,1,3,4,1,3,4,2,0.666667,0.75,2.666667,0.004937,0.000669,0.000056,4,112,0.25,0.001038
3368,1,2993,7,4,11,7,4,11,10,0.212655,0.231786,2238.674769,0.009758,0.00087,0.000081,4,232,0.136364,0.01607
4493,1,1618,17,7,24,17,7,24,8,0.234762,0.269225,3550.09027,0.012303,0.002368,0.000178,4,112,0.125,0.04665
5149,1,822,8,2,10,8,2,10,7,0.260697,0.28811,6177.990981,0.025352,0.002499,0.000137,10,56,0.011111,0.132681
309,1,4978,1,2,3,1,2,3,9,0.203619,0.212992,11.789017,0.004937,0.000387,0.000056,4,175,0.166667,0.001038
1595,1,4975,1,5,6,1,5,6,9,0.225918,0.243671,17.186639,0.004937,0.001983,0.000056,4,231,0.066667,0.001038
5157,1,1645,3,1,4,3,1,4,6,0.259475,0.298876,309.42009,0.00543,0.000455,0.000089,4,233,0,0.006865
6068,1,851,3,1,4,3,1,4,2,0.666667,0.75,42.316185,0.005929,0.001559,0.000093,4,234,0,0.012658
6996,1,1156,5,0,5,5,0,5,0,0,0,0,0.005099,0,0.000276,4,173,0.05,0.010888
1566,1,477,10,0,10,10,0,10,0,0,0,0,0.0184,0,0.000256,4,32,0.055556,0.125389
4265,1,2512,15,4,19,15,4,19,6,0.279188,0.33697,2550.238056,0.026269,0.000324,0.00018,14,16,0.046784,0.047946
5162,1,1357,15,4,19,15,4,19,8,0.259455,0.293694,3132.452219,0.028933,0.00531,0.000234,4,192,0.128655,0.06784
5165,1,1215,10,0,10,10,0,10,0,0,0,0,0.006325,0,0.000168,4,94,0.077778,0.013933
1607,1,4974,2,8,10,2,8,10,10,0.192392,0.208547,2817.666667,0.004943,0.002272,0.000103,4,112,0.133333,0.001795
694,1,4972,1,2,3,1,2,3,9,0.221337,0.236878,0,0.004937,0.001293,0.000056,4,97,0.333333,0.001038
6631,1,150,21,0,21,21,0,21,0,0,0,0,0.016498,0,0.0003,1,132,0.085714,0.116924
6540,1,2045,4,0,4,4,0,4,0,0,0,0,0.007227,0,0.000133,4,46,0.166667,0.010778
335,1,4971,1,8,9,1,8,9,10,0.231465,0.253465,81.702244,0.004937,0.0021,0.000056,4,239,0.041667,0.001038
6474,1,2573,21,22,43,21,22,43,10,0.244022,0.274639,18818.61461,0.013837,0.009978,0.000241,4,232,0.022148,0.032681
1621,1,4179,3,6,9,3,6,9,7,0.29904,0.323999,6589.807546,0.005356,0.004057,0.000066,4,111,0.041667,0.003126
1193,1,4967,1,10,11,1,10,11,8,0.266169,0.292441,272.769085,0.004937,0.016321,0.000056,2,236,0.063636,0.001038
5182,1,1643,9,1,10,9,1,10,2,0.571429,0.625,109.093834,0.006419,0.000313,0.000185,4,112,0.144444,0.014895
2504,1,2924,9,16,25,9,16,25,9,0.258091,0.287926,6072.293329,0.010212,0.005728,0.000083,1,13,0.025,0.011909
5117,1,1648,12,2,14,12,2,14,6,0.301461,0.339868,3077.4469,0.021067,0.007386,0.000156,4,67,0.038462,0.039216
7036,1,142,19,0,19,19,0,19,0,0,0,0,0.015794,0,0.001072,4,175,0.046784,0.073362
1204,1,4505,2,0,2,2,0,2,0,0,0,0,0.006059,0,0.000057,4,97,0,0.002801
5184,1,1356,16,2,18,16,2,18,8,0.236732,0.264279,1191.921358,0.026138,0.003493,0.000197,4,20,0.196078,0.104938
5192,1,1501,13,4,17,13,4,17,8,0.234483,0.263796,2620.547472,0.012514,0.003382,0.000193,4,186,0.0625,0.0455
1639,1,348,12,2,14,12,2,14,2,0.75,0.833333,3154.549908,0.014486,0.00023,0.000259,4,53,0.054945,0.043983
5625,1,4954,1,0,1,1,0,1,0,0,0,0,0.004937,0,0.000056,4,113,0,0.001038
2055,1,4683,3,2,5,3,2,5,1,1,1,38.4,0.005522,0.000213,0.000065,4,201,0.1,0.003098
4307,1,3624,2,2,4,2,2,4,2,0.75,0.833333,19.8,0.00502,0.000122,0.000074,4,63,0.166667,0.002231
1224,1,3609,3,4,7,3,4,7,10,0.237334,0.260732,24.660947,0.006873,0.002484,0.000059,4,186,0.309524,0.003797
3425,1,2475,11,7,18,11,7,18,8,0.220061,0.253355,3997.379442,0.022554,0.001847,0.000113,4,88,0.160131,0.03886
373,1,4953,1,15,16,1,15,16,8,0.23475,0.252781,2.221281,0.004937,0.007095,0.000056,4,20,0.154167,0.001038
6004,1,934,12,1,13,12,1,13,2,0.571429,0.625,762.467654,0.009037,0.000313,0.000334,4,88,0.128205,0.040768
5125,1,2651,3,8,11,3,8,11,10,0.234888,0.257097,3339.151279,0.007032,0.004906,0.000064,4,84,0.118182,0.009953
2528,1,3042,6,4,10,6,4,10,7,0.266251,0.287531,1997.004227,0.013141,0.003218,0.000068,4,88,0.1,0.016542
379,1,4951,1,6,7,1,6,7,9,0.254329,0.281318,26.582741,0.004937,0.005193,0.000056,4,35,0.190476,0.001038
5641,1,163,14,1,15,14,1,15,3,0.4,0.458333,1373.331053,0.011162,0.00047,0.000337,4,112,0.166667,0.090253
3888,1,2602,4,1,5,4,1,5,10,0.188768,0.200211,171.912036,0.008131,0.000286,0.000071,4,88,0.15,0.011279
6148,1,1211,13,1,14,13,1,14,2,0.571429,0.625,129.646658,0.010713,0.000313,0.000232,4,35,0.120879,0.040518
693,1,4931,2,4,6,2,4,6,10,0.248786,0.274328,178.023007,0.005563,0.004075,0.000057,4,111,0.133333,0.002118
786,1,4673,2,0,2,2,0,2,0,0,0,0,0.005316,0,0.000058,10,112,0,0.002024
4064,1,4950,1,5,6,1,5,6,9,0.225261,0.240639,9.525,0.004937,0.001462,0.000056,4,126,0.133333,0.001038
1913,1,1032,5,0,5,5,0,5,0,0,0,0,0.014372,0,0.000103,4,93,0.1,0.047101
539,1,4948,2,5,7,2,5,7,8,0.267804,0.297361,1622.9441,0.004976,0.016753,0.000063,4,134,0.047619,0.001795
5650,1,2179,7,0,7,7,0,7,0,0,0,0,0.00555,0,0.000169,4,136,0.02381,0.009021
5225,1,1619,17,2,19,17,2,19,2,0.75,0.833333,1219.386287,0.028153,0.000082,0.000193,4,202,0.067251,0.067112
6144,1,124,15,2,17,15,2,17,5,0.316667,0.412281,3675.680297,0.032501,0.001453,0.000551,4,136,0.077206,0.110318
1776,1,3635,2,2,4,2,2,4,7,0.206434,0.236673,37.18672,0.005615,0.000165,0.000058,4,204,0.083333,0.003507
3894,1,1591,9,5,14,9,5,14,8,0.314951,0.352772,16422.68945,0.034019,0.016382,0.0002,4,73,0.093407,0.066806
4329,1,2032,13,4,17,13,4,17,10,0.21025,0.24066,3048.440138,0.009742,0.00259,0.000292,4,233,0.029412,0.021642
5234,1,560,29,4,33,29,4,33,8,0.237395,0.267966,19574.46746,0.048912,0.004767,0.000432,4,216,0.061553,0.225006
7108,1,73,14,0,14,14,0,14,0,0,0,0,0.007982,0,0.000793,4,88,0.241758,0.047967
4781,1,2079,4,2,6,4,2,6,7,0.257778,0.306404,122.13441,0.007893,0.002213,0.000087,4,47,0.033333,0.013204
4630,1,4611,3,18,21,3,18,21,8,0.252944,0.272332,432.710172,0.008218,0.007373,0.000059,9,178,0.028571,0.00312
1235,1,3948,2,1,3,2,1,3,7,0.305104,0.33919,31.51187,0.005309,0.012207,0.00006,9,160,0,0.001994
2548,1,1213,13,4,17,13,4,17,7,0.264069,0.32822,2612.162538,0.008618,0.003049,0.000193,4,116,0.117647,0.027559
5663,1,4947,1,2,3,1,2,3,5,0.393939,0.489744,5.425397,0.004937,0.001327,0.000056,1,37,0,0.001038
2497,1,461,10,2,12,10,2,12,8,0.266504,0.306684,1333.077895,0.013252,0.003708,0.00027,9,200,0.022727,0.12449
1337,1,2198,5,0,5,5,0,5,0,0,0,0,0.009751,0,0.000086,4,88,0.1,0.020456
1675,1,499,16,0,16,16,0,16,0,0,0,0,0.046071,0,0.000301,9,114,0.079167,0.196535
3910,1,2597,20,14,34,20,14,34,9,0.250107,0.279254,9782.19118,0.016393,0.006399,0.000159,4,239,0.068627,0.035099
6165,1,4604,8,6,14,8,6,14,7,0.293693,0.31881,12218.4482,0.008913,0.007727,0.000136,9,210,0.016484,0.008071
7090,1,164,11,0,11,11,0,11,0,0,0,0,0.006249,0,0.000618,4,116,0.127273,0.025205
4025,1,4919,4,4,8,4,4,8,7,0.309146,0.344266,1199.406335,0.006002,0.012805,0.000106,4,50,0.053571,0.004042
3011,1,2594,4,3,7,4,3,7,3,0.5,0.642857,803.150881,0.008722,0.000706,0.00007,4,244,0.166667,0.016423
4356,1,1629,10,4,14,10,4,14,7,0.308661,0.344367,7705.097588,0.021079,0.015054,0.000129,4,75,0.043956,0.04924
6937,1,3016,2,4,6,2,4,6,10,0.262312,0.282838,3534.943481,0.006234,0.003496,0.00006,4,112,0.1,0.005535
6889,1,312,11,0,11,11,0,11,0,0,0,0,0.011616,0,0.000322,4,234,0.1,0.045956
820,1,4912,1,11,12,1,11,12,8,0.284667,0.303985,113.489755,0.004937,0.004767,0.000056,4,174,0.037879,0.001038
1694,1,3992,2,6,8,2,6,8,9,0.277147,0.311806,965.164089,0.009234,0.019803,0.000057,3,221,0.142857,0.005412
2119,1,3611,4,5,9,4,5,9,10,0.202183,0.221982,240.088662,0.007453,0.002506,0.000063,4,84,0.055556,0.005329
3930,1,3015,3,0,3,3,0,3,0,0,0,0,0.005435,0,0.000071,4,112,0.166667,0.003195
2990,1,2544,15,15,30,15,15,30,9,0.268462,0.298825,14339.46488,0.026523,0.00804,0.00013,4,112,0.1,0.052896
5881,1,85,25,2,27,25,2,27,2,0.583333,0.642857,4160.507675,0.013825,0.000466,0.000816,4,112,0.14245,0.085024
1269,1,4909,1,1,2,1,1,2,1,1,1,0,0.004937,0.000213,0.000056,4,116,0.5,0.001038
3034,1,2571,11,5,16,11,5,16,10,0.174393,0.186725,5982.293311,0.010365,0.000882,0.000211,4,209,0.108333,0.020928
4375,1,2547,11,7,18,11,7,18,8,0.257846,0.296897,2794.288706,0.010686,0.00346,0.000156,4,120,0.088235,0.030838
1709,1,3661,5,12,17,5,12,17,10,0.254753,0.287274,4131.675985,0.006699,0.011702,0.000067,4,232,0.158088,0.005816
990,1,3589,2,0,2,2,0,2,0,0,0,0,0.005014,0,0.000067,4,202,0,0.001889
3038,1,2656,3,4,7,3,4,7,9,0.204229,0.230343,68.738461,0.005197,0.001364,0.000067,4,171,0.142857,0.003236
4378,1,2503,4,5,9,4,5,9,12,0.158779,0.186257,331.809419,0.007404,0.001872,0.000072,4,186,0.236111,0.01181
7118,1,4908,2,0,2,2,0,2,0,0,0,0,0.00509,0,0.000063,5,66,0,0.001795
3696,1,1531,6,4,10,6,4,10,12,0.185195,0.232361,8893.400497,0.036081,0.001321,0.00009,3,205,0.077778,0.074474
7120,1,1641,16,9,25,16,9,25,8,0.250304,0.284255,8024.552333,0.010264,0.003952,0.000181,4,88,0.116667,0.036677
428,1,4907,1,13,14,1,13,14,10,0.297519,0.334872,460.151462,0.004937,0.020916,0.000056,3,231,0.021978,0.001038
2140,1,3337,2,2,4,2,2,4,9,0.235752,0.252512,4397.407688,0.019876,0.000844,0.00006,4,42,0.083333,0.020393
167,1,5455,0,3,3,0,3,3,10,0.194014,0.216586,0,0,0.000535,0.000056,3,204,0,0
4849,1,1454,9,5,14,9,5,14,9,0.236227,0.275545,2582.461061,0.015089,0.004793,0.000117,9,133,0.043956,0.031857
6337,1,2965,3,1,4,3,1,4,1,1,1,30.057479,0.000625,0.000035,0.000083,3,204,0,0.003649
968,1,5454,1,1,2,1,1,2,8,0.198387,0.211048,22,0.000018,0.000127,0.000071,3,204,0,0.000757
168,1,5456,0,3,3,0,3,3,7,0.29198,0.316736,0,0,0.00601,0.000056,3,215,0.333333,0
4274,1,1913,23,15,38,23,15,38,8,0.293807,0.321917,20325.40636,0.040718,0.012415,0.000331,3,215,0.02276,0.086956
169,1,5461,0,4,4,0,4,4,9,0.209761,0.221319,0,0,0.000323,0.000056,7,71,0.083333,0
5402,1,808,33,5,38,33,5,38,3,0.588235,0.716667,3388.845401,0.008651,0.001822,0.000751,4,135,0.019915,0.079993
672,1,5460,1,18,19,1,18,19,8,0.258924,0.278109,3186.734941,0.000011,0.004576,0.000067,7,71,0.020468,0.000757
2323,1,3475,7,18,25,7,18,25,8,0.260607,0.288219,8661.411957,0.0003,0.009468,0.000201,7,71,0.018333,0.006586
170,1,5464,0,2,2,0,2,2,8,0.253643,0.268109,0,0,0.001124,0.000056,5,231,0,0
1138,1,5463,1,4,5,1,4,5,7,0.317914,0.342658,2590.951663,0.000038,0.006507,0.000079,5,231,0.1,0.000757
171,1,5465,0,3,3,0,3,3,9,0.230539,0.244174,0,0,0.000394,0.000056,7,66,0.166667,0
2271,1,4158,2,3,5,2,3,5,8,0.264563,0.285516,1082.423079,0.000942,0.004095,0.000074,9,66,0.25,0.002277
3688,1,1793,17,28,45,17,28,45,9,0.257089,0.29766,23008.57253,0.010589,0.013134,0.00018,7,21,0.040404,0.03688
172,1,5466,0,7,7,0,7,7,7,0.306564,0.33178,0,0,0.009322,0.000056,3,188,0.095238,0
1774,1,3554,5,18,23,5,18,23,7,0.267344,0.290213,17574.89018,0.017038,0.014583,0.000075,1,161,0.063241,0.023738
4480,1,2206,13,6,19,13,6,19,8,0.246164,0.278766,3580.977621,0.002841,0.001681,0.000219,1,188,0.008772,0.015956
2322,1,5471,0,2,2,0,2,2,8,0.253409,0.27319,0,0,0.002472,0.000056,3,145,0.5,0
764,1,5470,1,10,11,1,10,11,7,0.311671,0.342572,2243.154445,0.000084,0.011532,0.000079,3,145,0.027273,0.000757
175,1,5472,0,2,2,0,2,2,13,0.168879,0.186531,0,0,0.000169,0.000056,3,59,0,0
4904,1,2853,2,0,2,2,0,2,0,0,0,0,0.000547,0,0.000086,3,59,0,0.004557
952,1,4265,3,24,27,3,24,27,7,0.321456,0.351698,5155.280953,0.009298,0.043008,0.000059,9,66,0.061254,0.005579
676,1,5017,2,21,23,2,21,23,12,0.201545,0.230456,117.549708,0.00064,0.003649,0.000062,4,239,0.049407,0.001736
7104,1,206,17,0,17,17,0,17,0,0,0,0,0.025451,0,0.00064,9,76,0.066176,0.184602
3818,1,1626,4,0,4,4,0,4,0,0,0,0,0.001661,0,0.000087,4,80,0,0.007875
3111,1,5012,1,3,4,1,3,4,10,0.244106,0.263458,28.121603,0.000412,0.005944,0.000058,1,99,0.166667,0.000868
831,1,4748,4,24,28,4,24,28,7,0.281098,0.303609,3732.986155,0.001177,0.015345,0.000071,1,64,0.039683,0.003522
6773,1,2623,4,1,5,4,1,5,1,1,1,1.033333,0.000788,0.000154,0.000074,4,99,0.2,0.004963
177,1,5478,0,22,22,0,22,22,8,0.251438,0.271867,0,0,0.007812,0.000056,1,164,0.071429,0
2799,1,2749,21,21,42,21,21,42,8,0.240027,0.277502,11780.73486,0.018435,0.010119,0.000213,1,29,0.039489,0.037832
4853,1,70,22,1,23,22,1,23,1,1,1,449.882164,0.016386,0.001202,0.000581,10,200,0.071146,0.123394
5411,1,952,10,2,12,10,2,12,4,0.37931,0.477273,146.378621,0.002521,0.001281,0.000168,1,110,0.05303,0.015638
1882,1,3652,13,31,44,13,31,44,9,0.269927,0.299035,20803.73435,0.007097,0.016056,0.000121,1,167,0.016913,0.017067
4809,1,1174,10,5,15,10,5,15,8,0.268908,0.312987,3011.337075,0.003095,0.009932,0.000176,1,16,0.095238,0.023482
1643,1,5477,2,22,24,2,22,24,10,0.252952,0.283255,2293.968568,0.000377,0.01248,0.000062,1,34,0.068841,0.001607
6397,1,920,17,3,20,17,3,20,1,1,1,3752.205508,0.006703,0.000156,0.000671,6,220,0.034211,0.042505
6345,1,220,17,2,19,17,2,19,3,0.466667,0.571429,5283.632783,0.013248,0.000476,0.000666,1,164,0.04386,0.197888
5714,1,462,9,3,12,9,3,12,3,0.545455,0.611111,1880.034177,0.001762,0.001348,0.000279,1,46,0.045455,0.023641
726,1,5107,4,29,33,4,29,33,9,0.278334,0.303348,3794.058926,0.000709,0.0185,0.000067,1,164,0.035985,0.003232
553,1,5101,3,18,21,3,18,21,10,0.206232,0.234895,521.453103,0.001319,0.004595,0.000062,1,164,0.083333,0.002851
3075,1,2457,17,23,40,17,23,40,7,0.288995,0.322641,29446.32592,0.008862,0.01842,0.000204,7,5,0.041667,0.029193
1247,1,1749,5,1,6,5,1,6,2,0.666667,0.75,48.814351,0.00566,0.000552,0.000092,7,111,0.033333,0.020599
900,1,3921,5,11,16,5,11,16,10,0.222189,0.242883,2614.432896,0.005095,0.010238,0.000064,10,107,0.141667,0.005721
1445,1,5434,1,3,4,1,3,4,9,0.234772,0.250781,8.824639,0.00161,0.00218,0.000056,2,126,0,0.000851
4250,1,3053,2,2,4,2,2,4,5,0.322785,0.364706,846.186905,0.001651,0.000438,0.000077,7,243,0.083333,0.002471
3898,1,2165,2,1,3,2,1,3,3,0.444444,0.541667,69.970293,0.002624,0.000065,0.000063,7,103,0,0.008898
6365,1,5433,1,3,4,1,3,4,9,0.259101,0.278093,2,0.00161,0.002102,0.000056,7,118,0.25,0.000851
2639,1,3457,3,10,13,3,10,13,9,0.279343,0.3091,4867.921083,0.001796,0.016323,0.000068,7,153,0.064103,0.003727
2713,1,2442,5,0,5,5,0,5,0,0,0,0,0.003735,0,0.00014,2,207,0.15,0.012498
6119,1,1788,5,2,7,5,2,7,7,0.246667,0.306113,160.09985,0.004428,0.000737,0.000106,7,111,0.095238,0.016178
919,1,4681,2,29,31,2,29,31,7,0.289064,0.314123,2215.692179,0.002011,0.01098,0.000061,7,109,0.051613,0.001949
6423,1,76,4,0,4,4,0,4,0,0,0,0,0.007997,0,0.000465,4,136,0.083333,0.043955
1946,1,3634,9,9,18,9,9,18,9,0.260705,0.286819,9480.03046,0.007031,0.006037,0.000088,1,126,0.055556,0.01263
1839,1,5432,1,2,3,1,2,3,6,0.310811,0.360507,2,0.00161,0.00044,0.000056,7,118,0.166667,0.000851
4905,1,4678,3,1,4,3,1,4,6,0.306122,0.346296,0,0.002037,0.00044,0.000062,7,118,0.416667,0.002677
5742,1,747,5,0,5,5,0,5,0,0,0,0,0.029013,0,0.000106,7,118,0.4,0.134433
5401,1,5430,1,0,1,1,0,1,0,0,0,0,0.00161,0,0.000056,7,118,0,0.000851
6670,1,2460,2,0,2,2,0,2,0,0,0,0,0.00367,0,0.000063,7,118,0.5,0.009355
3627,1,5429,1,2,3,1,2,3,7,0.268394,0.299182,6.068092,0.00161,0.002399,0.000056,7,188,0,0.000851
6851,1,171,18,0,18,18,0,18,0,0,0,0,0.008254,0,0.000596,3,162,0.026144,0.070273
2684,1,5428,1,1,2,1,1,2,9,0.258737,0.276982,0,0.00161,0.001654,0.000056,7,118,0.5,0.000851
6440,1,3138,6,28,34,6,28,34,9,0.263769,0.2984,4077.491137,0.004527,0.024997,0.000075,1,149,0.071301,0.009721
5020,1,1522,3,0,3,3,0,3,0,0,0,0,0.00386,0,0.000081,5,118,0,0.02262
4720,1,5427,1,0,1,1,0,1,0,0,0,0,0.00161,0,0.000056,7,118,0,0.000851
5750,1,2446,2,0,2,2,0,2,0,0,0,0,0.00367,0,0.000063,7,118,0.5,0.009355
2001,1,3404,4,7,11,4,7,11,9,0.223533,0.244045,1761.168148,0.017605,0.003422,0.000071,1,12,0.045455,0.02367
361,1,5426,1,1,2,1,1,2,5,0.318471,0.352,1.186905,0.00161,0.000437,0.000056,7,118,0,0.000851
3922,1,2033,5,2,7,5,2,7,11,0.194518,0.219428,1358.019637,0.003836,0.001006,0.000114,6,65,0.02381,0.009418
3717,1,5425,1,0,1,1,0,1,0,0,0,0,0.00161,0,0.000056,7,118,0,0.000851
3132,1,5424,1,1,2,1,1,2,8,0.236024,0.249379,4.422915,0.00161,0.001249,0.000056,7,118,0,0.000851
4860,1,1802,5,2,7,5,2,7,6,0.301461,0.339868,1794.958098,0.003418,0.00738,0.00008,2,68,0.095238,0.010624
5480,1,1326,6,0,6,6,0,6,0,0,0,0,0.006329,0,0.00013,7,118,0.133333,0.030753
3926,1,1816,11,10,21,11,10,21,10,0.209759,0.239514,16422.98516,0.010908,0.00491,0.000178,7,29,0.038095,0.049765
6335,1,229,6,1,7,6,1,7,2,0.666667,0.75,17.199102,0.008411,0.001559,0.000202,7,123,0.166667,0.10109
4366,1,1723,18,6,24,18,6,24,8,0.222222,0.256398,8468.652012,0.008909,0.000737,0.000174,14,65,0.070652,0.049362
5947,1,1349,4,1,5,4,1,5,1,1,1,54.819724,0.00252,0.000138,0.000155,7,75,0.05,0.018363
4707,1,1310,13,3,16,13,3,16,8,0.218855,0.240875,4946.10943,0.010042,0.000418,0.000173,7,243,0.079167,0.047876
6677,1,605,4,0,4,4,0,4,0,0,0,0,0.002725,0,0.000242,7,118,0.083333,0.014838
2165,1,2559,3,5,8,3,5,8,9,0.196697,0.225508,170.510467,0.004542,0.001985,0.000066,4,112,0.107143,0.014936
2188,1,4826,2,1,3,2,1,3,11,0.194124,0.208887,86.490632,0.001639,0.000221,0.000062,5,126,0,0.001713
6125,1,1325,3,0,3,3,0,3,0,0,0,0,0.003809,0,0.00011,7,118,0.5,0.015774
6879,1,2433,2,0,2,2,0,2,0,0,0,0,0.00367,0,0.000063,7,118,0.5,0.009355
530,1,5423,1,9,10,1,9,10,9,0.267197,0.301666,742.052786,0.00161,0.010642,0.000056,7,9,0.055556,0.000851
3066,1,5422,1,0,1,1,0,1,0,0,0,0,0.00161,0,0.000056,7,118,0,0.000851
5713,1,3268,2,0,2,2,0,2,0,0,0,0,0.016549,0,0.00006,5,118,0,0.020206
6815,1,94,25,0,25,25,0,25,0,0,0,0,0.015248,0,0.000663,1,63,0.048333,0.123315
4573,1,2907,3,2,5,3,2,5,9,0.215965,0.231577,661.001756,0.004315,0.000172,0.000064,1,16,0,0.010302
1170,1,4269,8,15,23,8,15,23,8,0.289916,0.318549,13017.45418,0.007224,0.012622,0.000159,7,68,0.049407,0.007796
1533,1,1758,5,1,6,5,1,6,6,0.306122,0.346296,458.118097,0.021829,0.00044,0.000121,7,118,0.166667,0.043034
1038,1,963,2,0,2,2,0,2,0,0,0,0,0.001702,0,0.000134,3,118,0,0.007226
6903,1,52,18,1,19,18,1,19,1,1,1,1126.187848,0.005899,0.000028,0.001385,1,215,0.04386,0.130125
937,1,5421,1,11,12,1,11,12,8,0.233999,0.248292,82.630263,0.00161,0.001567,0.000056,7,118,0.083333,0.000851
2308,1,5418,1,2,3,1,2,3,9,0.26032,0.279341,3.683333,0.00161,0.001953,0.000056,7,118,0.166667,0.000851
146,1,1299,10,2,12,10,2,12,2,0.75,0.833333,517.044999,0.006677,0.000452,0.000242,7,61,0.045455,0.034516
179,1,5479,0,7,7,0,7,7,7,0.311402,0.342681,0,0,0.01625,0.000056,7,189,0.166667,0
180,1,5480,0,20,20,0,20,20,9,0.286385,0.317899,0,0,0.019932,0.000056,14,65,0.157895,0
5179,1,1718,15,5,20,15,5,20,6,0.310576,0.356322,2877.536083,0.003229,0.009043,0.000238,14,65,0.160526,0.035006
1666,1,1815,16,15,31,16,15,31,7,0.288462,0.336609,9091.35001,0.018346,0.003137,0.00017,14,65,0.107527,0.048806
4994,1,1722,11,6,17,11,6,17,7,0.258002,0.291452,1404.065607,0.00381,0.001072,0.000125,14,65,0.268382,0.025971
3838,1,2034,12,18,30,12,18,30,11,0.272226,0.302982,18810.10252,0.010689,0.006671,0.000105,14,65,0.090805,0.034185
6007,1,511,23,1,24,23,1,24,1,1,1,58.868313,0.003851,0.00018,0.000714,14,65,0.112319,0.068067
6399,1,3580,8,6,14,8,6,14,8,0.240402,0.26193,2393.01076,0.002104,0.001901,0.000163,1,166,0.016484,0.008796
3624,1,2099,18,16,34,18,16,34,12,0.223919,0.248878,7118.976794,0.003861,0.002847,0.000163,14,65,0.105169,0.024896
2935,1,2088,6,7,13,6,7,13,7,0.282106,0.307412,4044.844316,0.003969,0.008091,0.000081,14,65,0.064103,0.015042
1336,1,4215,4,10,14,4,10,14,8,0.268284,0.288922,2224.115406,0.003868,0.004503,0.000073,14,96,0.027473,0.003709
570,1,4598,4,33,37,4,33,37,8,0.306399,0.332799,5256.303144,0.002165,0.034116,0.000067,10,237,0.067568,0.003582
1876,1,3771,4,14,18,4,14,18,8,0.241621,0.261495,1845.557081,0.001075,0.002969,0.00009,14,65,0.22549,0.004054
5849,1,1717,12,1,13,12,1,13,2,0.666667,0.75,99.477049,0.003494,0.000131,0.000193,14,65,0.275641,0.031332
5387,1,818,25,7,32,25,7,32,7,0.251246,0.285648,16052.86501,0.013196,0.002901,0.000331,14,98,0.034274,0.14237
6564,1,4,27,0,27,27,0,27,0,0,0,0,0.005287,0,0.00206,14,65,0.128205,0.100109
181,1,5481,0,2,2,0,2,2,5,0.358974,0.422024,0,0,0.00163,0.000056,3,173,0,0
5050,1,751,3,1,4,3,1,4,2,0.666667,0.75,2424.507513,0.004828,0.000003,0.000138,3,173,0,0.077298
182,1,5495,0,39,39,0,39,39,9,0.300265,0.330898,0,0,0.026832,0.000056,10,90,0.018219,0
461,1,5494,1,5,6,1,5,6,8,0.250076,0.273295,10.552453,0.000913,0.003209,0.000057,3,102,0,0.000757
3920,1,3038,3,0,3,3,0,3,0,0,0,0,0.007309,0,0.000063,10,205,0.166667,0.012437
6785,1,3612,4,0,4,4,0,4,0,0,0,0,0.001202,0,0.00015,10,90,0.5,0.0045
4997,1,5493,1,2,3,1,2,3,9,0.229617,0.276021,2.928211,0.000913,0.001945,0.000057,3,90,0,0.000757
6582,1,1083,5,0,5,5,0,5,0,0,0,0,0.001916,0,0.000111,10,174,0.1,0.010365
5303,1,1418,8,5,13,8,5,13,7,0.302804,0.325851,4647.348086,0.00722,0.010342,0.000113,10,13,0.089744,0.02068
3020,1,3696,5,3,8,5,3,8,9,0.188917,0.206359,315.347795,0.00169,0.001338,0.000085,10,90,0.178571,0.0058
4920,1,3458,5,1,6,5,1,6,7,0.285185,0.327737,75.562232,0.004084,0.001791,0.000095,10,134,0,0.006916
5124,1,5492,3,0,3,3,0,3,0,0,0,0,0.001419,0,0.000116,12,90,0,0.002552
6605,1,1084,19,6,25,19,6,25,6,0.32839,0.369731,9495.877674,0.042004,0.013663,0.000164,9,149,0.066667,0.098538
4203,1,2964,9,5,14,9,5,14,7,0.273493,0.296443,7287.319384,0.020115,0.004606,0.000154,1,166,0.038462,0.03463
7075,1,267,9,1,10,9,1,10,1,1,1,74.770201,0.001728,0.000308,0.000707,7,145,0.077778,0.022438
308,1,5491,1,1,2,1,1,2,10,0.185224,0.191628,2.033333,0.000913,0.000096,0.000057,14,63,0,0.000757
5637,1,5490,1,1,2,1,1,2,7,0.260638,0.30277,3.25,0.000913,0.000309,0.000057,10,214,0,0.000757
197,1,5489,1,20,21,1,20,21,8,0.254799,0.271658,341.242772,0.000913,0.00707,0.000057,10,90,0.035714,0.000757
971,1,4548,2,16,18,2,16,18,8,0.261909,0.293167,385.517413,0.005108,0.011729,0.000057,10,188,0.058824,0.00337
5655,1,3613,7,2,9,7,2,9,1,1,1,89.783333,0.001494,0.000112,0.000157,10,90,0.166667,0.007622
974,1,3682,3,5,8,3,5,8,9,0.238214,0.2515,856.908398,0.001654,0.001323,0.000072,5,209,0,0.002458
6092,1,5485,2,4,6,2,4,6,11,0.221329,0.235959,85.240747,0.001153,0.000311,0.000059,10,90,0.233333,0.001607
3175,1,398,20,2,22,20,2,22,2,0.75,0.833333,2789.786815,0.005048,0.000116,0.000628,10,75,0.025974,0.059836
6632,1,341,17,1,18,17,1,18,1,1,1,847.735372,0.006587,0.000273,0.000521,12,90,0.026144,0.070254
633,1,5484,1,1,2,1,1,2,3,0.5,0.611111,1.333333,0.000913,0.000009,0.000057,3,152,0,0.000757
1547,1,5483,1,9,10,1,9,10,10,0.222161,0.239936,24.970482,0.000913,0.00253,0.000057,7,145,0.055556,0.000757
4281,1,510,14,1,15,14,1,15,1,1,1,2800.847327,0.013365,0.000073,0.000412,10,246,0.009524,0.073205
183,1,5496,0,5,5,0,5,5,9,0.26488,0.284343,0,0,0.001892,0.000056,1,40,0,0
6467,1,321,37,2,39,37,2,39,4,0.342105,0.429487,5631.629706,0.021094,0.001236,0.001166,4,22,0.016869,0.148481
4114,1,1714,13,6,19,13,6,19,7,0.31371,0.350341,9737.35287,0.003262,0.01403,0.000187,1,40,0.073099,0.024492
184,1,5505,0,16,16,0,16,16,9,0.283355,0.301249,0,0,0.003179,0.000056,14,65,0.029167,0
5253,1,693,13,2,15,13,2,15,6,0.305785,0.381982,3534.014528,0.004243,0.000918,0.000522,1,4,0.057143,0.043303
2788,1,3446,6,7,13,6,7,13,9,0.287048,0.317139,6389.119179,0.012305,0.009518,0.00008,10,36,0.044872,0.017956
1580,1,5318,2,8,10,2,8,10,9,0.216408,0.239228,175.827213,0.000208,0.002092,0.000061,14,201,0.088889,0.001607
441,1,5504,1,40,41,1,40,41,8,0.307869,0.336188,921.467944,0.000108,0.027087,0.000059,1,2,0.041463,0.000757
454,1,3931,14,30,44,14,30,44,10,0.253748,0.289706,10838.41677,0.004108,0.018691,0.000109,1,16,0.030655,0.013692
5824,1,736,11,0,11,11,0,11,0,0,0,0,0.009607,0,0.00033,9,95,0.018182,0.100868
1108,1,4230,2,18,20,2,18,20,7,0.3008,0.327473,2520.719553,0.004799,0.00879,0.000059,14,68,0.052632,0.002855
4715,1,2024,11,4,15,11,4,15,9,0.217277,0.267128,458.119004,0.003942,0.001051,0.000101,14,65,0.152381,0.023649
6358,1,2047,26,20,46,26,20,46,8,0.28784,0.32226,12570.3353,0.011639,0.013742,0.000175,1,121,0.023671,0.040632
1937,1,5497,1,0,1,1,0,1,0,0,0,0,0.000108,0,0.000059,14,65,0,0.000757
6485,1,545,20,1,21,20,1,21,1,1,1,53.075447,0.004377,0.00125,0.000391,14,65,0.12619,0.054343
1604,1,3772,8,22,30,8,22,30,8,0.272791,0.300228,3717.974877,0.001948,0.008192,0.000089,14,167,0.03908,0.007183
185,1,5508,0,13,13,0,13,13,7,0.313779,0.340763,0,0,0.016544,0.000056,1,232,0.051282,0
2654,1,2984,16,43,59,16,43,59,8,0.263792,0.301063,43626.32062,0.00579,0.013557,0.000137,1,23,0.030099,0.022432
4568,1,1074,37,19,56,37,19,56,7,0.304104,0.335987,69071.15692,0.028373,0.01901,0.000443,1,99,0.025974,0.1211
3238,1,3825,5,7,12,5,7,12,9,0.231392,0.249717,647.07848,0.002607,0.001974,0.000085,1,61,0.045455,0.006215
1725,1,5507,1,8,9,1,8,9,7,0.286498,0.306088,234.347474,0.000563,0.005441,0.000059,12,143,0.097222,0.000757
5817,1,34,15,0,15,15,0,15,0,0,0,0,0.005406,0,0.000543,9,198,0.019048,0.06913
5307,1,1622,8,0,8,8,0,8,0,0,0,0,0.003516,0,0.000171,4,232,0.232143,0.01811
5072,1,5004,1,0,1,1,0,1,0,0,0,0,0.000018,0,0.000071,4,234,0,0.000962
3527,1,5509,0,2,2,0,2,2,10,0.238333,0.257779,0,0,0.002783,0.000056,3,44,0,0
6056,1,385,71,11,82,71,11,82,4,0.633333,0.767544,9897.0428,0.048808,0.004694,0.00146,9,44,0.012797,0.202068
188,1,5510,0,1,1,0,1,1,1,1,1,0,0,0.00069,0.000056,5,137,0,0
4888,1,1681,5,0,5,5,0,5,0,0,0,0,0.020275,0,0.000137,5,137,0.05,0.048537
189,1,5511,0,12,12,0,12,12,7,0.27132,0.289334,0,0,0.007949,0.000056,9,141,0.075758,0
3806,1,2243,13,8,21,13,8,21,8,0.280311,0.304166,7174.103262,0.024334,0.005318,0.000186,9,5,0.119048,0.045992
5419,1,572,29,4,33,29,4,33,7,0.29682,0.361961,8434.559925,0.032321,0.002325,0.000609,9,125,0.050189,0.178583
6702,1,39,26,0,26,26,0,26,0,0,0,0,0.012431,0,0.001156,9,127,0.036923,0.158917
5523,1,647,26,7,33,26,7,33,8,0.285714,0.352545,5488.62757,0.020585,0.006782,0.000388,9,122,0.046402,0.093122
5027,1,1171,11,4,15,11,4,15,7,0.23416,0.287983,2358.016829,0.004175,0.001517,0.000199,9,9,0.019048,0.02194
2669,1,3292,9,22,31,9,22,31,8,0.278376,0.304236,5718.628299,0.010828,0.013525,0.000084,9,6,0.052688,0.014073
552,1,417,17,3,20,17,3,20,2,0.636364,0.714286,6175.996512,0.026429,0.001814,0.000558,4,156,0.031579,0.172029
6621,1,281,23,2,25,23,2,25,1,1,1,5533.792209,0.013585,0.000114,0.000891,12,71,0.053333,0.122777
2750,1,3187,7,3,10,7,3,10,11,0.196337,0.243407,1128.552872,0.003782,0.007646,0.00009,7,34,0.011111,0.009782
3788,1,2180,10,6,16,10,6,16,8,0.24024,0.313512,3505.779085,0.001035,0.00145,0.000191,4,69,0.033333,0.009933
7123,1,4998,1,2,3,1,2,3,3,0.571429,0.708333,1.193223,0.000169,0.000318,0.00006,12,71,0.166667,0.000868
2517,1,5388,1,4,5,1,4,5,9,0.284728,0.326669,125.627504,0.000231,0.019785,0.00006,3,15,0.1,0.000851
5209,1,4811,2,3,5,2,3,5,9,0.237188,0.281752,433.099767,0.000324,0.01278,0.000066,1,190,0,0.001906
192,1,5512,0,5,5,0,5,5,7,0.28499,0.304425,0,0,0.005975,0.000056,4,88,0.1,0
193,1,5514,0,3,3,0,3,3,7,0.29064,0.3147,0,0,0.003139,0.000056,4,233,0,0
6925,1,2298,22,14,36,22,14,36,7,0.266667,0.305489,12793.94547,0.008988,0.00698,0.00047,4,233,0.011111,0.041517
1880,1,5513,1,3,4,1,3,4,9,0.229575,0.25076,39.770162,0.000107,0.002587,0.000071,4,233,0,0.000757
194,1,5516,0,2,2,0,2,2,12,0.182729,0.195123,0,0,0.000033,0.000056,5,154,0.5,0
2369,1,4157,3,3,6,3,3,6,8,0.24775,0.266017,621.882882,0.00096,0.002066,0.000116,5,154,0.033333,0.003127
497,1,5515,1,2,3,1,2,3,11,0.21391,0.231281,1474.036356,0.000001,0.000896,0.000079,5,154,0.166667,0.000757
4528,1,2431,3,6,9,3,6,9,5,0.34466,0.405869,3159.242673,0.000991,0.004126,0.000134,4,69,0,0.00573
5389,1,907,51,17,68,51,17,68,5,0.346457,0.454356,20263.657,0.013388,0.007687,0.001318,4,213,0.000439,0.101075
2064,1,3398,12,23,35,12,23,35,8,0.270737,0.298229,37930.77123,0.004094,0.022509,0.000207,4,120,0.011765,0.016156
2700,1,3622,6,8,14,6,8,14,11,0.211845,0.231305,4578.192114,0.001294,0.005089,0.000106,4,136,0.093407,0.006596
4390,1,2436,14,9,23,14,9,23,8,0.251719,0.269345,11742.05542,0.008506,0.002956,0.000177,3,131,0.013834,0.030314
196,1,5517,0,3,3,0,3,3,9,0.211943,0.223532,0,0,0.000397,0.000056,3,233,0,0
5772,1,1139,10,4,14,10,4,14,2,0.833333,0.9,3482.458971,0.007305,0.001584,0.000279,3,233,0.032967,0.030603
3169,1,2737,4,4,8,4,4,8,8,0.249088,0.26283,2316.15832,0.002883,0.003482,0.000083,3,190,0.035714,0.011364
2778,1,2990,6,12,18,6,12,18,9,0.237893,0.265919,4055.376912,0.001493,0.005598,0.000121,7,48,0.065359,0.007989
4133,1,2720,9,9,18,9,9,18,9,0.203341,0.226014,4559.362988,0.003988,0.003267,0.000122,10,75,0.029412,0.015604
3110,1,2773,16,10,26,16,10,26,8,0.290194,0.316384,5419.475274,0.013765,0.008501,0.000109,10,155,0.046154,0.025223
3578,1,5488,1,0,1,1,0,1,0,0,0,0,0.00024,0,0.000058,10,90,0,0.000851
6186,1,1701,6,4,10,6,4,10,6,0.340741,0.421014,446.793825,0.000724,0.004566,0.000215,10,134,0.044444,0.005278
1526,1,5487,1,0,1,1,0,1,0,0,0,0,0.00024,0,0.000058,10,90,0,0.000851
2287,1,5486,2,0,2,2,0,2,0,0,0,0,0.000302,0,0.000072,10,169,0,0.001701
5380,1,820,2,1,3,2,1,3,7,0.285185,0.327737,13.733333,0.005001,0.001791,0.000088,3,90,0.166667,0.076541
1891,1,4342,4,2,6,4,2,6,10,0.225152,0.244434,27.674405,0.004965,0.000525,0.000067,3,134,0.133333,0.005906
4256,1,1399,13,8,21,13,8,21,9,0.307091,0.348865,10971.20931,0.033872,0.021979,0.000128,9,123,0.080952,0.054967
3620,1,3945,2,2,4,2,2,4,9,0.187279,0.236673,81.831111,0.002519,0.00066,0.00006,1,240,0.083333,0.003112
5397,1,2422,4,9,13,4,9,13,8,0.268663,0.292965,2520.153845,0.002164,0.010879,0.000083,1,146,0.083333,0.005988
630,1,4822,1,1,2,1,1,2,10,0.178632,0.189121,14.517857,0.000421,0.000333,0.000059,9,134,0,0.000962
4122,1,2969,9,2,11,9,2,11,8,0.218341,0.269143,370.409665,0.019388,0.000386,0.000143,1,240,0.018182,0.035186
1783,1,3515,3,1,4,3,1,4,11,0.161847,0.169579,907.599721,0.015412,0.000038,0.00007,1,42,0,0.021074
963,1,767,20,4,24,20,4,24,1,1,1,4854.0742,0.006165,0.000404,0.000431,1,168,0.007246,0.047116
5858,1,4821,2,1,3,2,1,3,2,0.571429,0.625,7.236111,0.000487,0.000094,0.000071,6,134,0,0.001719
1399,1,3843,7,27,34,7,27,34,7,0.28448,0.311738,7658.948092,0.006982,0.024811,0.000095,10,231,0.038324,0.008292
200,1,5520,0,19,19,0,19,19,8,0.29835,0.326957,0,0,0.018211,0.000056,10,73,0.046784,0
2143,1,3838,6,10,16,6,10,16,9,0.306186,0.344269,8104.786192,0.006834,0.026921,0.000083,7,73,0.079167,0.010889
3939,1,4188,2,8,10,2,8,10,7,0.297886,0.317787,544.934426,0.001769,0.004949,0.00006,9,191,0.077778,0.001801
6355,1,5519,1,3,4,1,3,4,9,0.238365,0.253801,4.730476,0.000619,0.000333,0.000058,1,231,0.25,0.000757
1721,1,4261,4,22,26,4,22,26,9,0.279626,0.314123,2892.257381,0.00193,0.016281,0.000069,9,129,0.029231,0.003638
4930,1,2898,9,5,14,9,5,14,8,0.273992,0.303339,1625.208984,0.003271,0.004376,0.000145,1,16,0.038462,0.010704
5759,1,938,20,6,26,20,6,26,6,0.305677,0.377143,1420.371476,0.027288,0.004534,0.000196,10,45,0.050769,0.076078
3638,1,3872,2,13,15,2,13,15,9,0.260679,0.283316,360.86902,0.002579,0.01011,0.000059,1,225,0.119048,0.002779
359,1,5518,1,1,2,1,1,2,1,1,1,1,0.000619,0.001549,0.000058,8,73,0,0.000757
201,1,5525,0,35,35,0,35,35,9,0.285945,0.309683,0,0,0.010888,0.000056,1,100,0.066387,0
2098,1,3827,9,10,19,9,10,19,11,0.256298,0.289569,1994.698785,0.005625,0.006671,0.00008,1,61,0.073099,0.011097
5516,1,5524,2,7,9,2,7,9,9,0.237795,0.257338,108.093743,0.000514,0.003426,0.000059,1,166,0.097222,0.001514
5866,1,437,28,2,30,28,2,30,4,0.37037,0.475,672.29618,0.01837,0.001384,0.000597,1,139,0.074713,0.119641
330,1,5522,1,30,31,1,30,31,8,0.272134,0.29707,282.238047,0.00037,0.013089,0.000057,1,100,0.110753,0.000757
2755,1,5158,4,4,8,4,4,8,8,0.262767,0.30347,10.159802,0.003127,0.003786,0.00006,1,102,0.267857,0.004223
1785,1,5521,1,2,3,1,2,3,8,0.235955,0.25565,3.185859,0.00037,0.001938,0.000057,10,24,0,0.000757
2728,1,3385,5,5,10,5,5,10,8,0.268538,0.291351,3072.931987,0.015618,0.006495,0.000081,1,100,0.055556,0.022776
5629,1,1826,6,0,6,6,0,6,0,0,0,0,0.001653,0,0.000113,1,73,0.033333,0.009902
5746,1,513,17,7,24,17,7,24,4,0.418919,0.521505,3691.171194,0.010083,0.002221,0.000187,1,100,0.126812,0.067639
5671,1,1012,8,3,11,8,3,11,5,0.298969,0.377586,2068.708132,0.004096,0.000713,0.00023,1,167,0.018182,0.031569
4743,1,1941,6,4,10,6,4,10,9,0.222137,0.256397,713.790771,0.005259,0.002695,0.000089,1,34,0.077778,0.019206
675,1,5162,6,94,100,6,94,100,8,0.293182,0.328174,9263.174317,0.003064,0.043742,0.00007,1,128,0.040101,0.005636
3262,1,2128,4,8,12,4,8,12,9,0.225267,0.247888,1437.765219,0.003365,0.002513,0.000067,1,244,0.05303,0.009629
4187,1,1857,7,10,17,7,10,17,7,0.272406,0.297434,3549.724566,0.005808,0.006002,0.000084,1,158,0.029412,0.016506
3595,1,2055,11,15,26,11,15,26,10,0.223462,0.281622,6507.247595,0.005813,0.011297,0.000145,1,100,0.072308,0.019954
2482,1,5317,2,8,10,2,8,10,9,0.210147,0.228912,43.919495,0.00047,0.002022,0.00006,1,229,0.011111,0.001607
6135,1,174,20,2,22,20,2,22,4,0.355556,0.432292,4068.012194,0.010634,0.000574,0.000412,1,110,0.038961,0.133387
2168,1,3178,14,38,52,14,38,52,8,0.290582,0.31868,23597.75485,0.01364,0.030324,0.000111,1,159,0.042609,0.023845
202,1,5531,0,6,6,0,6,6,14,0.204538,0.233808,0,0,0.001025,0.000056,3,66,0,0
6273,1,1269,3,0,3,3,0,3,0,0,0,0,0.000261,0,0.000224,3,48,0,0.010476
230,1,5530,1,3,4,1,3,4,13,0.17456,0.194945,341.018168,0.000035,0.000686,0.000063,3,66,0,0.000757
422,1,5526,1,4,5,1,4,5,9,0.290793,0.332915,1387.471245,0.000035,0.018031,0.000063,3,66,0.15,0.000757
203,1,5532,0,1,1,0,1,1,10,0.175032,0.19037,0,0,0.000119,0.000056,9,12,0,0
4334,1,3528,6,6,12,6,6,12,9,0.211783,0.240854,1067.683384,0.003488,0.002724,0.000137,9,12,0.083333,0.00669
4697,1,1872,2,2,4,2,2,4,8,0.22943,0.254126,1196.324036,0.000449,0.000664,0.000082,10,102,0.083333,0.005398
1851,1,1039,2,0,2,2,0,2,0,0,0,0,0.000148,0,0.000145,2,102,0,0.008599
3795,1,5438,1,1,2,1,1,2,1,1,1,2,0.000001,0.000038,0.000071,2,102,0,0.000851
5552,1,959,9,2,11,9,2,11,2,0.666667,0.75,252.321747,0.001869,0.000196,0.00023,1,231,0.045455,0.010354
5429,1,960,5,3,8,5,3,8,4,0.404255,0.47807,2787.469564,0.001876,0.001373,0.00016,1,231,0.089286,0.01229
4146,1,2193,3,6,9,3,6,9,8,0.311706,0.344954,4577.515225,0.006039,0.016505,0.000082,1,231,0.097222,0.018741
207,1,5534,0,5,5,0,5,5,9,0.220965,0.233024,0,0,0.00269,0.000056,4,178,0.05,0
1808,1,4608,8,17,25,8,17,25,8,0.280346,0.302492,18265.04925,0.002226,0.006919,0.000154,1,178,0.018333,0.008302
6893,1,5533,1,0,1,1,0,1,0,0,0,0,0.000092,0,0.000065,4,178,0,0.000757
5228,1,584,43,14,57,43,14,57,8,0.243685,0.29224,20096.46106,0.031753,0.010966,0.000668,7,133,0.019737,0.199951
5786,1,812,15,1,16,15,1,16,1,1,1,2169.02248,0.01011,0.000035,0.000287,3,209,0.016667,0.053015
7043,1,329,41,0,41,41,0,41,0,0,0,0,0.020232,0,0.001972,9,45,0.012195,0.160957
3763,1,2249,41,32,73,41,32,73,10,0.287286,0.325325,41453.35272,0.019121,0.019672,0.000534,9,95,0.025685,0.074038
3136,1,3406,5,4,9,5,4,9,9,0.227148,0.239108,2567.326966,0.002835,0.002027,0.000137,14,63,0,0.006398
6870,1,4315,6,14,20,6,14,20,8,0.272137,0.301024,827.577527,0.006391,0.010434,0.000072,1,132,0.055263,0.006569
396,1,4730,3,26,29,3,26,29,8,0.285256,0.306564,4677.644316,0.001463,0.010873,0.000076,1,132,0.035714,0.002675
1072,1,4850,3,4,7,3,4,7,7,0.2924,0.317731,3185.17766,0.001819,0.007461,0.000065,9,103,0.071429,0.003156
4577,1,1536,4,1,5,4,1,5,2,0.555556,0.6,51.634801,0.002745,0.000044,0.000089,1,40,0.25,0.017926
209,1,5535,0,2,2,0,2,2,11,0.186589,0.205917,0,0,0.000681,0.000056,12,90,0,0
1899,1,3575,6,8,14,6,8,14,10,0.214336,0.237379,1764.509327,0.001597,0.002847,0.000093,12,90,0.06044,0.006058
5296,1,1675,17,7,24,17,7,24,8,0.245598,0.284362,2745.479576,0.002943,0.007714,0.000379,8,117,0.023551,0.023464
1717,1,2586,19,19,38,19,19,38,9,0.268873,0.302422,17236.9601,0.012864,0.013136,0.000236,12,90,0.031294,0.038173
5433,1,1249,8,3,11,8,3,11,6,0.317073,0.351865,282.634414,0.009241,0.004246,0.000093,1,199,0.209091,0.031181
3839,1,2041,15,10,25,15,10,25,9,0.238726,0.267012,11723.96956,0.005442,0.003137,0.000205,1,23,0.043333,0.025532
2665,1,3012,6,17,23,6,17,23,11,0.246208,0.279145,6633.006488,0.003752,0.015844,0.000084,14,148,0.035573,0.009203
6838,1,710,26,2,28,26,2,28,3,0.555556,0.666667,681.791567,0.008397,0.000324,0.000695,1,37,0.02381,0.064827
3616,1,2734,11,8,19,11,8,19,10,0.272232,0.324187,12784.29116,0.019836,0.025432,0.000091,1,117,0.067251,0.041842
1890,1,1417,7,4,11,7,4,11,7,0.273756,0.304119,178.468889,0.006152,0.00679,0.000095,10,13,0.090909,0.010659
304,1,4707,2,14,16,2,14,16,11,0.25291,0.280392,1329.412289,0.002071,0.015301,0.00006,1,196,0.15,0.001812
5748,1,372,14,1,15,14,1,15,2,0.666667,0.75,256.626841,0.018084,0.000552,0.000259,1,137,0.085714,0.153227
2523,1,3109,8,17,25,8,17,25,8,0.281521,0.309201,5091.708105,0.015443,0.013475,0.000069,10,98,0.078333,0.014178
1985,1,870,11,6,17,11,6,17,8,0.232255,0.261921,6937.042688,0.015088,0.003391,0.00018,9,95,0.080882,0.058198
3096,1,2114,14,11,25,14,11,25,8,0.265126,0.289947,27524.42327,0.011606,0.004373,0.000118,1,164,0.036667,0.027479
3305,1,2723,6,4,10,6,4,10,7,0.271298,0.293756,14128.45061,0.017445,0.006111,0.000113,1,109,0.044444,0.027991
3077,1,1373,5,2,7,5,2,7,8,0.215185,0.231565,814.987815,0.005606,0.000976,0.000087,10,53,0.02381,0.020242
2963,1,2904,13,28,41,13,28,41,8,0.294509,0.330424,11691.76175,0.006024,0.021955,0.000141,1,187,0.059756,0.016575
5059,1,3461,3,5,8,3,5,8,9,0.26168,0.282753,1382.359534,0.005157,0.004248,0.000062,1,196,0.107143,0.008028
2274,1,977,7,1,8,7,1,8,1,1,1,388.865346,0.023541,0.000669,0.000114,1,151,0.053571,0.047039
2886,1,3752,2,8,10,2,8,10,9,0.248531,0.276467,619.445972,0.006813,0.012727,0.000059,10,214,0.044444,0.007329
4439,1,1247,42,32,74,42,32,74,9,0.30022,0.343125,63743.6425,0.035477,0.027194,0.000325,1,119,0.034432,0.148041
2247,1,1281,14,12,26,14,12,26,8,0.251948,0.280913,9371.32488,0.024709,0.013877,0.000132,1,228,0.084615,0.055676
212,1,5536,0,6,6,0,6,6,7,0.298033,0.322532,0,0,0.010177,0.000056,5,93,0.2,0
6807,1,1549,3,0,3,3,0,3,0,0,0,0,0.016404,0,0.000084,5,93,0.333333,0.033513
213,1,5537,0,4,4,0,4,4,11,0.191814,0.205082,0,0,0.000888,0.000056,14,78,0,0
2101,1,3629,7,10,17,7,10,17,10,0.228972,0.247428,5219.734527,0.001779,0.003608,0.000117,4,234,0.095588,0.007767
5434,1,1952,7,1,8,7,1,8,5,0.333333,0.420833,773.452602,0.010485,0.00011,0.000116,14,78,0.017857,0.048787
6935,1,5542,0,2,2,0,2,2,8,0.234903,0.248572,0,0,0.000367,0.000056,14,220,0,0
1011,1,5541,1,9,10,1,9,10,7,0.291625,0.316687,2675.662742,0.000012,0.0033,0.000079,14,220,0,0.000757
5754,1,301,6,0,6,6,0,6,0,0,0,0,0.011388,0,0.000189,10,122,0.066667,0.04796
817,1,5059,1,12,13,1,12,13,9,0.215935,0.237929,72.735664,0.000571,0.013157,0.000057,10,108,0.012821,0.000851
5684,1,414,28,6,34,28,6,34,4,0.53125,0.642157,9634.43074,0.050042,0.002013,0.000248,1,187,0.065062,0.166068
366,1,5055,1,10,11,1,10,11,10,0.230207,0.249457,29.96796,0.000571,0.003127,0.000057,8,154,0.072727,0.000851
5912,1,862,19,4,23,19,4,23,7,0.300261,0.35472,3300.752826,0.032077,0.005213,0.000561,8,207,0.017787,0.080228
6604,1,2190,4,0,4,4,0,4,0,0,0,0,0.020126,0,0.00007,9,154,0,0.037402
5360,1,1924,7,1,8,7,1,8,4,0.366667,0.431818,77.978344,0.002335,0.000546,0.000115,12,210,0.071429,0.0155
6053,1,3154,6,3,9,6,3,9,2,0.714286,0.8,87.785212,0.002403,0.000268,0.000131,1,210,0.013889,0.006443
2354,1,2900,11,16,27,11,16,27,8,0.295764,0.326551,4707.872541,0.012061,0.013036,0.000086,1,187,0.062678,0.022942
1637,1,3851,5,5,10,5,5,10,12,0.21431,0.234425,951.392695,0.004859,0.00059,0.000069,1,60,0.066667,0.00788
3145,1,4258,4,10,14,4,10,14,8,0.277868,0.304377,1338.736508,0.005334,0.008031,0.00007,1,2,0.043956,0.005389
5565,1,5053,3,1,4,3,1,4,3,0.428571,0.5,11.021795,0.001001,0.00024,0.000094,9,154,0.083333,0.002458
5774,1,2897,2,0,2,2,0,2,0,0,0,0,0.001318,0,0.000062,10,154,0.5,0.003184
4572,1,2253,6,7,13,6,7,13,7,0.275434,0.303384,3876.149468,0.001291,0.003458,0.000153,10,166,0.057692,0.011961
233,1,5052,1,11,12,1,11,12,8,0.289438,0.322035,1318.870006,0.000571,0.023682,0.000057,10,210,0.060606,0.000851
5874,1,3940,6,1,7,6,1,7,1,1,1,26.325473,0.005579,0.000056,0.000074,10,178,0.047619,0.008067
214,1,5544,0,37,37,0,37,37,9,0.268214,0.291592,0,0,0.010327,0.000056,1,206,0.042042,0
4668,1,2050,8,2,10,8,2,10,1,1,1,87.140235,0.001158,0.000588,0.000127,10,188,0.055556,0.010611
3302,1,2113,10,21,31,10,21,31,7,0.291667,0.32489,16440.53254,0.007952,0.012326,0.000115,1,177,0.02043,0.018032
3205,1,5543,1,3,4,1,3,4,11,0.160313,0.175009,5.785714,0.000351,0.000316,0.000057,14,48,0.083333,0.000757
5459,1,1259,4,1,5,4,1,5,1,1,1,2123,0.005456,0.000031,0.000078,1,235,0.05,0.03269
1351,1,3584,5,16,21,5,16,21,10,0.242551,0.269901,727.46646,0.003266,0.011568,0.000067,1,206,0.092857,0.005846
879,1,1208,22,3,25,22,3,25,7,0.276158,0.303253,2662.043438,0.011943,0.002687,0.000224,10,206,0.106667,0.053885
5350,1,2071,12,3,15,12,3,15,6,0.304,0.366228,666.660432,0.016357,0.001394,0.000161,1,191,0.014286,0.030226
5466,1,72,23,8,31,23,8,31,5,0.358974,0.429524,14110.57085,0.01043,0.001959,0.00062,1,109,0.022581,0.125303
1858,1,849,13,3,16,13,3,16,6,0.301724,0.340635,8452.992488,0.004305,0.00126,0.000198,1,134,0.075,0.027218
4070,1,2035,11,6,17,11,6,17,8,0.235639,0.267855,3229.165147,0.002103,0.00193,0.000168,14,65,0.099265,0.017117
3087,1,345,9,2,11,9,2,11,2,0.75,0.833333,2582.734514,0.00242,0.000332,0.000228,1,206,0.109091,0.026146
5511,1,555,50,14,64,50,14,64,8,0.255591,0.335246,18282.42974,0.014363,0.004226,0.000614,1,194,0.034226,0.131609
5362,1,2096,9,17,26,9,17,26,8,0.258433,0.286387,9640.444017,0.002895,0.0037,0.000093,1,23,0.066154,0.013621
5132,1,947,28,7,35,28,7,35,7,0.265675,0.30941,3421.574412,0.011124,0.006352,0.000293,1,78,0.042857,0.057444
2014,1,2987,10,34,44,10,34,44,7,0.286348,0.311844,25051.7685,0.010607,0.010174,0.000113,1,201,0.041755,0.01793
3181,1,2425,15,11,26,15,11,26,11,0.245475,0.275123,9408.394931,0.008831,0.004915,0.000123,1,206,0.061538,0.02526
2474,1,3280,6,10,16,6,10,16,10,0.256786,0.283159,1831.57482,0.008439,0.008614,0.000074,1,206,0.133333,0.008738
3967,1,2094,8,10,18,8,10,18,9,0.236562,0.265551,2390.398517,0.002386,0.004501,0.000103,1,183,0.078431,0.012709
4088,1,3699,2,0,2,2,0,2,0,0,0,0,0.005497,0,0.00006,1,206,0,0.00703
2690,1,1820,10,2,12,10,2,12,9,0.220042,0.238882,14643.11039,0.011392,0.001073,0.000183,14,96,0.022727,0.054997
4212,1,3142,8,1,9,8,1,9,7,0.21727,0.239774,499.362926,0.00324,0.000008,0.000178,14,48,0,0.010623
6615,1,9,11,1,12,11,1,12,2,0.666667,0.75,3120.920495,0.00243,0,0.000293,1,137,0.075758,0.026615
6533,1,25,17,2,19,17,2,19,4,0.333333,0.423611,4256.684574,0.010516,0.00041,0.00066,1,239,0.070175,0.135455
6389,1,3757,3,0,3,3,0,3,0,0,0,0,0.000351,0,0.000098,4,200,0,0.003562
4769,1,1606,3,0,3,3,0,3,0,0,0,0,0.001864,0,0.00011,4,200,0,0.015109
216,1,5546,0,4,4,0,4,4,11,0.191838,0.205712,0,0,0.001158,0.000056,7,46,0.083333,0
2060,1,4645,2,3,5,2,3,5,9,0.192729,0.214847,232.814524,0.000118,0.001601,0.000072,1,57,0.05,0.001738
3733,1,5545,1,3,4,1,3,4,10,0.230132,0.250642,2264.720879,0.000039,0.000397,0.000067,7,46,0.083333,0.000757
217,1,5549,0,13,13,0,13,13,10,0.237097,0.258537,0,0,0.011852,0.000056,12,205,0.057692,0
4753,1,5548,1,5,6,1,5,6,10,0.241053,0.262899,77.879256,0.000403,0.002311,0.000059,1,210,0.066667,0.000757
665,1,5219,4,28,32,4,28,32,10,0.267474,0.298911,7116.201111,0.00057,0.011203,0.000075,12,205,0.032258,0.003215
238,1,5547,1,10,11,1,10,11,11,0.216512,0.2342,106.351217,0.000403,0.001554,0.000059,12,205,0.090909,0.000757
5611,1,581,5,2,7,5,2,7,1,1,1,2867.780162,0.002289,0.000149,0.00019,10,205,0,0.046428
6206,1,28,20,0,20,20,0,20,0,0,0,0,0.019975,0,0.001355,12,110,0.097368,0.18954
218,1,5555,0,3,3,0,3,3,12,0.147525,0.156194,0,0,0.000033,0.000056,14,212,0,0
394,1,5554,1,0,1,1,0,1,0,0,0,0,0.000001,0,0.000071,14,212,0,0.000757
1955,1,5553,1,5,6,1,5,6,11,0.172901,0.186819,3022,0.000001,0.000308,0.000071,14,212,0.033333,0.000757
6174,1,1181,5,0,5,5,0,5,0,0,0,0,0.000982,0,0.000198,14,67,0,0.006907
2825,1,2575,40,59,99,40,59,99,10,0.279462,0.321079,55295.88225,0.018191,0.031229,0.000385,4,104,0.030818,0.064494
1659,1,4734,2,2,4,2,2,4,11,0.183333,0.197875,20.042399,0.000528,0.000035,0.000065,6,51,0.166667,0.001713
841,1,4732,1,4,5,1,4,5,10,0.172722,0.186596,27.931825,0.000471,0.000447,0.000057,3,96,0.05,0.000956
2526,1,3171,9,11,20,9,11,20,8,0.276318,0.30529,5520.359163,0.00506,0.012732,0.000086,1,132,0.121053,0.013399
397,1,4720,1,8,9,1,8,9,9,0.224405,0.244101,95.080525,0.000471,0.006596,0.000057,10,51,0.027778,0.000956
3173,1,970,35,26,61,35,26,61,7,0.295955,0.352743,40341.56708,0.017717,0.022388,0.000427,1,164,0.037978,0.069822
3819,1,2683,14,17,31,14,17,31,7,0.312386,0.345394,5663.500489,0.020705,0.027489,0.000135,9,71,0.060215,0.038866
3403,1,2349,5,1,6,5,1,6,10,0.220141,0.241492,925.730478,0.000995,0.001443,0.000111,6,51,0.133333,0.008694
4328,1,1250,36,27,63,36,27,63,10,0.263158,0.313055,21924.06628,0.03021,0.034093,0.000269,1,35,0.063236,0.103007
7117,1,591,6,0,6,6,0,6,0,0,0,0,0.002451,0,0.000176,10,13,0.033333,0.012527
2683,1,3168,11,16,27,11,16,27,7,0.280446,0.314895,4826.407149,0.008529,0.025675,0.000104,1,132,0.07265,0.01521
227,1,4718,1,2,3,1,2,3,8,0.239753,0.25194,673.216297,0.000471,0.000395,0.000057,1,112,0,0.000956
1149,1,4715,2,17,19,2,17,19,11,0.256355,0.288801,3168.282271,0.000493,0.005922,0.000073,4,232,0.05848,0.001713
2744,1,2576,9,18,27,9,18,27,11,0.22488,0.251127,3057.250404,0.003627,0.009829,0.000118,4,104,0.058405,0.013043
220,1,5558,0,3,3,0,3,3,9,0.199797,0.223808,0,0,0.000337,0.000056,12,90,0,0
5161,1,5557,6,0,6,6,0,6,0,0,0,0,0.000615,0,0.000148,12,90,0.166667,0.005027
4044,1,5556,1,2,3,1,2,3,10,0.161781,0.173751,10,0.000011,0.00101,0.000071,10,90,0,0.000757
222,1,5559,0,2,2,0,2,2,10,0.234859,0.248673,0,0,0.000325,0.000056,9,213,0,0
223,1,5561,0,2,2,0,2,2,9,0.216569,0.228184,0,0,0.000058,0.000056,4,143,0,0
549,1,5560,2,2,4,2,2,4,8,0.256617,0.275941,1756.072268,0.000477,0.002635,0.000081,9,143,0,0.001607
6196,1,3867,4,11,15,4,11,15,7,0.25105,0.272809,3868.723815,0.00122,0.004807,0.000096,4,18,0.038095,0.006098
5929,1,5562,0,1,1,0,1,1,10,0.249856,0.273231,0,0,0.002504,0.000056,9,27,0,0
225,1,5563,0,1,1,0,1,1,8,0.229681,0.242742,0,0,0.000212,0.000056,4,38,0,0
226,1,5564,0,11,11,0,11,11,8,0.296261,0.327589,0,0,0.018617,0.000056,7,232,0.127273,0
228,1,5566,0,2,2,0,2,2,7,0.289447,0.313032,0,0,0.002833,0.000056,5,8,0,0
4918,1,5565,2,0,2,2,0,2,0,0,0,0,0.000096,0,0.000126,5,8,0,0.001514
229,1,5568,0,6,6,0,6,6,7,0.296455,0.321212,0,0,0.008535,0.000056,5,140,0.133333,0
3007,1,5567,2,2,4,2,2,4,9,0.190844,0.208109,348.583333,0.000298,0.001366,0.000087,5,140,0,0.001514
5690,1,601,7,2,9,7,2,9,5,0.348214,0.403419,2743.729435,0.019383,0.002609,0.000203,10,140,0.041667,0.056016
3280,1,3067,7,4,11,7,4,11,8,0.248012,0.268647,1836.96388,0.015251,0.001966,0.000098,7,135,0.036364,0.027008
2202,1,3453,6,6,12,6,6,12,8,0.258871,0.278604,2025.457133,0.004886,0.002986,0.000105,10,36,0.037879,0.010864
406,1,5529,1,2,3,1,2,3,12,0.182132,0.19856,1183.470532,0.000023,0,0.000074,3,66,0,0.000851
1317,1,4768,1,1,2,1,1,2,3,0.5,0.611111,3,0.000082,0.000025,0.000061,14,83,0,0.000851
2044,1,3970,8,29,37,8,29,37,8,0.299623,0.330063,18543.92449,0.002678,0.029743,0.000094,14,32,0.024024,0.009298
331,1,4767,2,2,4,2,2,4,9,0.227531,0.240066,1283.353898,0.000587,0.000443,0.000068,7,12,0,0.001795
232,1,5569,0,2,2,0,2,2,9,0.194293,0.202192,0,0,0.000367,0.000056,3,131,0,0
5204,1,1234,16,7,23,16,7,23,7,0.24458,0.275439,9671.845356,0.01586,0.00454,0.00037,3,151,0.035573,0.064583
5040,1,3756,3,5,8,3,5,8,10,0.220906,0.251299,643.263654,0.001089,0.002052,0.000088,4,69,0.053571,0.003086
1232,1,5051,1,7,8,1,7,8,7,0.286085,0.308182,89.419199,0.000805,0.008593,0.00006,1,210,0.053571,0.000856
4602,1,292,29,3,32,29,3,32,3,0.571429,0.666667,3866.118034,0.008803,0.001262,0.000536,1,23,0.053427,0.084709
247,1,5050,1,8,9,1,8,9,10,0.211753,0.228652,229.954834,0.000805,0.001082,0.00006,10,102,0.041667,0.000856
234,1,5570,0,3,3,0,3,3,8,0.269278,0.296242,0,0,0.005936,0.000056,3,70,0,0
4043,1,1114,5,1,6,5,1,6,10,0.172682,0.188913,60.432083,0.008758,0.001759,0.000095,3,70,0.033333,0.028195
235,1,5571,0,2,2,0,2,2,10,0.200112,0.215313,0,0,0.000099,0.000056,3,162,0.5,0
1066,1,4263,2,12,14,2,12,14,9,0.250058,0.281518,3812.407839,0.001466,0.007935,0.000081,3,162,0.038462,0.001993
4762,1,2304,5,3,8,5,3,8,7,0.236082,0.262612,78.813047,0.001456,0.001404,0.00011,3,162,0.160714,0.006766
236,1,5572,0,3,3,0,3,3,8,0.243379,0.256932,0,0,0.000558,0.000056,4,111,0,0
5071,1,2822,3,0,3,3,0,3,0,0,0,0,0.001577,0,0.000081,4,111,0,0.006783
6197,1,4896,1,1,2,1,1,2,4,0.346939,0.397059,0,0.001235,0.001282,0.000057,10,140,0.5,0.000944
858,1,4895,1,15,16,1,15,16,7,0.316415,0.350047,746.220312,0.001235,0.019741,0.000057,10,68,0.045833,0.000944
4873,1,3906,6,2,8,6,2,8,5,0.302632,0.376812,110.505893,0.002332,0.000862,0.000128,10,160,0.017857,0.006047
547,1,4886,2,9,11,2,9,11,8,0.253651,0.275837,901.581333,0.001254,0.004225,0.000069,2,171,0.2,0.001806
6921,1,45,73,1,74,73,1,74,1,1,1,1015.349408,0.045837,0.001049,0.005029,10,156,0.020548,0.446559
1110,1,4884,3,15,18,3,15,18,7,0.281385,0.302447,3793.74986,0.001398,0.007008,0.000075,2,171,0.104575,0.002768
6263,1,825,5,2,7,5,2,7,7,0.216216,0.25642,1719.162362,0.011301,0.001974,0.000127,10,125,0.095238,0.096768
3479,1,797,8,2,10,8,2,10,2,0.75,0.833333,89.483976,0.003946,0.000763,0.000236,9,157,0.166667,0.031828
1938,1,1477,4,1,5,4,1,5,5,0.293333,0.348485,850.235673,0.001857,0.000642,0.000099,3,171,0.05,0.007117
4023,1,1677,13,7,20,13,7,20,8,0.263301,0.295146,20837.41064,0.02429,0.006044,0.000138,2,171,0.063158,0.09497
6016,1,1077,18,3,21,18,3,21,2,0.8,0.875,1821.905296,0.011184,0.000513,0.000253,2,171,0.1,0.063085
414,1,4887,1,4,5,1,4,5,8,0.227027,0.238534,0,0.001235,0.00054,0.000057,2,171,0.5,0.000944
6177,1,422,4,0,4,4,0,4,0,0,0,0,0.003503,0,0.000161,9,95,0.25,0.033501
1378,1,4882,1,4,5,1,4,5,8,0.29849,0.336284,9.296465,0.001235,0.016661,0.000057,8,133,0.25,0.000944
3022,1,2657,5,13,18,5,13,18,8,0.24037,0.264397,1701.413514,0.002211,0.003697,0.000079,2,171,0.107843,0.005719
5805,1,1475,2,0,2,2,0,2,0,0,0,0,0.001325,0,0.000202,3,140,0.5,0.006084
320,1,4881,1,10,11,1,10,11,9,0.252484,0.270925,137.900406,0.001235,0.007407,0.000057,10,220,0.027273,0.000944
5996,1,706,10,1,11,10,1,11,1,1,1,861.847291,0.020243,0.000086,0.000189,3,213,0.109091,0.089586
2870,1,4880,1,2,3,1,2,3,9,0.208804,0.2268,23.982973,0.001235,0.000985,0.000057,14,230,0,0.000944
4259,1,4879,1,2,3,1,2,3,6,0.305405,0.3441,3.242607,0.001235,0.008653,0.000057,10,140,0.333333,0.000944
1941,1,1075,9,0,9,9,0,9,0,0,0,0,0.002049,0,0.000228,2,171,0.319444,0.017182
5112,1,1474,5,2,7,5,2,7,3,0.555556,0.666667,150.520195,0.003741,0.00045,0.000094,2,171,0.333333,0.0146
811,1,4722,2,10,12,2,10,12,9,0.294125,0.32724,254.212539,0.001605,0.019872,0.000059,1,82,0.075758,0.002006
1467,1,4966,5,18,23,5,18,23,8,0.247891,0.267569,2063.855013,0.001263,0.003037,0.000074,12,90,0.037549,0.004475
4844,1,3041,5,4,9,5,4,9,8,0.229965,0.25588,1010.112497,0.01068,0.001605,0.000098,4,71,0.027778,0.018373
6623,1,1403,13,9,22,13,9,22,7,0.248698,0.268678,5853.737569,0.004409,0.001963,0.000124,12,174,0.041126,0.019311
6122,1,1401,3,0,3,3,0,3,0,0,0,0,0.000501,0,0.000075,12,205,0.333333,0.004478
6344,1,38,11,0,11,11,0,11,0,0,0,0,0.001476,0,0.000331,12,90,0.2,0.025687
5092,1,5149,2,2,4,2,2,4,3,0.5,0.611111,10.416667,0.000133,0.001264,0.000114,7,212,0.083333,0.001806
3416,1,1833,6,3,9,6,3,9,8,0.276522,0.314946,1239.880894,0.026656,0.01384,0.000088,3,212,0.194444,0.076315
3452,1,3096,4,7,11,4,7,11,9,0.2552,0.278015,1092.642924,0.000881,0.005961,0.000084,7,51,0.109091,0.00453
1480,1,5214,1,1,2,1,1,2,3,0.454545,0.533333,0,0.000133,0.001164,0.00006,7,212,0.5,0.00095
4415,1,1303,2,1,3,2,1,3,8,0.215836,0.232183,520.109215,0.002618,0.001362,0.000072,7,212,0,0.024923
240,1,5574,0,4,4,0,4,4,9,0.265134,0.282192,0,0,0.005904,0.000056,9,107,0.166667,0
4039,1,5573,2,1,3,2,1,3,2,0.666667,0.75,4,0.000405,0.000022,0.000071,3,107,0,0.001514
241,1,5576,0,1,1,0,1,1,1,1,1,0,0,0,0.000056,2,160,0,0
2633,1,5575,2,0,2,2,0,2,0,0,0,0,0.000007,0,0.000126,2,160,0,0.001514
242,1,5578,0,6,6,0,6,6,12,0.164503,0.176944,0,0,0.002069,0.000056,10,173,0.1,0
4797,1,5577,1,0,1,1,0,1,0,0,0,0,0.00007,0,0.000063,10,173,0,0.000757
5835,1,418,10,1,11,10,1,11,5,0.283019,0.355556,209.732995,0.001572,0.001245,0.000431,10,114,0.027273,0.029078
2899,1,702,22,5,27,22,5,27,3,0.666667,0.791667,4429.155271,0.007214,0.001504,0.000485,10,203,0.008547,0.052164
1777,1,3525,2,9,11,2,9,11,11,0.195662,0.213528,7157.630881,0.01501,0.003077,0.000067,10,173,0.036364,0.020112
5057,1,1700,4,2,6,4,2,6,6,0.251208,0.297436,319.287974,0.000353,0.001542,0.000145,10,173,0.1,0.006949
243,1,5583,0,17,17,0,17,17,7,0.288606,0.308456,0,0,0.009653,0.000056,1,18,0.047794,0
752,1,4759,3,15,18,3,15,18,8,0.274307,0.296969,741.47978,0.001445,0.0117,0.000065,1,129,0.042484,0.002799
6270,1,173,27,4,31,27,4,31,3,0.482759,0.583333,6285.171405,0.008616,0.002433,0.000906,1,167,0.007527,0.089072
2030,1,3623,4,7,11,4,7,11,12,0.198023,0.220998,917.410914,0.002479,0.000652,0.000066,4,63,0.054545,0.006165
4934,1,2138,5,0,5,5,0,5,0,0,0,0,0.000939,0,0.000097,3,234,0.05,0.008454
2129,1,4755,8,33,41,8,33,41,9,0.275956,0.307358,6835.903046,0.001843,0.020287,0.000102,1,155,0.017073,0.007351
4885,1,5582,1,2,3,1,2,3,5,0.298246,0.392157,1.433333,0.000328,0.001825,0.000058,10,18,0,0.000757
423,1,5581,1,9,10,1,9,10,9,0.248455,0.267937,174.497433,0.000328,0.003118,0.000058,1,190,0.122222,0.000757
244,1,5584,0,5,5,0,5,5,10,0.292853,0.332399,0,0,0.025778,0.000056,2,182,0.05,0
5616,1,1261,11,2,13,11,2,13,3,0.555556,0.666667,633.430876,0.021543,0.00074,0.000201,9,182,0.051282,0.052852
245,1,5585,0,8,8,0,8,8,7,0.297484,0.3216,0,0,0.009042,0.000056,14,32,0.071429,0
756,1,2424,6,1,7,6,1,7,5,0.333333,0.420833,74.504109,0.001911,0.00011,0.000111,14,32,0.071429,0.009267
6424,1,1069,18,8,26,18,8,26,9,0.210828,0.241456,13074.20829,0.005662,0.005883,0.000313,1,109,0.02,0.041305
5952,1,1730,10,0,10,10,0,10,0,0,0,0,0.00139,0,0.000239,5,102,0.033333,0.013874
3643,1,3167,11,16,27,11,16,27,9,0.263564,0.288902,3075.334384,0.008131,0.009646,0.000099,1,132,0.081197,0.015146
1026,1,4534,4,24,28,4,24,28,9,0.262888,0.291047,5957.542904,0.00555,0.019792,0.000066,1,132,0.080688,0.005177
2913,1,2210,13,19,32,13,19,32,8,0.249938,0.28118,11726.21071,0.002902,0.006349,0.00017,1,199,0.044355,0.022783
2821,1,4566,3,3,6,3,3,6,9,0.209832,0.231952,71.862458,0.001627,0.001552,0.000068,10,102,0.1,0.003717
6738,1,5049,1,0,1,1,0,1,0,0,0,0,0.000037,0,0.000062,10,102,0,0.000857
4953,1,1967,2,1,3,2,1,3,3,0.5,0.583333,62.265683,0.005788,0.000629,0.000071,10,200,0,0.030988
479,1,4828,1,9,10,1,9,10,10,0.219445,0.235008,209.315525,0.000144,0.00086,0.000061,3,126,0.077778,0.000956
2437,1,4203,3,4,7,3,4,7,7,0.29547,0.320265,6526.063386,0.001143,0.00567,0.000072,10,166,0.047619,0.002744
2545,1,5,18,1,19,18,1,19,1,1,1,852.036676,0.004344,0.00018,0.00089,14,166,0.052632,0.059469
249,1,5588,0,9,9,0,9,9,9,0.236556,0.253097,0,0,0.011176,0.000056,7,57,0.027778,0
5015,1,718,11,2,13,11,2,13,8,0.220859,0.245362,1569.91038,0.021844,0.001337,0.000149,7,40,0.038462,0.125011
3400,1,5587,1,0,1,1,0,1,0,0,0,0,0.00038,0,0.000061,7,57,0,0.000757
3901,1,5586,1,2,3,1,2,3,9,0.252144,0.270419,64.306371,0.00038,0.001024,0.000061,7,45,0,0.000757
250,1,5590,0,6,6,0,6,6,10,0.212708,0.232314,0,0,0.002357,0.000056,4,47,0,0
6683,1,3606,3,0,3,3,0,3,0,0,0,0,0.004229,0,0.000068,4,47,0,0.006535
1320,1,3939,2,9,11,2,9,11,9,0.246034,0.269219,2798.1719,0.002179,0.006537,0.000064,7,6,0.027273,0.002908
2435,1,5589,1,7,8,1,7,8,9,0.273458,0.293152,517.029365,0.00008,0.006,0.000063,9,47,0.089286,0.000757
251,1,5591,0,3,3,0,3,3,8,0.276255,0.297633,0,0,0.004467,0.000056,3,21,0.166667,0
252,1,5592,0,9,9,0,9,9,7,0.291196,0.312578,0,0,0.006375,0.000056,2,207,0.055556,0
3140,1,4624,2,1,3,2,1,3,8,0.242397,0.258151,70.060615,0.00028,0.001285,0.000067,2,42,0,0.001707
2909,1,2650,4,11,15,4,11,15,9,0.24431,0.266907,2968.934345,0.002303,0.004125,0.000075,10,206,0.02381,0.004954
253,1,5594,0,11,11,0,11,11,10,0.236524,0.259069,0,0,0.004227,0.000056,9,191,0.045455,0
3420,1,5593,3,3,6,3,3,6,6,0.295455,0.361538,42.004043,0.000374,0.000189,0.000092,3,152,0.033333,0.002364
5730,1,457,37,4,41,37,4,41,6,0.303571,0.382353,3641.696516,0.018117,0.001731,0.000617,7,144,0.065854,0.157383
5474,1,923,14,11,25,14,11,25,6,0.318367,0.374288,5623.274817,0.008735,0.01112,0.000184,9,191,0.035,0.048136
4718,1,2135,9,11,20,9,11,20,8,0.298716,0.331599,23717.57306,0.005997,0.012894,0.000114,9,191,0.055263,0.021463
254,1,5595,0,2,2,0,2,2,9,0.260934,0.283252,0,0,0.00239,0.000056,3,175,0,0
5498,1,3588,2,0,2,2,0,2,0,0,0,0,0.001447,0,0.000068,4,202,0,0.002523
256,1,5596,0,1,1,0,1,1,1,1,1,0,0,0.000056,0.000056,3,81,0,0
5982,1,968,13,0,13,13,0,13,0,0,0,0,0.001646,0,0.000561,3,81,0.032051,0.020139
257,1,5599,0,8,8,0,8,8,10,0.209268,0.227817,0,0,0.001173,0.000056,5,46,0.017857,0
4825,1,4632,2,2,4,2,2,4,6,0.275362,0.364912,14.153247,0.000746,0.000307,0.000063,1,2,0,0.001825
488,1,5598,1,1,2,1,1,2,3,0.5,0.611111,3,0.00004,0.00008,0.000061,5,229,0,0.000757
1713,1,5597,1,6,7,1,6,7,10,0.219964,0.24235,502.30944,0.00004,0.003997,0.000061,10,162,0,0.000757
4438,1,2881,2,2,4,2,2,4,7,0.267708,0.297814,129.735373,0.000213,0.002003,0.000078,5,46,0,0.003332
2667,1,2272,3,0,3,3,0,3,0,0,0,0,0.000141,0,0.000101,5,82,0,0.00326
6443,1,1331,3,0,3,3,0,3,0,0,0,0,0.000384,0,0.0001,5,46,0,0.012362
258,1,5600,0,11,11,0,11,11,8,0.266875,0.286448,0,0,0.006252,0.000056,10,229,0.045455,0
5010,1,485,24,6,30,24,6,30,7,0.265101,0.294763,4600.797016,0.019923,0.006864,0.000396,9,160,0.049425,0.085403
4057,1,2867,5,6,11,5,6,11,7,0.271922,0.294866,1885.49443,0.003848,0.007174,0.000087,10,228,0.045455,0.006489
6943,1,3,26,1,27,26,1,27,1,1,1,3433.119666,0.005875,0.00027,0.00129,1,177,0.027066,0.066853
6239,1,994,24,2,26,24,2,26,1,1,1,2618.334698,0.007983,0.000331,0.000307,1,132,0.02,0.053047
5213,1,1444,4,0,4,4,0,4,0,0,0,0,0.000776,0,0.000162,10,229,0,0.007779
4887,1,2020,15,4,19,15,4,19,7,0.30603,0.341978,3168.776883,0.010862,0.013546,0.000231,9,2,0.087719,0.048282
260,1,5601,0,2,2,0,2,2,9,0.226244,0.240176,0,0,0.007541,0.000056,2,152,0.5,0
6303,1,2887,4,0,4,4,0,4,0,0,0,0,0.001348,0,0.000093,4,84,0.416667,0.005699
6502,1,4986,1,0,1,1,0,1,0,0,0,0,0.000607,0,0.000057,4,84,0,0.000962
4527,1,2888,3,3,6,3,3,6,5,0.380952,0.566667,73.983084,0.001324,0.000693,0.000073,4,84,0.166667,0.004537
1464,1,4400,3,27,30,3,27,30,11,0.266793,0.302209,674.514117,0.002145,0.014508,0.000061,4,35,0.027586,0.003279
1601,1,3608,12,33,45,12,33,45,7,0.338451,0.375053,34874.74067,0.016011,0.044286,0.00009,4,227,0.030303,0.018524
4735,1,5604,0,1,1,0,1,1,12,0.133409,0.138172,0,0,0,0.000056,14,48,0,0
2763,1,5603,1,1,2,1,1,2,11,0.153801,0.160577,1058,0,0,0.000103,14,48,0,0.000757
263,1,5605,0,12,12,0,12,12,7,0.296272,0.316331,0,0,0.008478,0.000056,9,13,0.022727,0
2919,1,2648,13,13,26,13,13,26,11,0.257906,0.28783,5770.26939,0.012131,0.005786,0.000108,9,206,0.041538,0.026783
264,1,5606,0,3,3,0,3,3,7,0.293543,0.317546,0,0,0.00363,0.000056,5,56,0,0
4027,1,2643,14,20,34,14,20,34,8,0.282947,0.32485,12562.40149,0.012998,0.022321,0.000133,10,56,0.029412,0.025666
5904,1,1108,8,0,8,8,0,8,0,0,0,0,0.010524,0,0.000226,5,127,0.107143,0.037979
265,1,5607,0,6,6,0,6,6,8,0.228034,0.242921,0,0,0.012221,0.000056,3,182,0,0
546,1,5412,2,23,25,2,23,25,7,0.278977,0.295174,4259.062288,0.001123,0.003808,0.000066,9,182,0.003333,0.001607
5909,1,3290,2,1,3,2,1,3,3,0.5,0.583333,344.834715,0.015355,0.000082,0.000067,3,182,0,0.020112
266,1,5609,0,2,2,0,2,2,9,0.233278,0.250936,0,0,0.001124,0.000056,3,114,0,0
3630,1,5608,1,5,6,1,5,6,9,0.248503,0.266813,854.55798,0.000038,0.003924,0.000079,10,114,0,0.000757
1182,1,5610,0,1,1,0,1,1,6,0.259475,0.298876,0,0,0.000455,0.000056,4,213,0,0
268,1,5615,0,11,11,0,11,11,10,0.213966,0.232101,0,0,0.000933,0.000056,14,166,0.118182,0
2431,1,5614,2,7,9,2,7,9,9,0.202938,0.220366,914.991414,0.000077,0.000776,0.000069,14,166,0.111111,0.001514
1477,1,5612,1,7,8,1,7,8,10,0.230394,0.253706,763.937518,0.000032,0.008456,0.00006,14,134,0.053571,0.000757
57,1,332,12,1,13,12,1,13,1,1,1,2725.568435,0.003339,0.000211,0.000392,14,166,0.025641,0.035232
4231,1,753,2,0,2,2,0,2,0,0,0,0,0.004792,0,0.00009,14,166,0,0.076447
2295,1,3764,3,10,13,3,10,13,9,0.248626,0.275612,1518.637522,0.001917,0.004189,0.000067,1,166,0.089744,0.004142
2153,1,893,12,3,15,12,3,15,2,0.666667,0.75,494.806764,0.001017,0.00041,0.000375,14,166,0.057143,0.016254
6243,1,4050,4,2,6,4,2,6,3,0.470588,0.5625,5.297619,0.000078,0.001083,0.0001,14,166,0.233333,0.003615
269,1,5616,0,3,3,0,3,3,8,0.258734,0.284332,0,0,0.013056,0.000056,3,153,0.166667,0
4029,1,4099,6,8,14,6,8,14,9,0.233912,0.258694,1556.031666,0.001716,0.005042,0.000151,3,153,0,0.005792
270,1,5617,0,2,2,0,2,2,8,0.231929,0.242951,0,0,0.000668,0.000056,10,140,0.5,0
271,1,5618,0,1,1,0,1,1,8,0.203209,0.226535,0,0,0.000746,0.000056,9,93,0,0
5400,1,762,6,1,7,6,1,7,7,0.252796,0.292583,1378.192348,0.021944,0.002263,0.000156,9,93,0.047619,0.106109
272,1,5619,0,1,1,0,1,1,9,0.22505,0.240317,0,0,0.001117,0.000056,9,157,0,0
273,1,5622,0,5,5,0,5,5,9,0.220161,0.235631,0,0,0.001183,0.000056,12,90,0.05,0
1254,1,5621,3,7,10,3,7,10,8,0.28098,0.311942,7005.879138,0.00006,0.014851,0.000098,12,90,0.066667,0.002271
274,1,5623,0,3,3,0,3,3,8,0.259234,0.279277,0,0,0.003528,0.000056,9,16,0,0
1265,1,4816,1,19,20,1,19,20,8,0.284474,0.306161,540.827096,0.000816,0.005115,0.000058,14,65,0.063158,0.00095
667,1,4727,4,20,24,4,20,24,8,0.305136,0.336479,5525.620191,0.002291,0.018039,0.000066,1,6,0.076087,0.003824
3650,1,2541,14,10,24,14,10,24,7,0.287593,0.31089,6046.201231,0.011798,0.008687,0.000128,9,123,0.048913,0.027362
2204,1,4814,3,9,12,3,9,12,9,0.222156,0.249286,127.067159,0.000972,0.002727,0.000073,1,190,0.068182,0.002558
1057,1,4810,1,2,3,1,2,3,8,0.250668,0.264275,118.49831,0.000816,0.001237,0.000058,11,199,0,0.00095
4737,1,5624,0,6,6,0,6,6,8,0.247692,0.267404,0,0,0.003188,0.000056,5,130,0.033333,0
5829,1,708,15,4,19,15,4,19,5,0.314607,0.417857,765.723988,0.005591,0.002203,0.00028,9,146,0.05848,0.031374
4893,1,2919,4,0,4,4,0,4,0,0,0,0,0.015113,0,0.000113,5,130,0,0.022045
3949,1,3335,2,1,3,2,1,3,1,1,1,133.74753,0.015048,0.000107,0.000067,5,130,0,0.020112
1647,1,3603,2,2,4,2,2,4,9,0.164251,0.182416,126.993645,0.001615,0.000138,0.000066,5,130,0,0.003198
5604,1,5625,0,2,2,0,2,2,10,0.171946,0.18616,0,0,0.00067,0.000056,10,204,0,0
277,1,5626,0,4,4,0,4,4,8,0.242223,0.257887,0,0,0.002182,0.000056,3,210,0.083333,0
5724,1,848,6,3,9,6,3,9,2,0.8,0.875,5222.46455,0.000266,0.000267,0.000223,3,210,0.027778,0.007221
2636,1,3155,3,5,8,3,5,8,9,0.280373,0.306423,2188.143333,0.001305,0.007817,0.00008,3,210,0.125,0.003774
278,1,5627,0,3,3,0,3,3,8,0.266469,0.289816,0,0,0.01284,0.000056,3,207,0,0
2233,1,3903,2,0,2,2,0,2,0,0,0,0,0.000929,0,0.000076,3,207,0,0.002252
279,1,5628,0,2,2,0,2,2,8,0.225559,0.243049,0,0,0.000576,0.000056,9,169,0,0
4791,1,1290,15,8,23,15,8,23,7,0.289017,0.323565,4673.125155,0.004386,0.004771,0.00026,9,4,0.043478,0.030161
5900,1,721,8,1,9,8,1,9,1,1,1,72.613851,0.012554,0.00073,0.000173,9,169,0.069444,0.118768
280,1,5631,0,5,5,0,5,5,10,0.241897,0.273773,0,0,0.012614,0.000056,9,154,0.15,0
2559,1,5630,1,2,3,1,2,3,4,0.363636,0.489583,0,0.000429,0.000049,0.000065,9,154,0.333333,0.000757
4396,1,5629,2,0,2,2,0,2,0,0,0,0,0.000431,0,0.000093,9,154,0.5,0.001607
281,1,5634,0,6,6,0,6,6,7,0.296484,0.321658,0,0,0.006174,0.000056,5,102,0.066667,0
1609,1,5633,1,1,2,1,1,2,1,1,1,0,0.00021,0.000071,0.000063,5,102,0.5,0.000757
6120,1,5632,1,0,1,1,0,1,0,0,0,0,0.00021,0,0.000063,5,102,0,0.000757
282,1,5638,0,5,5,0,5,5,13,0.173958,0.204603,0,0,0.000174,0.000056,14,55,0.1,0
4145,1,5637,1,2,3,1,2,3,8,0.22898,0.251456,68.730823,0.000006,0.001001,0.000065,1,55,0,0.000757
4460,1,5636,1,2,3,1,2,3,3,0.571429,0.708333,2,0.000006,0.00008,0.000065,14,229,0,0.000757
283,1,5644,0,8,8,0,8,8,9,0.231182,0.251071,0,0,0.0014,0.000056,9,4,0.035714,0
692,1,5643,1,4,5,1,4,5,12,0.198831,0.216868,56.14138,0.000048,0.001434,0.000061,9,4,0.05,0.000757
5229,1,2957,2,1,3,2,1,3,1,1,1,125.173886,0.000509,0.000012,0.000064,3,4,0,0.003568
4723,1,2412,6,3,9,6,3,9,6,0.3,0.35314,179.756143,0.003857,0.001707,0.000089,1,4,0.069444,0.01074
638,1,5641,1,10,11,1,10,11,9,0.255144,0.27629,300.301468,0.000048,0.005521,0.000061,9,4,0.045455,0.000757
284,1,5645,0,2,2,0,2,2,8,0.272134,0.291117,0,0,0.002137,0.000056,4,7,0,0
6998,1,5648,0,5,5,0,5,5,8,0.22314,0.296737,0,0,0.000328,0.000056,1,132,0.2,0
6969,1,222,8,0,8,8,0,8,0,0,0,0,0.004734,0,0.000654,1,132,0.107143,0.01741
5612,1,1067,7,1,8,7,1,8,1,1,1,94.150642,0.004626,0.000161,0.000183,1,132,0.107143,0.011666
1678,1,5647,1,3,4,1,3,4,7,0.268421,0.330112,49,0.000011,0.000628,0.000065,1,132,0.25,0.000757
6624,1,5646,1,1,2,1,1,2,1,1,1,0,0.000011,0.000161,0.000065,1,132,0.5,0.000757
285,1,5660,0,3,3,0,3,3,8,0.240293,0.2529,0,0,0.00078,0.000056,3,133,0,0
368,1,5659,1,67,68,1,67,68,7,0.314592,0.344774,3926.00906,0.000027,0.052563,0.000071,3,58,0.014267,0.000757
1831,1,5649,1,1,2,1,1,2,11,0.204391,0.220409,47.116391,0.000027,0.000623,0.000071,3,133,0,0.000757
3542,1,5662,0,7,7,0,7,7,10,0.183454,0.193289,0,0,0.001107,0.000056,14,12,0,0
371,1,785,4,0,4,4,0,4,0,0,0,0,0.000755,0,0.000194,14,12,0,0.016625
838,1,5661,1,1,2,1,1,2,7,0.254386,0.293473,26.933333,0.000038,0.00218,0.000062,14,12,0,0.000757
5823,1,529,19,4,23,19,4,23,7,0.263043,0.305726,2680.573126,0.011214,0.002084,0.000276,1,198,0.079051,0.099199
6022,1,688,11,3,14,11,3,14,2,0.714286,0.8,3530.058156,0.005707,0.000498,0.000232,10,59,0.043956,0.088129
4794,1,1224,4,0,4,4,0,4,0,0,0,0,0.001363,0,0.000103,9,235,0.083333,0.009201
4056,1,325,8,0,8,8,0,8,0,0,0,0,0.008554,0,0.000483,10,12,0.089286,0.048038
287,1,5665,0,3,3,0,3,3,9,0.241961,0.265235,0,0,0.002365,0.000056,11,111,0,0
300,1,5664,1,17,18,1,17,18,8,0.269237,0.292379,1617.429346,0.00008,0.006909,0.000071,11,111,0.013072,0.000757
288,1,5666,0,3,3,0,3,3,8,0.241921,0.25912,0,0,0.002523,0.000056,3,200,0,0
3438,1,2122,5,9,14,5,9,14,10,0.264782,0.288964,4751.621374,0.002448,0.004943,0.000113,3,200,0.005495,0.008917
289,1,5667,0,2,2,0,2,2,9,0.262951,0.28569,0,0,0.002481,0.000056,2,171,0,0
3470,1,2127,10,10,20,10,10,20,8,0.263692,0.29082,7836.402071,0.006434,0.011716,0.000177,2,171,0.021053,0.01698
290,1,5668,0,12,12,0,12,12,8,0.297119,0.326896,0,0,0.011405,0.000056,4,186,0.060606,0
733,1,5656,2,23,25,2,23,25,7,0.288658,0.30982,429.312368,0.002176,0.013395,0.00006,3,58,0.04,0.001607
3211,1,3393,4,2,6,4,2,6,7,0.245186,0.262803,1211.019068,0.010596,0.001204,0.000071,4,186,0.066667,0.013635
545,1,4573,2,21,23,2,21,23,9,0.282023,0.30848,984.444828,0.001475,0.014675,0.000061,9,38,0.045455,0.002508
291,1,5670,0,16,16,0,16,16,7,0.315958,0.338114,0,0,0.01274,0.000056,9,176,0.079167,0
2562,1,2848,3,11,14,3,11,14,8,0.30772,0.341487,10783.56995,0.007344,0.025061,0.000064,3,176,0.076923,0.011563
416,1,4155,3,3,6,3,3,6,11,0.229043,0.24589,75.309268,0.003098,0.003009,0.000063,9,115,0,0.003887
3541,1,5669,1,1,2,1,1,2,7,0.245064,0.262295,30.36113,0.000433,0.001116,0.000059,4,176,0,0.000757
3392,1,3232,4,3,7,4,3,7,7,0.306335,0.343031,1087.739392,0.019903,0.013316,0.000066,5,176,0.047619,0.023783
5605,1,3819,3,1,4,3,1,4,3,0.5,0.611111,14.698337,0.007383,0.000285,0.00006,9,176,0.166667,0.006519
3801,1,1905,11,4,15,11,4,15,9,0.224774,0.255138,3872.780252,0.04324,0.005053,0.000107,5,46,0.066667,0.08331
292,1,5673,0,5,5,0,5,5,7,0.305563,0.330734,0,0,0.004557,0.000056,5,8,0.05,0
1792,1,5672,1,0,1,1,0,1,0,0,0,0,0.000155,0,0.000065,5,8,0,0.000757
717,1,5671,1,1,2,1,1,2,7,0.289388,0.312833,0,0.000155,0.00283,0.000065,5,8,0.5,0.000757
1292,1,5138,1,4,5,1,4,5,9,0.204476,0.216069,168.584195,0.000072,0.001313,0.000064,4,111,0,0.000851
5879,1,497,7,2,9,7,2,9,7,0.255814,0.303084,1610.443861,0.004038,0.000375,0.000169,1,225,0.069444,0.053743
5240,1,1564,9,4,13,9,4,13,3,0.529412,0.666667,1572.352656,0.00854,0.001015,0.000128,4,116,0.051282,0.042902
593,1,1374,6,1,7,6,1,7,1,1,1,7.963112,0.004772,0.000138,0.000092,7,225,0.166667,0.024615
294,1,5676,0,10,10,0,10,10,9,0.274109,0.299209,0,0,0.003353,0.000056,3,134,0.055556,0
2646,1,5675,1,0,1,1,0,1,0,0,0,0,0.000114,0,0.00006,3,134,0,0.000757
1406,1,5674,1,1,2,1,1,2,1,1,1,1,0.000114,0.000761,0.00006,5,134,0,0.000757
4081,1,4675,2,1,3,2,1,3,1,1,1,1,0.000132,0.000043,0.000067,10,13,0.166667,0.001643
4242,1,1397,47,39,86,47,39,86,8,0.281585,0.327082,47714.33,0.031501,0.025155,0.000354,1,198,0.042408,0.099048
2130,1,4337,5,5,10,5,5,10,9,0.289964,0.331461,1677.624039,0.003006,0.013458,0.000101,3,134,0.088889,0.007114
296,1,5677,0,1,1,0,1,1,8,0.203209,0.226535,0,0,0.000641,0.000056,5,24,0,0
5329,1,1739,4,1,5,4,1,5,7,0.252796,0.292583,302.095308,0.018852,0.002263,0.000122,5,24,0.15,0.038356
297,1,5678,0,1,1,0,1,1,1,1,1,0,0,0.000052,0.000056,6,220,0,0
6775,1,919,10,0,10,10,0,10,0,0,0,0,0.001524,0,0.000426,6,220,0.055556,0.027594
298,1,5680,0,3,3,0,3,3,12,0.171534,0.180359,0,0,0.000322,0.000056,4,136,0.166667,0
1295,1,5679,3,8,11,3,8,11,11,0.202373,0.213962,6946.092458,0.000011,0.001969,0.000166,4,136,0.018182,0.002271
2400,1,4944,3,8,11,3,8,11,12,0.1928,0.215861,371.573445,0.000805,0.004978,0.000077,4,136,0.018182,0.002711
5659,1,2567,4,2,6,4,2,6,1,1,1,926.413102,0.000522,0.000212,0.000126,4,112,0.033333,0.007494
927,1,5356,3,17,20,3,17,20,10,0.249109,0.273435,703.597749,0.00065,0.00512,0.000069,1,137,0.002632,0.002464
4795,1,5663,1,0,1,1,0,1,0,0,0,0,0.000235,0,0.000059,11,111,0,0.000851
4128,1,4224,5,5,10,5,5,10,7,0.30647,0.343078,3245.318825,0.005,0.012374,0.000132,11,240,0.011111,0.005518
3050,1,1025,20,3,23,20,3,23,5,0.383838,0.441667,1226.94465,0.017508,0.003611,0.000255,1,131,0.017787,0.079752
1200,1,4714,2,4,6,2,4,6,7,0.236692,0.264171,60.746659,0.000436,0.000817,0.000063,11,179,0,0.001807
5006,1,1445,15,3,18,15,3,18,5,0.354839,0.498485,1007.161511,0.005859,0.00082,0.000287,3,111,0.003268,0.021385
5215,1,2204,7,1,8,7,1,8,1,1,1,72.732985,0.01371,0.00034,0.00013,11,111,0.071429,0.035254
2719,1,2528,39,52,91,39,52,91,8,0.313677,0.35135,57519.99155,0.03736,0.050204,0.000261,7,86,0.038828,0.080231
6289,1,4921,2,0,2,2,0,2,0,0,0,0,0.001015,0,0.000062,4,210,0,0.002041
1319,1,4960,2,4,6,2,4,6,10,0.241143,0.256759,165.621935,0.000543,0.001332,0.000068,9,16,0.1,0.001718
5583,1,3360,3,0,3,3,0,3,0,0,0,0,0.000567,0,0.000073,9,200,0,0.003194
4869,1,1305,9,3,12,9,3,12,1,1,1,3697.64692,0.002818,0.000133,0.00016,7,68,0.022727,0.019012
3445,1,4955,1,0,1,1,0,1,0,0,0,0,0.000389,0,0.00006,9,210,0,0.000962
302,1,5681,0,10,10,0,10,10,10,0.224261,0.244768,0,0,0.013753,0.000056,3,221,0.155556,0
2879,1,2494,10,12,22,10,12,22,9,0.238588,0.272612,3919.382066,0.010909,0.014166,0.00011,3,221,0.084416,0.024105
2388,1,3913,3,2,5,3,2,5,11,0.229912,0.249397,191.369752,0.002102,0.001527,0.000066,9,179,0.05,0.004267
2661,1,2863,7,16,23,7,16,23,9,0.273488,0.299934,3991.674749,0.01155,0.014205,0.000086,3,221,0.08498,0.017466
7056,1,178,8,0,8,8,0,8,0,0,0,0,0.003144,0,0.000319,3,130,0.035714,0.034893
5538,1,481,35,5,40,35,5,40,6,0.308889,0.34988,12649.76408,0.04139,0.011996,0.000644,9,121,0.050641,0.247734
303,1,5682,0,2,2,0,2,2,7,0.251625,0.279464,0,0,0.002725,0.000056,7,33,0,0
4620,1,1832,29,15,44,29,15,44,8,0.278595,0.34411,20955.31224,0.027184,0.007949,0.000218,1,100,0.056554,0.09617
5510,1,768,12,2,14,12,2,14,2,0.6,0.666667,387.169631,0.009843,0.001591,0.000126,1,196,0.076923,0.057035
5508,1,5683,0,2,2,0,2,2,8,0.204745,0.218118,0,0,0.000158,0.000056,1,190,0.5,0
3759,1,2786,7,5,12,7,5,12,8,0.227009,0.247894,4651.618135,0.004525,0.003532,0.000119,1,190,0.090909,0.01888
689,1,5580,2,9,11,2,9,11,7,0.247527,0.270143,786.143038,0.000111,0.004562,0.000085,1,190,0.072727,0.001607
306,1,5684,0,13,13,0,13,13,9,0.244717,0.26661,0,0,0.002898,0.000056,1,23,0.108974,0
5239,1,243,4,0,4,4,0,4,0,0,0,0,0.00053,0,0.000667,1,23,0.083333,0.040439
5090,1,2043,8,5,13,8,5,13,6,0.284672,0.339174,1124.11812,0.003218,0.001454,0.000111,1,23,0.064103,0.014192
2738,1,2983,10,23,33,10,23,33,9,0.272774,0.301224,20020.63593,0.003277,0.014826,0.000108,1,204,0.025568,0.013052
1483,1,3976,10,32,42,10,32,42,8,0.288339,0.314135,10626.97841,0.010793,0.014516,0.000131,7,228,0.012195,0.010589
2333,1,2925,5,6,11,5,6,11,12,0.226991,0.266294,1095.288177,0.002585,0.010212,0.000086,1,215,0.036364,0.005442
5029,1,246,12,2,14,12,2,14,4,0.393939,0.480769,1821.004258,0.001821,0.001001,0.000596,1,241,0.043956,0.0383
1848,1,5686,0,6,6,0,6,6,7,0.294825,0.320784,0,0,0.006437,0.000056,4,175,0.1,0
7088,1,262,9,0,9,9,0,9,0,0,0,0,0.005397,0,0.000592,5,175,0.138889,0.068442
3889,1,5685,1,0,1,1,0,1,0,0,0,0,0.000219,0,0.000063,4,175,0,0.000757
1857,1,5693,0,11,11,0,11,11,9,0.248023,0.272064,0,0,0.001989,0.000056,2,134,0.018182,0
375,1,5692,1,6,7,1,6,7,12,0.239088,0.272982,538.335709,0.000068,0.015014,0.00006,7,183,0,0.000757
2170,1,4187,4,11,15,4,11,15,10,0.276712,0.315518,2376.162779,0.001155,0.018683,0.000079,2,134,0.071429,0.003636
7016,1,5691,1,0,1,1,0,1,0,0,0,0,0.000068,0,0.00006,2,134,0,0.000757
3596,1,2124,10,6,16,10,6,16,9,0.217181,0.25376,4716.784887,0.006694,0.00372,0.000179,9,150,0.025,0.02227
1632,1,5690,2,7,9,2,7,9,10,0.22565,0.242495,192.634391,0.000396,0.000721,0.000064,7,134,0.013889,0.001514
1638,1,5218,4,14,18,4,14,18,11,0.248814,0.281176,1715.719881,0.000887,0.015696,0.000081,2,134,0.022876,0.003508
7008,1,4742,3,0,3,3,0,3,0,0,0,0,0.001707,0,0.000066,2,134,0.166667,0.003668
4008,1,3119,8,5,13,8,5,13,7,0.268539,0.304563,1719.909027,0.003495,0.003623,0.000111,9,188,0.019231,0.010778
1969,1,4977,3,12,15,3,12,15,8,0.254975,0.27346,3874.469581,0.000647,0.00736,0.000097,4,175,0.014286,0.002382
1872,1,5695,0,3,3,0,3,3,7,0.290017,0.313828,0,0,0.002838,0.000056,5,143,0,0
868,1,5694,1,1,2,1,1,2,11,0.194124,0.208887,17.263131,0.000097,0.000221,0.000071,5,143,0,0.000757
312,1,5696,0,3,3,0,3,3,9,0.246952,0.264467,0,0,0.00085,0.000056,3,111,0,0
2342,1,5173,1,2,3,1,2,3,10,0.218887,0.238731,0,0.00037,0.002304,0.00006,9,157,0.333333,0.000944
1532,1,4159,4,5,9,4,5,9,9,0.237558,0.258462,1416.889047,0.001546,0.002181,0.000076,9,220,0.083333,0.004271
6666,1,271,12,0,12,12,0,12,0,0,0,0,0.003155,0,0.000839,9,229,0.045455,0.051184
727,1,5172,1,13,14,1,13,14,7,0.30037,0.325342,950.469688,0.00037,0.011203,0.00006,9,229,0.076923,0.000944
315,1,5697,0,3,3,0,3,3,11,0.188696,0.198406,0,0,0.000476,0.000056,1,129,0.166667,0
5743,1,405,15,0,15,15,0,15,0,0,0,0,0.006658,0,0.000285,1,129,0.042857,0.062638
2602,1,3795,5,7,12,5,7,12,10,0.231884,0.248992,2297.688092,0.005523,0.00223,0.000092,1,129,0.037879,0.005496
5493,1,5698,0,1,1,0,1,1,9,0.224809,0.23732,0,0,0.000246,0.000056,7,68,0,0
316,1,5703,0,4,4,0,4,4,11,0.215568,0.230799,0,0,0.000156,0.000056,8,91,0,0
943,1,5702,1,14,15,1,14,15,10,0.261007,0.290992,1978.229247,0.000005,0.005509,0.000067,1,227,0.019048,0.000757
835,1,5699,1,2,3,1,2,3,9,0.229646,0.248695,92.123212,0.000005,0.001479,0.000067,8,91,0,0.000757
1620,1,4917,2,4,6,2,4,6,11,0.225107,0.250584,1075.910295,0.000305,0.004016,0.000076,8,91,0.033333,0.001718
5153,1,1222,7,0,7,7,0,7,0,0,0,0,0.004264,0,0.000179,7,91,0,0.01275
317,1,5704,0,1,1,0,1,1,9,0.211442,0.219302,0,0,0.00007,0.000056,9,209,0,0
949,1,4446,3,13,16,3,13,16,8,0.268061,0.284554,5554.310916,0.002046,0.003403,0.00012,9,209,0,0.002956
318,1,5705,0,2,2,0,2,2,8,0.263189,0.284738,0,0,0.00357,0.000056,6,52,0,0
324,1,4615,1,4,5,1,4,5,10,0.210135,0.224882,20.567527,0.002997,0.000641,0.000056,1,39,0,0.001325
2930,1,4306,7,12,19,7,12,19,12,0.223062,0.25943,2555.903666,0.005756,0.007191,0.0001,1,51,0.023392,0.007688
6221,1,429,13,1,14,13,1,14,1,1,1,109.287835,0.013401,0.000571,0.000364,9,82,0.087912,0.071382
972,1,2255,31,27,58,31,27,58,8,0.282234,0.31688,49086.06971,0.039215,0.013772,0.000275,9,193,0.022989,0.086199
3499,1,2143,15,20,35,15,20,35,10,0.2656,0.295055,24393.65957,0.010273,0.009242,0.000181,9,228,0.028571,0.041579
3057,1,3523,3,5,8,3,5,8,8,0.228025,0.243939,3084.171864,0.003136,0.000607,0.000078,3,204,0.053571,0.003514
5386,1,951,7,5,12,7,5,12,6,0.34058,0.426241,252.174824,0.01053,0.007403,0.000121,10,110,0.143939,0.023689
4738,1,2950,12,5,17,12,5,17,7,0.25066,0.303434,2293.892879,0.006054,0.001238,0.000144,9,126,0.022059,0.017469
744,1,4461,3,22,25,3,22,25,7,0.289005,0.313334,1341.352715,0.003991,0.025841,0.000063,9,150,0.071667,0.003066
2946,1,4614,1,0,1,1,0,1,0,0,0,0,0.002997,0,0.000056,9,106,0,0.001325
6094,1,4613,1,6,7,1,6,7,8,0.251642,0.268657,12.853082,0.002997,0.003023,0.000056,9,204,0.119048,0.001325
6215,1,425,8,0,8,8,0,8,0,0,0,0,0.006182,0,0.000244,9,91,0.214286,0.040868
6322,1,1279,9,0,9,9,0,9,0,0,0,0,0.00546,0,0.000205,7,228,0.027778,0.018804
1702,1,3910,5,16,21,5,16,21,7,0.305357,0.328221,13781.40724,0.005622,0.014308,0.000065,9,33,0.119048,0.007376
1310,1,4612,4,4,8,4,4,8,9,0.21946,0.230177,2956.495137,0.005272,0.00171,0.000087,1,48,0,0.004012
3628,1,2137,11,8,19,11,8,19,9,0.244432,0.261357,6043.950837,0.007437,0.002445,0.000129,12,177,0.035088,0.015736
3747,1,2136,18,21,39,18,21,39,8,0.315989,0.346518,11356.74402,0.015387,0.024821,0.000179,1,238,0.079622,0.033757
3524,1,2681,14,10,24,14,10,24,8,0.267199,0.287324,6393.408855,0.007454,0.006034,0.000259,9,6,0.04529,0.021289
5191,1,649,22,7,29,22,7,29,7,0.251029,0.309641,5240.323754,0.033663,0.003973,0.000231,9,123,0.071429,0.11778
6111,1,2722,9,0,9,9,0,9,0,0,0,0,0.005908,0,0.000226,10,33,0.055556,0.014527
3982,1,2031,9,6,15,9,6,15,10,0.272727,0.299191,9396.967324,0.005855,0.008271,0.000108,1,132,0.061905,0.016747
996,1,4553,3,17,20,3,17,20,7,0.274886,0.293389,974.973276,0.003746,0.008605,0.000061,9,33,0.094737,0.003026
6124,1,273,4,3,7,4,3,7,6,0.301724,0.366667,6158.029031,0.007207,0.000966,0.000207,7,158,0.047619,0.034006
326,1,4552,1,11,12,1,11,12,9,0.239804,0.263769,122.414154,0.002997,0.006784,0.000056,4,190,0,0.001325
4538,1,1292,23,8,31,23,8,31,7,0.3133,0.352714,15402.43589,0.0195,0.017375,0.000221,9,33,0.13871,0.077208
3774,1,2242,7,2,9,7,2,9,6,0.292906,0.341927,447.805581,0.006795,0.004085,0.000153,9,63,0.083333,0.020315
1762,1,3909,5,15,20,5,15,20,7,0.31926,0.348413,9245.051699,0.005198,0.02595,0.000065,9,33,0.113158,0.006082
5216,1,590,5,2,7,5,2,7,1,1,1,3375.460993,0.00992,0.000268,0.000117,9,91,0.142857,0.087816
3995,1,2240,15,15,30,15,15,30,9,0.235223,0.259226,12120.38408,0.014988,0.004503,0.000161,9,67,0.045977,0.046255
1008,1,4550,3,14,17,3,14,17,8,0.261543,0.286283,3975.062137,0.003302,0.020563,0.000106,9,33,0.220588,0.003026
5649,1,1604,12,4,16,12,4,16,5,0.393443,0.456944,1730.861429,0.010316,0.002817,0.00014,9,6,0.1875,0.034843
1451,1,3293,5,10,15,5,10,15,9,0.245754,0.280052,2986.870061,0.0202,0.019304,0.000066,9,6,0.190476,0.025739
1554,1,3914,3,6,9,3,6,9,7,0.297766,0.318051,4780.857218,0.004881,0.005476,0.00006,9,136,0.055556,0.005535
5910,1,632,7,2,9,7,2,9,5,0.380952,0.429464,728.111228,0.010957,0.003482,0.000173,9,6,0.111111,0.102411
1739,1,4141,7,13,20,7,13,20,9,0.245377,0.265602,5374.767384,0.006369,0.006575,0.000121,9,206,0.031579,0.008375
1179,1,792,11,0,11,11,0,11,0,0,0,0,0.024669,0,0.000345,9,61,0.1,0.053714
4012,1,3351,3,3,6,3,3,6,7,0.271512,0.305348,600.883546,0.017957,0.004187,0.000107,9,91,0.1,0.021437
2670,1,2699,3,3,6,3,3,6,11,0.231724,0.253578,30.171875,0.005821,0.003232,0.00006,9,95,0.433333,0.009039
799,1,4514,1,8,9,1,8,9,8,0.241699,0.256815,51.265424,0.002997,0.002656,0.000056,7,175,0.013889,0.001325
5934,1,409,18,4,22,18,4,22,5,0.43038,0.493627,4225.456312,0.031309,0.003913,0.000248,9,6,0.097403,0.088341
4801,1,1859,6,2,8,6,2,8,6,0.301333,0.339897,73.167538,0.007867,0.008931,0.000096,9,82,0.107143,0.020881
5133,1,998,8,3,11,8,3,11,6,0.29461,0.330336,7008.452061,0.011174,0.008689,0.00015,9,198,0.127273,0.036218
2225,1,3887,4,3,7,4,3,7,12,0.254329,0.313364,207.493352,0.008684,0.014896,0.000062,9,153,0.166667,0.007761
706,1,4511,1,1,2,1,1,2,2,0.6,0.666667,6.333333,0.002997,0.000021,0.000056,5,140,0,0.001325
5298,1,613,23,4,27,23,4,27,5,0.371951,0.434426,8281.971165,0.03589,0.003787,0.00028,9,139,0.079772,0.191197
310,1,1168,4,0,4,4,0,4,0,0,0,0,0.00627,0,0.000133,9,9,0.083333,0.015716
4792,1,1559,4,0,4,4,0,4,0,0,0,0,0.021351,0,0.000075,9,45,0.083333,0.035098
809,1,4510,1,15,16,1,15,16,8,0.27822,0.299344,671.677052,0.002997,0.01041,0.000056,9,108,0.041667,0.001325
1915,1,4465,2,17,19,2,17,19,8,0.28429,0.311885,1615.579857,0.003176,0.010926,0.000059,9,243,0.061404,0.002386
1257,1,1866,5,0,5,5,0,5,0,0,0,0,0.00627,0,0.000082,9,61,0.1,0.015857
6098,1,637,4,0,4,4,0,4,0,0,0,0,0.009169,0,0.000118,9,85,0.083333,0.097222
4234,1,4463,1,0,1,1,0,1,0,0,0,0,0.002997,0,0.000056,9,106,0,0.001325
4921,1,3074,8,11,19,8,11,19,9,0.300618,0.338978,7245.324666,0.01265,0.018538,0.000107,9,6,0.093567,0.023244
4155,1,1602,12,10,22,12,10,22,10,0.263339,0.295199,9387.999155,0.01379,0.010055,0.000165,9,123,0.075758,0.04416
1268,1,4418,6,34,40,6,34,40,7,0.297009,0.32056,8082.210695,0.005751,0.013799,0.000074,9,33,0.061538,0.006473
2815,1,3632,9,10,19,9,10,19,14,0.234137,0.278641,2031.86279,0.005676,0.006863,0.000099,10,13,0.011696,0.010872
7115,1,1603,5,0,5,5,0,5,0,0,0,0,0.005084,0,0.000117,9,6,0.2,0.0116
6187,1,3806,2,4,6,2,4,6,8,0.220655,0.242026,107.01533,0.003041,0.002711,0.000063,9,244,0.066667,0.002201
2597,1,4422,1,2,3,1,2,3,11,0.210021,0.22334,3.083333,0.002997,0.000381,0.000056,9,228,0.333333,0.001325
1173,1,4421,3,24,27,3,24,27,7,0.344051,0.374327,9878.053508,0.004312,0.03253,0.000062,9,33,0.062678,0.004126
4842,1,2840,3,0,3,3,0,3,0,0,0,0,0.015313,0,0.00008,5,220,0,0.022098
2187,1,3805,6,12,18,6,12,18,11,0.236166,0.260206,6198.754236,0.000985,0.003677,0.000106,7,63,0.013072,0.006757
4501,1,1277,2,3,5,2,3,5,7,0.234879,0.258819,544.509082,0.002737,0.001869,0.000072,1,220,0.05,0.024835
1275,1,4737,5,24,29,5,24,29,8,0.263814,0.289631,5358.379175,0.002868,0.012204,0.00008,1,99,0.034483,0.00486
1645,1,4530,2,4,6,2,4,6,10,0.203753,0.217176,325.965672,0.004397,0.000938,0.00006,9,160,0.066667,0.003464
4547,1,3535,7,1,8,7,1,8,2,0.6,0.666667,23.360774,0.001828,0.001124,0.000131,10,223,0.053571,0.007571
1983,1,3908,3,14,17,3,14,17,10,0.229346,0.25608,919.854703,0.002172,0.008486,0.000065,10,160,0.077206,0.00396
322,1,5706,0,10,10,0,10,10,8,0.237042,0.250954,0,0,0.001605,0.000056,14,174,0.088889,0
6832,1,518,5,1,6,5,1,6,2,0.666667,0.75,2.166667,0.00016,0.000074,0.000266,12,174,0.3,0.012858
2599,1,3762,4,26,30,4,26,30,7,0.304977,0.330118,9577.677268,0.000743,0.010389,0.000073,14,65,0.058621,0.003747
2823,1,3106,4,2,6,4,2,6,9,0.210009,0.228478,65.89821,0.005383,0.002172,0.000067,3,172,0,0.008251
4779,1,3547,2,0,2,2,0,2,0,0,0,0,0.000188,0,0.000069,2,174,0,0.002373
323,1,5707,0,1,1,0,1,1,10,0.218772,0.238129,0,0,0.001795,0.000056,5,142,0,0
3433,1,2947,2,5,7,2,5,7,9,0.249602,0.269364,456.793217,0.001378,0.004013,0.00007,1,39,0.166667,0.006055
4693,1,1472,6,1,7,6,1,7,3,0.4,0.472222,177.517346,0.002034,0.000147,0.000141,1,39,0,0.013521
325,1,5719,0,5,5,0,5,5,9,0.251562,0.273436,0,0,0.005625,0.000056,9,12,0,0
502,1,5008,3,16,19,3,16,19,7,0.287533,0.307565,8741.891824,0.000556,0.006675,0.000093,9,103,0.01462,0.002487
358,1,5718,1,34,35,1,34,35,8,0.290288,0.313103,1827.054123,0.000191,0.013961,0.000065,9,81,0.015966,0.000757
1963,1,787,20,8,28,20,8,28,8,0.247695,0.282007,11876.75898,0.01223,0.005699,0.000469,9,12,0.021164,0.110362
3098,1,2945,10,11,21,10,11,21,8,0.260828,0.287655,5513.035589,0.005743,0.007511,0.000105,1,190,0.030952,0.016312
6180,1,193,11,0,11,11,0,11,0,0,0,0,0.013632,0,0.000442,10,188,0.045455,0.183432
327,1,5720,0,4,4,0,4,4,9,0.275518,0.308163,0,0,0.00625,0.000056,6,153,0,0
7057,1,36,18,0,18,18,0,18,0,0,0,0,0.007747,0,0.001612,1,237,0.035948,0.122888
3713,1,2497,8,7,15,8,7,15,11,0.265174,0.319288,3286.573139,0.01093,0.015669,0.000136,9,153,0.038095,0.020252
3548,1,5722,0,5,5,0,5,5,11,0.205164,0.223111,0,0,0.000798,0.000056,12,71,0.05,0
4516,1,5721,1,0,1,1,0,1,0,0,0,0,0.000027,0,0.000065,12,71,0,0.000757
5814,1,2026,10,5,15,10,5,15,2,0.692308,0.777778,704.166833,0.001305,0.000915,0.000155,12,90,0.104762,0.013585
6876,1,279,18,0,18,18,0,18,0,0,0,0,0.003218,0,0.000898,12,71,0.071895,0.049586
3966,1,3546,4,2,6,4,2,6,1,1,1,604.450183,0.000582,0.000017,0.000124,12,9,0,0.004615
329,1,5723,0,1,1,0,1,1,8,0.266263,0.282219,0,0,0.001021,0.000056,9,195,0,0
6883,1,88,17,1,18,17,1,18,1,1,1,2872.34392,0.006076,0.000024,0.00128,1,96,0.019608,0.038556
1119,1,3878,5,12,17,5,12,17,10,0.242195,0.267645,809.918118,0.004478,0.003997,0.000069,1,59,0.069853,0.006454
6145,1,3886,3,9,12,3,9,12,10,0.220755,0.246486,793.177233,0.002597,0.002022,0.000067,1,78,0.030303,0.004074
5353,1,1010,14,3,17,14,3,17,6,0.328244,0.4,1629.040904,0.003956,0.004957,0.000202,1,158,0.077206,0.039336
4218,1,3553,3,10,13,3,10,13,9,0.246069,0.269302,532.720815,0.001764,0.00428,0.000062,1,29,0.064103,0.004485
393,1,1804,9,6,15,9,6,15,7,0.32387,0.362378,3376.067824,0.005106,0.021385,0.000104,2,37,0.071429,0.019168
1688,1,4625,4,7,11,4,7,11,9,0.270736,0.291862,1793.63342,0.003101,0.004833,0.000065,1,100,0.090909,0.004936
6501,1,1898,10,6,16,10,6,16,8,0.239646,0.269753,4284.373979,0.014284,0.003651,0.0001,1,168,0.054167,0.045287
5614,1,2051,4,3,7,4,3,7,2,0.8,0.875,333.076119,0.001349,0.000682,0.00008,10,188,0.119048,0.006097
5140,1,1829,6,5,11,6,5,11,10,0.202749,0.258895,2273.959593,0.001399,0.001325,0.000098,1,73,0.072727,0.013304
2764,1,5552,1,3,4,1,3,4,9,0.217596,0.230587,581.561267,0.00001,0.000161,0.000068,14,212,0.083333,0.000851
1148,1,5550,2,6,8,2,6,8,10,0.195367,0.210926,4411.400697,0.000521,0.002709,0.000072,10,56,0.035714,0.001607
6199,1,288,16,1,17,16,1,17,6,0.318182,0.369841,1627.195552,0.004661,0.004187,0.000398,1,183,0.036765,0.072802
6326,1,187,15,1,16,15,1,16,4,0.4,0.486111,560.36708,0.003414,0.000555,0.000468,14,212,0.025,0.038487
332,1,5724,0,3,3,0,3,3,7,0.268371,0.315618,0,0,0.002053,0.000056,10,168,0.166667,0
5812,1,2307,8,3,11,8,3,11,2,0.615385,0.6875,180.27316,0.002353,0.001585,0.00013,1,168,0.054545,0.010683
6778,1,428,18,0,18,18,0,18,0,0,0,0,0.038917,0,0.000627,10,168,0.052288,0.219753
333,1,5725,0,2,2,0,2,2,8,0.273104,0.291382,0,0,0.002938,0.000056,9,54,0.5,0
334,1,5726,0,1,1,0,1,1,1,1,1,0,0,0.00072,0.000056,9,95,0,0
6317,1,627,6,0,6,6,0,6,0,0,0,0,0.021171,0,0.000177,9,95,0.033333,0.058523
3469,1,3357,7,1,8,7,1,8,1,1,1,54.726144,0.001815,0.000173,0.000109,4,116,0,0.009879
2423,1,1268,18,9,27,18,9,27,8,0.317293,0.358968,6535.650386,0.035323,0.018171,0.000206,9,14,0.042735,0.088711
653,1,4970,1,1,2,1,1,2,9,0.220232,0.234939,119.988702,0.000071,0.001334,0.000062,4,239,0,0.000868
3830,1,3932,5,20,25,5,20,25,9,0.276123,0.308172,5945.889051,0.001545,0.009948,0.000078,1,168,0.033333,0.00488
2822,1,78,21,0,21,21,0,21,0,0,0,0,0.004527,0,0.000709,4,239,0.064286,0.070059
3448,1,1119,18,25,43,18,25,43,8,0.265181,0.296777,21137.74778,0.010017,0.01293,0.000307,3,125,0.013289,0.036936
6055,1,5245,1,18,19,1,18,19,8,0.260986,0.28206,1901.112886,0.000086,0.009336,0.000064,6,93,0.125731,0.000851
6701,1,5728,0,4,4,0,4,4,8,0.233703,0.245805,0,0,0.00113,0.000056,8,175,0,0
2729,1,5727,1,2,3,1,2,3,8,0.23147,0.244327,175.344003,0.000038,0.000737,0.000067,5,175,0,0.000757
5288,1,1341,11,10,21,11,10,21,9,0.24684,0.270177,19754.4453,0.016761,0.005106,0.000231,8,91,0.009524,0.031552
337,1,5729,0,2,2,0,2,2,8,0.221672,0.233715,0,0,0.00141,0.000056,11,231,0.5,0
5412,1,1217,17,4,21,17,4,21,3,0.52381,0.636364,3172.706938,0.020341,0.000927,0.000269,4,84,0.097619,0.081464
4174,1,1651,10,10,20,10,10,20,9,0.232464,0.254125,11452.61084,0.002598,0.002746,0.000167,4,186,0.089474,0.023407
2399,1,4180,5,9,14,5,9,14,8,0.287652,0.310688,9324.887368,0.000928,0.008107,0.000103,4,175,0.049451,0.005002
1335,1,4491,3,20,23,3,20,23,10,0.286584,0.315987,2720.372575,0.001829,0.016127,0.000065,9,123,0.067194,0.003587
5927,1,84,21,5,26,21,5,26,1,1,1,7874.013094,0.005708,0.001304,0.000843,4,112,0.086154,0.070018
339,1,5733,0,19,19,0,19,19,11,0.236947,0.263507,0,0,0.003028,0.000056,12,90,0.081871,0
869,1,5732,1,7,8,1,7,8,8,0.268422,0.290356,282.710142,0.000103,0.00406,0.000058,12,90,0.107143,0.000757
1166,1,5731,1,4,5,1,4,5,10,0.200588,0.21758,114.720184,0.000103,0.000691,0.000058,5,90,0,0.000757
2320,1,4474,2,4,6,2,4,6,10,0.216236,0.234235,99.694012,0.000755,0.001667,0.00006,12,90,0.1,0.002325
6465,1,43,29,4,33,29,4,33,3,0.526316,0.65,7961.754901,0.016044,0.000988,0.000752,1,210,0.078598,0.164288
3591,1,2080,8,9,17,8,9,17,11,0.271889,0.324801,6258.579996,0.009192,0.020504,0.000111,9,92,0.099265,0.028056
6051,1,4233,5,0,5,5,0,5,0,0,0,0,0.001036,0,0.000151,1,202,0.05,0.004751
6910,1,453,16,0,16,16,0,16,0,0,0,0,0.00506,0,0.000729,7,183,0.041667,0.061381
5877,1,1535,5,4,9,5,4,9,1,1,1,2021.50182,0.001299,0.00055,0.000184,12,90,0.152778,0.018949
340,1,5734,0,6,6,0,6,6,8,0.227082,0.241003,0,0,0.002653,0.000056,10,59,0.033333,0
6237,1,376,16,4,20,16,4,20,1,1,1,4285.198851,0.005981,0.000529,0.000474,10,59,0.028947,0.049506
360,1,5264,1,28,29,1,28,29,7,0.299726,0.325097,6923.163633,0.00013,0.011669,0.000063,14,24,0.023399,0.000851
4267,1,1423,12,5,17,12,5,17,7,0.23224,0.287171,1942.878145,0.002956,0.003114,0.000399,8,117,0.047794,0.019786
1535,1,1422,20,1,21,20,1,21,5,0.301075,0.335119,523.851997,0.009233,0.000616,0.000312,8,117,0.042857,0.044912
1855,1,4868,2,8,10,2,8,10,9,0.226513,0.246736,2412.283964,0.00026,0.001271,0.000069,14,162,0.011111,0.001795
1993,1,5735,0,11,11,0,11,11,9,0.23343,0.253862,0,0,0.004644,0.000056,4,186,0.181818,0
6272,1,80,15,1,16,15,1,16,1,1,1,1.240909,0.001922,0.000361,0.000466,4,186,0.1875,0.048441
6592,1,141,6,0,6,6,0,6,0,0,0,0,0.005804,0,0.000196,4,147,0.1,0.016904
973,1,3683,4,6,10,4,6,10,7,0.319477,0.356786,217.575553,0.004863,0.01572,0.000063,1,137,0.077778,0.005319
4426,1,1684,5,4,9,5,4,9,7,0.271579,0.307641,2125.210439,0.014802,0.005459,0.000088,7,147,0.069444,0.043443
1920,1,3680,2,0,2,2,0,2,0,0,0,0,0.000666,0,0.00007,7,40,0,0.001607
426,1,3679,1,2,3,1,2,3,8,0.230934,0.245433,407.67012,0.00055,0.000583,0.000058,4,217,0.166667,0.000851
5268,1,884,17,5,22,17,5,22,7,0.267409,0.298652,4810.189422,0.027711,0.005176,0.000244,9,147,0.075758,0.104402
6181,1,3601,2,5,7,2,5,7,7,0.305428,0.335382,3080.503391,0.001151,0.013244,0.000062,5,67,0.095238,0.001746
4928,1,1612,3,1,4,3,1,4,5,0.364865,0.411728,90.087654,0.005449,0.00262,0.00012,7,246,0,0.0221
4090,1,2860,6,3,9,6,3,9,8,0.282858,0.30855,1566.152867,0.00848,0.013062,0.000109,10,100,0.083333,0.015781
344,1,5736,0,4,4,0,4,4,10,0.183095,0.196319,0,0,0.004257,0.000056,1,72,0,0
2269,1,3874,3,3,6,3,3,6,9,0.219349,0.236291,2649.914738,0.002598,0.000766,0.000072,1,72,0,0.004651
2793,1,2163,13,6,19,13,6,19,9,0.219355,0.318166,2104.301744,0.005994,0.003254,0.000133,9,243,0.067251,0.026507
2096,1,4561,4,13,17,4,13,17,8,0.268448,0.293914,914.279712,0.001646,0.012415,0.00007,2,243,0.058824,0.003883
4151,1,1167,8,7,15,8,7,15,7,0.269279,0.292251,9571.102674,0.005166,0.004132,0.000128,10,115,0.033333,0.021728
5627,1,677,9,2,11,9,2,11,7,0.26455,0.316714,5043.191282,0.003607,0.00038,0.000227,2,243,0.036364,0.024525
5888,1,1597,12,2,14,12,2,14,2,0.75,0.833333,177.957743,0.002199,0.0011,0.000168,14,243,0.071429,0.016996
3225,1,2185,3,7,10,3,7,10,9,0.210046,0.230812,8470.561715,0.00108,0.000871,0.00007,2,243,0.077778,0.004541
4377,1,1712,16,8,24,16,8,24,8,0.234982,0.260962,15450.32474,0.008752,0.003099,0.000166,10,148,0.016304,0.034408
2015,1,5738,0,9,9,0,9,9,9,0.245237,0.262962,0,0,0.002717,0.000056,1,183,0.138889,0
585,1,5737,1,7,8,1,7,8,8,0.27098,0.296174,1611.82385,0.000092,0.005808,0.000061,1,215,0.053571,0.000757
3486,1,1794,12,7,19,12,7,19,10,0.280183,0.327891,18340.00828,0.028919,0.016589,0.000138,1,171,0.067251,0.081055
1974,1,4079,2,6,8,2,6,8,10,0.244521,0.266367,98.210154,0.002776,0.003575,0.00006,9,150,0.053571,0.002736
911,1,4456,1,3,4,1,3,4,9,0.231395,0.255378,16.947972,0.000483,0.001908,0.000058,9,134,0.083333,0.000985
1528,1,4454,4,14,18,4,14,18,8,0.238124,0.252854,4086.691467,0.001025,0.003066,0.000121,5,174,0.022876,0.00346
5043,1,1099,33,4,37,33,4,37,7,0.249754,0.277559,4146.871612,0.015608,0.003355,0.00066,9,55,0.027027,0.067829
4808,1,2732,11,3,14,11,3,14,7,0.222642,0.274455,802.115127,0.010838,0.000858,0.000154,10,174,0.065934,0.025941
348,1,5739,0,1,1,0,1,1,9,0.213111,0.225401,0,0,0.000139,0.000056,4,120,0,0
349,1,5740,0,2,2,0,2,2,8,0.267226,0.295829,0,0,0.014676,0.000056,9,52,0.5,0
350,1,5741,0,3,3,0,3,3,7,0.298643,0.32428,0,0,0.006796,0.000056,5,8,0,0
6985,1,928,5,0,5,5,0,5,0,0,0,0,0.001944,0,0.000235,1,37,0.05,0.009655
818,1,2282,7,5,12,7,5,12,7,0.310635,0.346461,5838.871963,0.002238,0.014275,0.000139,1,131,0.037879,0.011641
465,1,5357,1,15,16,1,15,16,10,0.289771,0.322145,2459.832039,0.000525,0.00711,0.000061,1,167,0.029167,0.000851
6087,1,1696,10,3,13,10,3,13,2,0.8,0.875,129.529137,0.001353,0.001949,0.00021,14,188,0.019231,0.014916
1441,1,5350,1,4,5,1,4,5,11,0.198002,0.220303,36.31755,0.000525,0.002219,0.000061,14,115,0,0.000851
2472,1,3770,5,10,15,5,10,15,9,0.236455,0.255338,1379.738272,0.001659,0.002255,0.000075,14,115,0.047619,0.006497
352,1,5742,0,8,8,0,8,8,8,0.246663,0.264019,0,0,0.008867,0.000056,14,65,0.053571,0
1397,1,5260,3,8,11,3,8,11,8,0.240455,0.256686,864.226827,0.000712,0.001176,0.000087,14,201,0.136364,0.00237
3645,1,2042,12,8,20,12,8,20,10,0.207055,0.230981,4335.855749,0.002864,0.002241,0.00013,14,42,0.057895,0.0187
353,1,5745,0,12,12,0,12,12,8,0.286751,0.309068,0,0,0.005998,0.000056,3,209,0.037879,0
7063,1,811,10,0,10,10,0,10,0,0,0,0,0.001035,0,0.00052,3,209,0.033333,0.018485
2215,1,227,40,7,47,40,7,47,4,0.477273,0.603175,11603.18279,0.032201,0.002592,0.000738,1,164,0.017576,0.200182
3813,1,252,14,1,15,14,1,15,1,1,1,213.378578,0.007112,0.000565,0.000657,9,157,0.104762,0.067347
6190,1,236,11,1,12,11,1,12,4,0.444444,0.510417,711.292518,0.014961,0.000847,0.000287,1,187,0.113636,0.135239
1341,1,5744,1,11,12,1,11,12,13,0.21592,0.246492,46.38908,0.000204,0.003451,0.00006,1,187,0.060606,0.000757
1085,1,5407,3,10,13,3,10,13,8,0.272173,0.289387,5903.473635,0.000214,0.008677,0.000108,3,209,0.019231,0.002376
1745,1,5144,1,1,2,1,1,2,9,0.176997,0.186029,3.221509,0.000072,0.000015,0.000062,12,53,0,0.000851
4813,1,5142,1,0,1,1,0,1,0,0,0,0,0.000072,0,0.000062,12,182,0,0.000851
5665,1,160,10,1,11,10,1,11,1,1,1,2233.900964,0.001725,0.000003,0.000324,12,90,0.018182,0.03732
355,1,5746,0,3,3,0,3,3,9,0.284626,0.315356,0,0,0.007325,0.000056,3,94,0.166667,0
356,1,5747,0,9,9,0,9,9,9,0.269032,0.294023,0,0,0.00754,0.000056,10,62,0.069444,0
5292,1,900,25,15,40,25,15,40,7,0.291958,0.337318,15542.2039,0.012697,0.007201,0.000582,10,56,0.025,0.052597
3047,1,2311,13,20,33,13,20,33,9,0.291778,0.33388,17773.4493,0.007612,0.023351,0.000167,9,227,0.017992,0.032732
2934,1,2423,16,28,44,16,28,44,8,0.318533,0.364972,24954.57801,0.012058,0.029631,0.000112,1,159,0.034355,0.026428
5291,1,897,4,0,4,4,0,4,0,0,0,0,0.00132,0,0.000113,10,62,0.083333,0.012271
1650,1,3282,16,50,66,16,50,66,8,0.312845,0.348729,32581.77212,0.021842,0.041946,0.000135,1,225,0.032401,0.037323
617,1,5717,1,6,7,1,6,7,7,0.295091,0.320773,491.076474,0.000475,0.007226,0.000057,9,55,0.02381,0.000851
2657,1,5716,1,1,2,1,1,2,1,1,1,1,0.000475,0.000011,0.000057,3,81,0,0.000851
3824,1,4103,4,13,17,4,13,17,7,0.288047,0.309757,3156.820738,0.001632,0.008794,0.000067,9,178,0.055147,0.004211
3012,1,5715,1,1,2,1,1,2,8,0.236789,0.252594,2.585165,0.000475,0.000057,0.000057,9,81,0,0.000851
1303,1,4437,7,23,30,7,23,30,7,0.33737,0.370633,13644.49151,0.006033,0.030842,0.000092,9,58,0.037931,0.008065
4200,1,5714,3,8,11,3,8,11,7,0.277524,0.296189,5098.865034,0.000581,0.002897,0.000101,9,81,0.027273,0.002458
5417,1,1429,17,11,28,17,11,28,8,0.255527,0.295583,6983.755284,0.03004,0.006723,0.000183,10,162,0.029101,0.067481
1457,1,4090,3,7,10,3,7,10,10,0.228239,0.247388,806.219353,0.003025,0.006077,0.000061,9,34,0.133333,0.003662
2383,1,4445,2,1,3,2,1,3,8,0.234543,0.250211,11.640304,0.000591,0.000369,0.000065,9,209,0,0.001928
6030,1,1446,7,3,10,7,3,10,7,0.26,0.307845,583.006539,0.002459,0.001154,0.000134,10,108,0.088889,0.014611
800,1,2930,4,1,5,4,1,5,2,0.666667,0.75,28.296403,0.00776,0.000299,0.000069,10,188,0.1,0.018035
3031,1,2084,18,26,44,18,26,44,9,0.279136,0.325496,18562.40729,0.020094,0.027878,0.000165,9,165,0.056554,0.054625
1267,1,5713,1,2,3,1,2,3,9,0.215534,0.229503,11.515282,0.000475,0.001836,0.000057,3,131,0,0.000851
6246,1,482,11,0,11,11,0,11,0,0,0,0,0.023188,0,0.0003,9,160,0.109091,0.128339
5039,1,2414,3,3,6,3,3,6,8,0.227951,0.250691,453.549303,0.016422,0.000865,0.000065,10,232,0,0.023231
1308,1,5712,2,16,18,2,16,18,9,0.289305,0.32027,621.853755,0.000804,0.009144,0.000061,1,73,0.006536,0.001607
2798,1,4227,2,1,3,2,1,3,6,0.300532,0.336947,101.191675,0.000515,0.007372,0.000067,2,68,0,0.001721
5825,1,346,43,14,57,43,14,57,6,0.375661,0.494131,27560.41012,0.024716,0.007281,0.000842,10,194,0.028195,0.145173
5695,1,5708,1,0,1,1,0,1,0,0,0,0,0.000475,0,0.000057,9,81,0,0.000851
931,1,316,14,0,14,14,0,14,0,0,0,0,0.04553,0,0.000294,8,73,0.054945,0.128021
6073,1,698,13,4,17,13,4,17,6,0.316239,0.415766,1955.409951,0.005882,0.001736,0.000238,14,201,0.073529,0.03715
2638,1,5263,3,8,11,3,8,11,10,0.256371,0.281776,2455.375718,0.000399,0.010997,0.00012,2,146,0.009091,0.00237
1982,1,4627,3,5,8,3,5,8,11,0.212692,0.235947,293.847219,0.001263,0.001927,0.000076,10,24,0.089286,0.002903
1487,1,5261,1,4,5,1,4,5,10,0.25299,0.27618,72.833713,0.000397,0.005787,0.000057,14,73,0,0.000856
6091,1,306,22,3,25,22,3,25,6,0.338384,0.396517,2119.388465,0.024902,0.007227,0.000318,1,64,0.088333,0.19292
6212,1,3765,3,0,3,3,0,3,0,0,0,0,0.005366,0,0.000061,3,167,0.333333,0.004526
6217,1,1022,9,2,11,9,2,11,2,0.75,0.833333,2674.199072,0.002188,0.000207,0.000168,14,78,0.027273,0.020831
5789,1,1273,44,11,55,44,11,55,4,0.457944,0.54932,13131.77999,0.012857,0.006561,0.001131,7,48,0.02862,0.101893
362,1,5750,0,11,11,0,11,11,7,0.29952,0.323223,0,0,0.005416,0.000056,3,220,0.009091,0
5580,1,967,37,10,47,37,10,47,3,0.571429,0.708333,15569.91157,0.005292,0.002708,0.000909,3,76,0.003238,0.075053
1386,1,5749,1,3,4,1,3,4,9,0.210451,0.222969,8.368262,0.000184,0.000849,0.00006,5,220,0,0.000757
3953,1,4347,2,0,2,2,0,2,0,0,0,0,0.002827,0,0.000062,3,220,0,0.004094
6491,1,596,10,0,10,10,0,10,0,0,0,0,0.012802,0,0.000345,3,221,0.044444,0.120032
5522,1,5748,1,0,1,1,0,1,0,0,0,0,0.000184,0,0.00006,3,220,0,0.000757
363,1,5754,0,11,11,0,11,11,8,0.255599,0.272206,0,0,0.009159,0.000056,7,68,0.072727,0
6719,1,3021,4,0,4,4,0,4,0,0,0,0,0.001577,0,0.000112,5,68,0,0.005575
6377,1,2678,5,0,5,5,0,5,0,0,0,0,0.000316,0,0.000254,7,68,0.15,0.004447
481,1,5753,1,2,3,1,2,3,9,0.224979,0.237745,0,0.000312,0.000257,0.00006,7,68,0.333333,0.000757
2386,1,5752,2,2,4,2,2,4,1,1,1,2,0.00032,0.000021,0.000085,7,68,0.333333,0.001607
4537,1,5751,2,1,3,2,1,3,1,1,1,0,0.000312,0.000011,0.000096,7,68,0.5,0.001707
364,1,5756,0,6,6,0,6,6,9,0.226886,0.243359,0,0,0.001461,0.000056,5,47,0.033333,0
2785,1,5755,1,3,4,1,3,4,7,0.260684,0.297073,16.717857,0.00005,0.000734,0.000063,5,47,0.083333,0.000757
3745,1,3149,5,0,5,5,0,5,0,0,0,0,0.00093,0,0.000122,5,47,0.05,0.007143
4652,1,5687,3,0,3,3,0,3,0,0,0,0,0.000074,0,0.000125,7,134,0.166667,0.002563
1996,1,3416,10,34,44,10,34,44,8,0.292229,0.327898,42181.7036,0.021333,0.029407,0.000101,9,127,0.014271,0.031234
6627,1,2117,6,0,6,6,0,6,0,0,0,0,0.000398,0,0.000171,3,47,0,0.006721
4606,1,2509,6,1,7,6,1,7,3,0.466667,0.52381,587.525994,0.020168,0.000055,0.000083,4,47,0,0.034377
4725,1,3224,2,4,6,2,4,6,11,0.182285,0.25908,215.857739,0.00005,0.000599,0.000088,5,236,0.1,0.002218
2279,1,3226,5,3,8,5,3,8,10,0.186975,0.21104,2507.167573,0.018378,0.000746,0.000086,5,236,0.053571,0.027087
2485,1,3767,5,8,13,5,8,13,7,0.286629,0.322213,438.544027,0.001086,0.003984,0.000078,8,154,0.032051,0.005959
5987,1,169,10,0,10,10,0,10,0,0,0,0,0.006421,0,0.000404,8,154,0.055556,0.137734
4760,1,3766,6,3,9,6,3,9,6,0.303191,0.34386,563.053973,0.001379,0.008442,0.00012,1,154,0.083333,0.006176
1198,1,5758,0,20,20,0,20,20,7,0.288281,0.307747,0,0,0.008349,0.000056,9,67,0.015789,0
4503,1,1555,2,0,2,2,0,2,0,0,0,0,0.001403,0,0.000075,5,67,0,0.014158
5348,1,1058,5,1,6,5,1,6,1,1,1,10.646265,0.007391,0.000679,0.000088,12,67,0.133333,0.022688
1456,1,5757,1,3,4,1,3,4,7,0.276826,0.293912,83.226839,0.000284,0.002605,0.000058,10,246,0,0.000757
5573,1,4606,2,8,10,2,8,10,7,0.294265,0.319196,1741.666649,0.000535,0.0049,0.000061,9,67,0.044444,0.001847
6483,1,631,7,1,8,7,1,8,2,0.666667,0.75,59.957799,0.008098,0.000493,0.000141,9,60,0.160714,0.038927
6509,1,314,7,1,8,7,1,8,1,1,1,765.438731,0.007897,0.000537,0.000535,4,175,0.071429,0.02415
2185,1,4638,2,2,4,2,2,4,9,0.209527,0.223824,9.100354,0.0006,0.000335,0.00006,1,146,0.166667,0.001626
4485,1,4605,2,2,4,2,2,4,3,0.571429,0.708333,5.666667,0.000451,0.000885,0.000064,9,67,0.083333,0.00172
1507,1,5658,1,3,4,1,3,4,14,0.143639,0.170862,6.866667,0.001788,0.001359,0.000056,4,169,0.083333,0.000851
5755,1,1031,4,1,5,4,1,5,5,0.4,0.4475,199.981189,0.011051,0.00166,0.000087,9,44,0.1,0.027476
1120,1,4077,3,12,15,3,12,15,8,0.288276,0.314274,240.737883,0.005627,0.017993,0.000059,10,56,0.104762,0.003458
2422,1,3104,7,13,20,7,13,20,8,0.300804,0.331269,9432.184536,0.017336,0.027681,0.000073,9,219,0.047368,0.019244
1981,1,5657,2,8,10,2,8,10,10,0.257579,0.286033,291.201913,0.002099,0.007321,0.00006,10,73,0.022222,0.001801
1886,1,3442,3,3,6,3,3,6,9,0.215359,0.23017,2099.272492,0.018231,0.003078,0.000063,6,120,0.033333,0.022172
5014,1,2996,3,0,3,3,0,3,0,0,0,0,0.003089,0,0.000111,3,6,0,0.006265
3979,1,1038,6,1,7,6,1,7,1,1,1,807.821481,0.004914,0.000056,0.000177,4,81,0,0.033429
4018,1,1680,6,4,10,6,4,10,8,0.244222,0.268731,2569.635727,0.012438,0.004102,0.000092,3,58,0.055556,0.048548
2895,1,2589,9,7,16,9,7,16,8,0.241839,0.265336,5614.908213,0.006606,0.002787,0.000106,4,227,0.025,0.015392
3683,1,5654,1,0,1,1,0,1,0,0,0,0,0.001788,0,0.000056,3,58,0,0.000851
4461,1,3202,3,0,3,3,0,3,0,0,0,0,0.002879,0,0.000066,9,236,0,0.004088
6964,1,277,4,0,4,4,0,4,0,0,0,0,0.008425,0,0.000192,5,217,0.166667,0.141195
6847,1,1198,6,0,6,6,0,6,0,0,0,0,0.005073,0,0.000108,4,120,0.066667,0.021288
2741,1,3480,2,2,4,2,2,4,8,0.249789,0.271776,456.430753,0.016727,0.002944,0.00006,3,125,0.166667,0.020206
2389,1,4892,2,9,11,2,9,11,9,0.259726,0.28247,69.601616,0.002184,0.002843,0.00006,11,37,0.072727,0.001707
1088,1,4300,3,13,16,3,13,16,10,0.259285,0.295254,454.630727,0.006934,0.014059,0.000059,9,208,0.083333,0.003898
563,1,5116,2,10,12,2,10,12,7,0.334583,0.367259,7808.51364,0.001824,0.027793,0.000069,3,82,0.068182,0.001701
1634,1,5653,1,3,4,1,3,4,9,0.246451,0.266331,96.617183,0.001788,0.001962,0.000056,4,246,0.083333,0.000851
2595,1,2733,18,18,36,18,18,36,8,0.28127,0.315315,32643.5236,0.008864,0.025111,0.000144,10,122,0.046825,0.025212
5067,1,2770,4,1,5,4,1,5,5,0.364865,0.411728,76.008773,0.004186,0.00262,0.000092,7,71,0.05,0.011554
2137,1,2350,7,0,7,7,0,7,0,0,0,0,0.00703,0,0.000104,10,46,0.02381,0.015474
3533,1,842,7,9,16,7,9,16,7,0.329032,0.369374,6758.407671,0.033635,0.025891,0.000086,5,38,0.066667,0.060791
475,1,5579,2,16,18,2,16,18,8,0.299817,0.329579,3046.098714,0.001894,0.024488,0.000062,9,165,0.058824,0.001701
626,1,5652,1,1,2,1,1,2,7,0.22488,0.258815,2.5,0.001788,0.000001,0.000056,5,87,0,0.000851
6637,1,594,9,0,9,9,0,9,0,0,0,0,0.013335,0,0.000582,3,117,0.027778,0.069809
3868,1,2861,5,3,8,5,3,8,7,0.312689,0.34828,474.212544,0.017005,0.015746,0.000078,3,191,0.196429,0.022498
6680,1,2472,3,0,3,3,0,3,0,0,0,0,0.007138,0,0.000075,5,68,0,0.019442
4323,1,3532,2,1,3,2,1,3,2,0.6,0.666667,8.195671,0.002044,0.000193,0.000061,3,190,0,0.002183
3443,1,1695,5,3,8,5,3,8,7,0.248152,0.268242,8904.705683,0.021583,0.004897,0.000079,4,69,0.107143,0.036931
1168,1,4283,3,17,20,3,17,20,8,0.2885,0.312423,4044.753434,0.002876,0.020115,0.000071,7,146,0.097368,0.00254
5561,1,779,11,0,11,11,0,11,0,0,0,0,0.024947,0,0.000123,9,15,0.063636,0.10868
2412,1,5651,1,0,1,1,0,1,0,0,0,0,0.001788,0,0.000056,3,58,0,0.000851
1006,1,5650,1,0,1,1,0,1,0,0,0,0,0.001788,0,0.000056,3,58,0,0.000851
5164,1,1201,5,3,8,5,3,8,9,0.201245,0.24399,829.731434,0.003031,0.001393,0.000117,3,221,0.107143,0.019143
2203,1,2496,3,6,9,3,6,9,8,0.290436,0.316684,1632.104515,0.003729,0.008526,0.000064,9,43,0.055556,0.004379
369,1,5759,0,1,1,0,1,1,9,0.22505,0.240317,0,0,0.001117,0.000056,9,157,0,0
5458,1,297,10,3,13,10,3,13,5,0.402985,0.47037,500.268703,0.017598,0.004526,0.00014,9,147,0.147436,0.058527
2838,1,2257,8,7,15,8,7,15,9,0.286517,0.329238,7073.805825,0.017833,0.020058,0.000086,9,9,0.066667,0.030584
4826,1,1029,9,1,10,9,1,10,2,0.666667,0.75,1711.460161,0.022318,0.000166,0.000148,10,114,0.011111,0.064712
6023,1,1743,10,4,14,10,4,14,7,0.303448,0.404437,523.461356,0.03574,0.00362,0.000153,5,228,0.038462,0.057521
4676,1,843,4,3,7,4,3,7,4,0.4375,0.480159,390.865137,0.007681,0.003444,0.000121,3,134,0,0.01069
5385,1,935,10,3,13,10,3,13,3,0.5,0.625,5571.99884,0.021135,0.000553,0.000213,4,70,0.025641,0.08038
2606,1,62,11,0,11,11,0,11,0,0,0,0,0.005426,0,0.000484,9,48,0.036364,0.041445
2814,1,2961,9,9,18,9,9,18,7,0.239951,0.269727,3833.003173,0.005447,0.00339,0.000125,1,216,0.01634,0.01367
1524,1,4705,1,18,19,1,18,19,8,0.260553,0.282485,333.700376,0.002251,0.007571,0.000056,9,72,0.020468,0.001044
5333,1,1017,23,10,33,23,10,33,7,0.296849,0.358766,6424.277951,0.030752,0.009192,0.000351,10,11,0.035985,0.144367
1527,1,3824,4,21,25,4,21,25,7,0.30491,0.32948,14123.81261,0.008655,0.0194,0.000062,9,172,0.043333,0.006951
6102,1,4704,1,3,4,1,3,4,11,0.210643,0.233583,14.115474,0.002251,0.001221,0.000056,5,221,0,0.001044
1902,1,2526,3,1,4,3,1,4,2,0.666667,0.75,77.883764,0.003077,0.000059,0.000098,9,90,0,0.007671
6567,1,4703,3,4,7,3,4,7,8,0.238806,0.269259,770.574869,0.002292,0.004708,0.000119,9,103,0.047619,0.002558
2962,1,2148,2,3,5,2,3,5,7,0.307605,0.342513,1088.594664,0.003383,0.012986,0.000064,9,90,0.05,0.009412
5355,1,2769,7,4,11,7,4,11,6,0.289668,0.335775,649.85048,0.034185,0.00345,0.000074,9,206,0.018182,0.047097
421,1,4701,1,3,4,1,3,4,11,0.205663,0.225377,15.675469,0.002251,0.000938,0.000056,10,24,0.25,0.001044
6576,1,4700,1,0,1,1,0,1,0,0,0,0,0.002251,0,0.000056,9,77,0,0.001044
5618,1,2483,3,0,3,3,0,3,0,0,0,0,0.008435,0,0.000105,3,126,0,0.014943
6762,1,4698,1,14,15,1,14,15,7,0.300074,0.322272,385.386522,0.002251,0.016159,0.000056,9,158,0.047619,0.001044
1546,1,4693,1,6,7,1,6,7,10,0.214151,0.228269,29.943502,0.002251,0.002639,0.000056,7,73,0,0.001044
5953,1,5760,0,6,6,0,6,6,8,0.25447,0.275432,0,0,0.015458,0.000056,9,244,0.266667,0
5728,1,1212,2,0,2,2,0,2,0,0,0,0,0.002803,0,0.000097,10,116,0,0.00424
6480,1,379,9,1,10,9,1,10,2,0.666667,0.75,2202.953673,0.018023,0.000059,0.000178,10,215,0.188889,0.135719
7018,1,597,6,0,6,6,0,6,0,0,0,0,0.009471,0,0.000146,10,178,0.033333,0.021972
2385,1,4689,4,3,7,4,3,7,8,0.292515,0.312524,1782.526768,0.003652,0.005322,0.000134,9,45,0.02381,0.003906
2277,1,4242,5,16,21,5,16,21,7,0.30672,0.332358,3922.623327,0.008612,0.009193,0.000071,3,241,0.021429,0.007049
4628,1,1225,16,9,25,16,9,25,6,0.292103,0.339957,8791.60467,0.018077,0.010932,0.000197,10,11,0.068333,0.068459
3752,1,3539,3,3,6,3,3,6,2,0.714286,0.8,47.173957,0.004832,0.001765,0.000079,10,209,0.033333,0.004665
3635,1,2223,11,3,14,11,3,14,8,0.238289,0.278765,2753.329164,0.007302,0.000167,0.000238,10,34,0.027473,0.026967
187,1,1947,8,4,12,8,4,12,7,0.318656,0.353769,3813.240215,0.021527,0.01474,0.000133,3,200,0.090909,0.04989
2641,1,3190,6,8,14,6,8,14,9,0.22582,0.249296,4557.221331,0.005657,0.00191,0.000087,1,13,0.038462,0.00731
5499,1,4685,1,0,1,1,0,1,0,0,0,0,0.0027,0,0.000056,10,11,0,0.001354
1966,1,4097,2,20,22,2,20,22,9,0.275538,0.301916,671.563794,0.003411,0.009748,0.000061,10,223,0.025974,0.002644
3656,1,2259,6,4,10,6,4,10,10,0.206836,0.23467,1822.778637,0.004845,0.000725,0.000096,10,13,0.188889,0.008904
6141,1,209,10,2,12,10,2,12,4,0.35,0.416667,4544.486289,0.032907,0.00061,0.000272,14,67,0.05303,0.141284
901,1,4684,3,16,19,3,16,19,7,0.27688,0.295456,5456.630962,0.00333,0.011783,0.000083,10,109,0.046784,0.003291
4659,1,1915,5,0,5,5,0,5,0,0,0,0,0.016523,0,0.000077,3,204,0,0.044289
753,1,4676,1,7,8,1,7,8,8,0.232506,0.245274,70.827433,0.0027,0.00052,0.000056,10,13,0.160714,0.001354
806,1,4672,1,3,4,1,3,4,7,0.293042,0.317376,48.185745,0.0027,0.003686,0.000056,5,153,0.083333,0.001354
6733,1,47,12,0,12,12,0,12,0,0,0,0,0.010312,0,0.000614,10,11,0.174242,0.045214
920,1,4671,1,7,8,1,7,8,8,0.229055,0.247984,37.521642,0.0027,0.001888,0.000056,1,158,0.017857,0.001354
5271,1,1062,6,0,6,6,0,6,0,0,0,0,0.00367,0,0.000179,10,109,0.066667,0.011756
6297,1,4669,1,0,1,1,0,1,0,0,0,0,0.0027,0,0.000056,10,11,0,0.001354
3607,1,3508,3,7,10,3,7,10,9,0.278848,0.31806,4542.443425,0.0036,0.016325,0.000065,1,100,0.088889,0.00716
5262,1,1092,9,2,11,9,2,11,9,0.198178,0.232845,1231.25617,0.004524,0.001689,0.000216,10,226,0,0.017106
6058,1,522,18,3,21,18,3,21,5,0.309091,0.431373,253.248265,0.014787,0.003972,0.000206,10,219,0.097619,0.065076
783,1,4668,2,17,19,2,17,19,9,0.263651,0.286465,808.543747,0.002717,0.014264,0.000063,10,13,0.076023,0.002241
832,1,4664,3,17,20,3,17,20,9,0.254246,0.276133,4094.571031,0.002911,0.002418,0.000071,1,51,0.002632,0.002868
5305,1,1200,13,2,15,13,2,15,8,0.233062,0.271872,728.617913,0.007026,0.001772,0.000206,3,221,0.071429,0.039076
374,1,5763,0,20,20,0,20,20,9,0.255924,0.27557,0,0,0.004216,0.000056,1,61,0.060526,0
3625,1,5762,1,7,8,1,7,8,7,0.282173,0.298235,1190.552197,0.000143,0.001382,0.000058,5,114,0.053571,0.000757
2336,1,3826,3,3,6,3,3,6,10,0.227963,0.244158,490.300817,0.000709,0.00096,0.000068,1,61,0.133333,0.003897
2664,1,3511,8,14,22,8,14,22,10,0.24236,0.274925,3713.974889,0.002249,0.007364,0.000104,1,62,0.103896,0.012161
526,1,5298,3,27,30,3,27,30,9,0.269226,0.296825,2771.666972,0.00129,0.011903,0.000062,1,61,0.057471,0.002938
4111,1,1959,8,3,11,8,3,11,7,0.32133,0.358345,5279.227441,0.014346,0.020687,0.000115,7,61,0.072727,0.059543
4393,1,58,23,0,23,23,0,23,0,0,0,0,0.009527,0,0.000593,1,149,0.077075,0.084574
1906,1,3640,4,0,4,4,0,4,0,0,0,0,0.001933,0,0.000132,4,183,0,0.004504
376,1,5764,0,1,1,0,1,1,9,0.202132,0.214095,0,0,0.000887,0.000056,10,73,0,0
377,1,5765,0,8,8,0,8,8,9,0.252607,0.271011,0,0,0.002653,0.000056,2,202,0.017857,0
4843,1,1478,14,9,23,14,9,23,6,0.307305,0.372814,8618.968899,0.008789,0.003531,0.000234,2,171,0.057312,0.048658
3490,1,4520,2,4,6,2,4,6,9,0.208333,0.233832,225.234596,0.000238,0.00768,0.000068,2,154,0.033333,0.001723
378,1,5766,0,4,4,0,4,4,10,0.242839,0.262425,0,0,0.002569,0.000056,4,103,0.083333,0
380,1,5768,0,12,12,0,12,12,9,0.256722,0.28462,0,0,0.016387,0.000056,4,83,0.022727,0
5394,1,2009,8,2,10,8,2,10,8,0.217608,0.249209,335.194999,0.002143,0.003316,0.000198,2,208,0.011111,0.010559
5540,1,5767,2,2,4,2,2,4,3,0.5,0.633333,5.783333,0.000565,0.000073,0.000075,5,53,0,0.001514
4201,1,1650,20,20,40,20,20,40,8,0.286973,0.317597,23704.55138,0.00757,0.0132,0.000282,4,234,0.022436,0.037438
4563,1,2245,2,1,3,2,1,3,3,0.5,0.611111,1569.811905,0.001226,0.000019,0.000074,9,83,0,0.007566
1818,1,4107,3,3,6,3,3,6,9,0.246217,0.263525,235.126115,0.003028,0.00134,0.000063,3,83,0.033333,0.004132
381,1,5769,0,1,1,0,1,1,9,0.228455,0.240694,0,0,0.000509,0.000056,1,161,0,0
382,1,5770,0,1,1,0,1,1,1,1,1,0,0,0.00016,0.000056,11,240,0,0
206,1,1791,8,0,8,8,0,8,0,0,0,0,0.004691,0,0.000175,11,240,0.017857,0.014114
383,1,5771,0,15,15,0,15,15,9,0.283456,0.318647,0,0,0.024127,0.000056,9,129,0.066667,0
6638,1,270,6,1,7,6,1,7,1,1,1,3774,0.004517,0,0.000304,3,129,0.02381,0.03559
1203,1,5772,0,3,3,0,3,3,9,0.248088,0.272043,0,0,0.00288,0.000056,3,217,0.166667,0
385,1,5773,0,2,2,0,2,2,10,0.230622,0.251002,0,0,0.001361,0.000056,10,64,0,0
386,1,5775,0,8,8,0,8,8,11,0.238636,0.277043,0,0,0.016333,0.000056,1,218,0.053571,0
3673,1,5774,2,2,4,2,2,4,10,0.189711,0.203152,29.855963,0.000682,0.000512,0.000066,7,218,0.25,0.001514
4036,1,2369,3,1,4,3,1,4,7,0.305104,0.33919,337.807233,0.005721,0.012207,0.000072,3,213,0.083333,0.019548
5813,1,544,15,8,23,15,8,23,8,0.251689,0.316739,4996.111067,0.010876,0.003027,0.000207,1,108,0.047431,0.057706
388,1,5776,0,4,4,0,4,4,8,0.285423,0.306694,0,0,0.002721,0.000056,3,240,0,0
389,1,5777,0,3,3,0,3,3,8,0.265246,0.289458,0,0,0.006552,0.000056,3,215,0.166667,0
390,1,5780,0,5,5,0,5,5,11,0.195082,0.209076,0,0,0.000168,0.000056,5,200,0.2,0
609,1,5779,1,3,4,1,3,4,10,0.188976,0.208748,154.333834,0.000006,0.000557,0.000065,4,120,0,0.000757
4643,1,3361,2,2,4,2,2,4,2,0.6,0.666667,22.037179,0.000172,0.000236,0.00007,5,200,0.25,0.002139
3457,1,2455,7,0,7,7,0,7,0,0,0,0,0.000953,0,0.000156,5,200,0.071429,0.009783
6413,1,131,12,1,13,12,1,13,1,1,1,3756,0.002828,0,0.000695,9,61,0.038462,0.036987
391,1,5781,0,1,1,0,1,1,12,0.180155,0.219234,0,0,0.000371,0.000056,4,217,0,0
6801,1,650,11,3,14,11,3,14,6,0.317927,0.359618,6423.023047,0.03492,0.009656,0.000198,9,188,0.087912,0.15877
4658,1,2810,3,0,3,3,0,3,0,0,0,0,0.007589,0,0.000071,9,188,0.166667,0.012575
6116,1,4532,2,15,17,2,15,17,9,0.257732,0.29888,1194.324996,0.004274,0.021561,0.000066,14,210,0.044118,0.003464
3153,1,3315,2,0,2,2,0,2,0,0,0,0,0.015018,0,0.00007,5,210,0,0.020206
6708,1,2832,5,3,8,5,3,8,6,0.294949,0.335274,486.387038,0.005859,0.011038,0.00009,10,37,0.035714,0.01624
6861,1,478,9,0,9,9,0,9,0,0,0,0,0.005716,0,0.000344,5,32,0.013889,0.026312
6914,1,46,26,1,27,26,1,27,2,0.666667,0.75,124.217223,0.012365,0.001559,0.001126,1,45,0.088319,0.184489
708,1,4729,1,5,6,1,5,6,7,0.298941,0.324699,701.470742,0.00037,0.006358,0.000058,9,114,0.066667,0.001062
4610,1,4728,1,0,1,1,0,1,0,0,0,0,0.00037,0,0.000058,1,132,0,0.001062
1665,1,4209,2,9,11,2,9,11,7,0.312464,0.341727,1100.611536,0.005061,0.023623,0.000059,7,214,0.109091,0.00316
2303,1,3647,5,18,23,5,18,23,9,0.245805,0.276859,2555.670284,0.001478,0.009072,0.000073,1,132,0.065217,0.005433
2490,1,3068,5,13,18,5,13,18,9,0.29583,0.324507,20729.44077,0.006538,0.010915,0.000088,1,40,0.04902,0.014827
721,1,4725,1,7,8,1,7,8,10,0.24856,0.270017,50.784507,0.00037,0.00204,0.000058,1,153,0.071429,0.001062
3962,1,2793,2,2,4,2,2,4,6,0.293333,0.335417,419.703862,0.004167,0.001796,0.000063,3,213,0.166667,0.012966
5207,1,838,6,0,6,6,0,6,0,0,0,0,0.012084,0,0.000105,3,151,0.133333,0.042069
2495,1,3936,5,18,23,5,18,23,8,0.284751,0.315354,12002.23378,0.000421,0.009578,0.000171,7,214,0.01581,0.004565
966,1,4719,1,7,8,1,7,8,8,0.270291,0.296513,2147.974418,0.000224,0.016781,0.000062,10,51,0.071429,0.000863
6869,1,1004,8,0,8,8,0,8,0,0,0,0,0.004467,0,0.000178,10,37,0.071429,0.01855
6493,1,515,4,0,4,4,0,4,0,0,0,0,0.007266,0,0.000208,3,51,0,0.092433
398,1,5782,0,4,4,0,4,4,11,0.233852,0.257298,0,0,0.001993,0.000056,3,207,0,0
2212,1,3905,7,29,36,7,29,36,10,0.258985,0.28876,7136.083517,0.002565,0.014468,0.000165,3,207,0.004762,0.006756
3836,1,4131,2,5,7,2,5,7,8,0.259543,0.280084,73.8076,0.001977,0.004868,0.00006,9,125,0.095238,0.002082
205,1,606,12,0,12,12,0,12,0,0,0,0,0.01049,0,0.000352,9,82,0.083333,0.106555
1290,1,4081,2,17,19,2,17,19,7,0.302578,0.328078,1289.83429,0.002032,0.019834,0.000058,9,104,0.084795,0.00252
2880,1,3423,4,7,11,4,7,11,9,0.233768,0.253639,2846.04153,0.016082,0.003055,0.000073,1,190,0.109091,0.022205
7070,1,100,10,0,10,10,0,10,0,0,0,0,0.010614,0,0.002412,3,76,0.088889,0.110455
6118,1,493,21,4,25,21,4,25,1,1,1,5100.085252,0.029023,0.00167,0.000386,9,137,0.046667,0.19566
1984,1,4538,5,11,16,5,11,16,8,0.266897,0.295976,3373.428728,0.004943,0.017353,0.000065,9,202,0.054167,0.006577
2676,1,3108,4,4,8,4,4,8,7,0.27639,0.299155,281.520137,0.00331,0.004759,0.000068,9,125,0.071429,0.005891
3566,1,2082,15,13,28,15,13,28,10,0.283938,0.331171,5423.614866,0.03014,0.024895,0.000158,9,92,0.138889,0.070976
826,1,5169,1,2,3,1,2,3,10,0.204375,0.220085,17.586839,0.000944,0.000119,0.000057,9,73,0.166667,0.000944
3117,1,2400,9,7,16,9,7,16,6,0.337285,0.373545,6797.599766,0.013903,0.025036,0.000099,9,125,0.045833,0.036473
6959,1,2011,3,0,3,3,0,3,0,0,0,0,0.001674,0,0.000114,9,8,0,0.007947
704,1,5168,1,11,12,1,11,12,7,0.287187,0.306208,868.936783,0.000944,0.007742,0.000057,9,70,0.037879,0.000944
1995,1,3955,8,19,27,8,19,27,8,0.267491,0.291764,1862.659974,0.006817,0.016167,0.000077,9,203,0.123932,0.00911
1340,1,5165,1,6,7,1,6,7,9,0.231698,0.250323,6.021221,0.000944,0.003452,0.000057,9,203,0.238095,0.000944
6376,1,403,9,2,11,9,2,11,1,1,1,2992.357833,0.003073,0.00053,0.000253,9,34,0.027273,0.027433
4173,1,2021,32,17,49,32,17,49,10,0.282465,0.334692,11130.75575,0.026756,0.022985,0.000288,9,235,0.072279,0.088173
2576,1,3953,2,2,4,2,2,4,9,0.225076,0.240576,0.662338,0.00148,0.001626,0.00006,9,157,0.333333,0.00256
3842,1,5164,1,13,14,1,13,14,9,0.253483,0.283773,636.239942,0.000944,0.019346,0.000057,1,83,0.065934,0.000944
5467,1,799,23,9,32,23,9,32,6,0.321346,0.368291,13216.47256,0.019368,0.014715,0.000355,9,157,0.100806,0.145757
775,1,5155,1,3,4,1,3,4,10,0.206272,0.221927,23.518253,0.000944,0.00244,0.000057,9,16,0.083333,0.000944
2769,1,2673,6,6,12,6,6,12,9,0.234493,0.256586,2110.780886,0.025982,0.005109,0.000071,9,80,0.121212,0.037796
5777,1,798,8,2,10,8,2,10,3,0.571429,0.708333,29.184449,0.004233,0.000643,0.000155,9,157,0.188889,0.025887
4662,1,2018,6,1,7,6,1,7,1,1,1,27.565963,0.010599,0.000565,0.000096,9,131,0.214286,0.029622
1821,1,3951,4,4,8,4,4,8,8,0.271773,0.293368,596.19396,0.002082,0.003524,0.000091,9,73,0.035714,0.004253
5731,1,476,34,6,40,34,6,40,8,0.260355,0.343155,14227.34565,0.06642,0.005237,0.000624,9,125,0.080128,0.279573
400,1,5787,0,9,9,0,9,9,10,0.239901,0.272965,0,0,0.006213,0.000056,9,208,0.041667,0
6107,1,483,12,2,14,12,2,14,2,0.75,0.833333,187.67676,0.009627,0.001571,0.000202,1,2,0.021978,0.044186
897,1,5786,1,9,10,1,9,10,10,0.245485,0.269716,305.597181,0.000211,0.004906,0.000061,3,208,0.033333,0.000757
3379,1,2352,11,9,20,11,9,20,9,0.247411,0.273074,5684.428552,0.02447,0.00649,0.000111,9,208,0.057895,0.056653
5079,1,366,20,2,22,20,2,22,1,1,1,1883.429244,0.019824,0.000955,0.000483,9,44,0.032468,0.105638
639,1,5784,1,7,8,1,7,8,11,0.212476,0.237393,422.299556,0.000211,0.004888,0.000061,9,208,0.089286,0.000757
5049,1,1350,7,0,7,7,0,7,0,0,0,0,0.005992,0,0.000112,2,82,0.02381,0.029766
4472,1,3912,3,1,4,3,1,4,8,0.197802,0.236739,164.9,0.001754,0.000001,0.000067,9,231,0,0.004547
4839,1,1196,9,2,11,9,2,11,7,0.25977,0.308217,505.068031,0.021809,0.00378,0.000199,5,231,0.109091,0.064669
2907,1,4905,2,5,7,2,5,7,10,0.236281,0.260186,2452.170594,0.000272,0.001189,0.000131,3,231,0,0.001801
614,1,5065,1,10,11,1,10,11,10,0.24178,0.263603,137.689906,0.000272,0.009253,0.000061,9,239,0.009091,0.000851
663,1,5064,1,1,2,1,1,2,2,0.666667,0.75,3,0.000272,0.000166,0.000061,5,231,0,0.000851
4841,1,1274,14,4,18,14,4,18,5,0.330612,0.383539,5784.192898,0.021048,0.001456,0.000147,7,18,0.107843,0.092888
3203,1,3153,3,2,5,3,2,5,10,0.218909,0.23874,767.511262,0.01626,0.001813,0.000069,3,231,0.15,0.021952
402,1,5788,0,4,4,0,4,4,11,0.222955,0.245086,0,0,0.001088,0.000056,4,112,0,0
3148,1,3614,5,4,9,5,4,9,2,0.833333,0.9,133.212215,0.000839,0.001262,0.000119,4,63,0.097222,0.006492
2975,1,2652,7,13,20,7,13,20,10,0.220112,0.246837,2662.175285,0.002053,0.004617,0.000178,4,112,0.05,0.013505
403,1,5789,0,11,11,0,11,11,7,0.298875,0.325539,0,0,0.008669,0.000056,1,216,0.063636,0
4317,1,2759,5,3,8,5,3,8,8,0.318543,0.355362,7938.571413,0.012259,0.023006,0.000095,1,216,0.107143,0.015512
6831,1,719,5,0,5,5,0,5,0,0,0,0,0.005267,0,0.000164,1,216,0.05,0.083887
5274,1,558,7,2,9,7,2,9,8,0.257976,0.291515,15582.83791,0.029047,0.001726,0.000146,1,178,0.083333,0.137422
6816,1,2215,3,6,9,3,6,9,9,0.21686,0.239341,3236.66254,0.003441,0.003307,0.000091,5,82,0.055556,0.016162
6600,1,68,23,2,25,23,2,25,2,0.625,0.7,2135.79101,0.007067,0.001207,0.000934,1,82,0.013333,0.074631
6015,1,5115,1,3,4,1,3,4,7,0.261589,0.310277,2,0.000036,0.001158,0.000068,1,82,0.166667,0.000851
510,1,5528,1,3,4,1,3,4,11,0.182765,0.194689,1480.251588,0,0.000047,0.000087,7,66,0,0.000856
1651,1,5527,1,1,2,1,1,2,8,0.263855,0.282628,1436.218944,0,0.003536,0.000087,3,66,0,0.000856
407,1,5790,0,1,1,0,1,1,1,1,1,0,0,0.000029,0.000056,7,179,0,0
1259,1,4290,3,0,3,3,0,3,0,0,0,0,0.00084,0,0.000114,7,179,0,0.002838
3559,1,5792,0,3,3,0,3,3,9,0.224496,0.238953,0,0,0.000671,0.000056,3,130,0,0
4494,1,2886,5,5,10,5,5,10,5,0.376344,0.462857,271.522758,0.000408,0.002406,0.000119,3,152,0.022222,0.005113
6575,1,5791,1,4,5,1,4,5,8,0.256936,0.276889,1249.038571,0.000023,0.003716,0.000071,9,130,0,0.000757
409,1,5797,0,11,11,0,11,11,9,0.221976,0.253808,0,0,0.009672,0.000056,7,243,0.072727,0
2430,1,4289,2,2,4,2,2,4,10,0.192425,0.207425,99.441722,0.00502,0.000112,0.00006,7,243,0.083333,0.002855
54,1,5796,1,1,2,1,1,2,11,0.167886,0.183149,17.033874,0.000329,0.000007,0.00006,7,243,0,0.000757
1624,1,670,8,0,8,8,0,8,0,0,0,0,0.000492,0,0.000401,7,243,0.089286,0.011325
1076,1,5795,2,9,11,2,9,11,9,0.237253,0.260062,4988.616668,0.000341,0.014864,0.000076,7,21,0.036364,0.001514
1989,1,3927,4,6,10,4,6,10,11,0.212459,0.233411,1465.105431,0.001043,0.001543,0.000073,7,243,0.022222,0.004024
6512,1,672,5,2,7,5,2,7,2,0.75,0.833333,3826.001622,0.000515,0.000067,0.00031,7,243,0.095238,0.019696
3856,1,3054,8,6,14,8,6,14,8,0.256513,0.328237,2153.029344,0.001582,0.001201,0.000147,7,243,0.06044,0.008221
5145,1,3973,6,9,15,6,9,15,8,0.237384,0.264813,1244.417367,0.001617,0.011866,0.000099,4,69,0.042857,0.005502
1986,1,4716,3,6,9,3,6,9,10,0.214985,0.232787,57.118685,0.001246,0.002618,0.000073,4,112,0.083333,0.003314
6729,1,5798,0,1,1,0,1,1,9,0.223709,0.254413,0,0,0.0007,0.000056,9,122,0,0
5452,1,5312,1,5,6,1,5,6,9,0.238992,0.256645,4.5,0.000352,0.001523,0.00006,2,207,0.1,0.000851
3808,1,5311,1,1,2,1,1,2,2,0.666667,0.75,4,0.000352,0.000063,0.00006,3,4,0,0.000851
412,1,5801,0,5,5,0,5,5,7,0.302768,0.328824,0,0,0.005321,0.000056,14,188,0.05,0
1897,1,5800,1,3,4,1,3,4,9,0.198869,0.218941,8.260501,0.000181,0.000149,0.000065,14,188,0.166667,0.000757
4889,1,2108,3,4,7,3,4,7,6,0.325581,0.419841,95.962682,0.000307,0.001241,0.000102,14,230,0.190476,0.00463
6037,1,5799,2,0,2,2,0,2,0,0,0,0,0.000186,0,0.000083,14,188,0.5,0.001607
413,1,5802,0,3,3,0,3,3,9,0.199927,0.208922,0,0,0.001096,0.000056,3,209,0,0
1454,1,3831,3,2,5,3,2,5,8,0.249319,0.265858,6862.328525,0.005815,0.000825,0.000075,9,209,0,0.007345
415,1,5803,0,3,3,0,3,3,10,0.191838,0.20312,0,0,0.000348,0.000056,7,21,0.333333,0
936,1,925,6,0,6,6,0,6,0,0,0,0,0.006945,0,0.000154,7,21,0.033333,0.044144
6780,1,5805,0,6,6,0,6,6,9,0.225299,0.24218,0,0,0.003569,0.000056,9,154,0,0
6899,1,5804,1,0,1,1,0,1,0,0,0,0,0.000121,0,0.000063,9,154,0,0.000757
6151,1,445,11,1,12,11,1,12,4,0.421053,0.489583,88.105711,0.023059,0.002484,0.000308,9,92,0.136364,0.074161
6704,1,5806,0,1,1,0,1,1,10,0.183756,0.191641,0,0,0.000164,0.000056,10,214,0,0
2796,1,2366,3,1,4,3,1,4,9,0.224941,0.239385,4247.358446,0.004814,0.001062,0.000125,10,214,0,0.019348
418,1,5807,0,7,7,0,7,7,9,0.226761,0.247024,0,0,0.001152,0.000056,1,134,0.071429,0
4094,1,2208,6,0,6,6,0,6,0,0,0,0,0.000432,0,0.000173,1,199,0.2,0.008784
1502,1,985,9,0,9,9,0,9,0,0,0,0,0.006445,0,0.000158,1,134,0.055556,0.040205
3112,1,4610,2,1,3,2,1,3,1,1,1,10.5,0.000276,0.00001,0.000071,9,178,0,0.00194
420,1,5810,0,2,2,0,2,2,8,0.187948,0.209942,0,0,0,0.000056,9,63,0,0
267,1,5809,1,1,2,1,1,2,7,0.227915,0.252787,129,0,0.000231,0.000079,9,63,0,0.000757
3981,1,5808,1,0,1,1,0,1,0,0,0,0,0,0,0.000079,9,63,0,0.000757
3338,1,2792,7,10,17,7,10,17,9,0.274469,0.308871,5743.549295,0.006158,0.01051,0.000143,3,42,0.036765,0.019128
6858,1,991,12,0,12,12,0,12,0,0,0,0,0.004674,0,0.0003,1,190,0.083333,0.03894
5902,1,1289,9,2,11,9,2,11,1,1,1,2254.391858,0.005677,0.000175,0.000238,1,190,0.054545,0.051445
424,1,5811,0,1,1,0,1,1,2,0.666667,0.75,0,0,0.000118,0.000056,3,229,0,0
6152,1,2698,4,1,5,4,1,5,1,1,1,4.660689,0.003469,0.001324,0.000114,3,229,0,0.009332
427,1,5814,0,2,2,0,2,2,11,0.179449,0.188594,0,0,0.000207,0.000056,13,96,0,0
2306,1,5813,1,2,3,1,2,3,10,0.218386,0.234524,1946,0.000007,0.001419,0.000079,13,96,0,0.000757
1497,1,4906,2,1,3,2,1,3,11,0.191252,0.203433,1208.77706,0.000712,0.000009,0.000083,3,231,0,0.001625
6990,1,112,12,0,12,12,0,12,0,0,0,0,0.005675,0,0.000608,3,200,0.045455,0.044938
452,1,4904,1,20,21,1,20,21,9,0.231251,0.254661,477.225406,0.000711,0.007945,0.000059,3,246,0.007143,0.000868
429,1,5815,0,3,3,0,3,3,7,0.292348,0.316476,0,0,0.004951,0.000056,6,93,0.166667,0
4324,1,2209,11,8,19,11,8,19,8,0.232964,0.273307,2165.817209,0.003868,0.002995,0.000147,1,57,0.04386,0.016616
4308,1,4471,2,4,6,2,4,6,9,0.208201,0.235372,94.563273,0.001476,0.001315,0.000059,1,237,0.166667,0.002799
1356,1,293,8,1,9,8,1,9,4,0.391304,0.453704,1833.623101,0.008934,0.000299,0.000181,1,237,0.152778,0.049132
3900,1,1846,8,11,19,8,11,19,8,0.276961,0.302599,12816.16252,0.001301,0.003682,0.000157,1,237,0.061404,0.010018
500,1,5340,2,11,13,2,11,13,8,0.226652,0.242683,613.585377,0.000869,0.000998,0.000063,1,96,0.064103,0.001988
4464,1,2417,6,4,10,6,4,10,7,0.227656,0.267002,1572.851297,0.003237,0.000543,0.00008,1,214,0.066667,0.00974
3295,1,2090,8,8,16,8,8,16,10,0.25068,0.276084,1759.713867,0.00582,0.006068,0.000087,1,149,0.091667,0.015429
3187,1,2093,8,11,19,8,11,19,7,0.266376,0.291221,3969.314096,0.00356,0.00235,0.000085,1,149,0.046784,0.011701
923,1,5337,1,4,5,1,4,5,9,0.231173,0.246991,41.021828,0.000823,0.001022,0.000057,1,37,0.05,0.001231
1904,1,395,51,13,64,51,13,64,5,0.383721,0.488384,23687.64992,0.029099,0.004358,0.000812,1,159,0.042163,0.202318
6884,1,1414,7,0,7,7,0,7,0,0,0,0,0.003048,0,0.000093,1,225,0.119048,0.016679
812,1,4749,3,14,17,3,14,17,8,0.258674,0.286286,2022.215918,0.002949,0.007577,0.000059,1,168,0.047794,0.00399
4097,1,2207,7,3,10,7,3,10,6,0.279851,0.327333,548.849638,0.001195,0.000738,0.000279,1,109,0.066667,0.009202
6696,1,490,17,0,17,17,0,17,0,0,0,0,0.00644,0,0.000639,1,148,0.029412,0.043542
933,1,5156,3,19,22,3,19,22,8,0.270242,0.29331,763.412971,0.002716,0.009319,0.000059,1,61,0.108225,0.003694
3370,1,3818,4,9,13,4,9,13,10,0.271483,0.300913,1349.914174,0.005133,0.007677,0.000069,1,214,0.153846,0.00713
3210,1,294,7,0,7,7,0,7,0,0,0,0,0.011391,0,0.000537,1,83,0.02381,0.107899
5210,1,1161,13,5,18,13,5,18,7,0.249173,0.293626,468.449206,0.010824,0.007142,0.000116,1,155,0.111111,0.039518
4318,1,2049,8,6,14,8,6,14,9,0.229224,0.267758,3236.283078,0.005341,0.003796,0.000093,1,216,0.093407,0.018501
3510,1,3289,2,3,5,2,3,5,8,0.236215,0.26293,151.800519,0.015762,0.004012,0.00006,6,22,0,0.020586
5104,1,3460,8,16,24,8,16,24,8,0.272974,0.293887,8248.557603,0.005517,0.004414,0.000101,10,36,0.023551,0.013412
1964,1,3456,3,7,10,3,7,10,10,0.214333,0.235215,2236.591155,0.003019,0.001187,0.000085,1,37,0.1,0.007262
5366,1,1144,27,11,38,27,11,38,7,0.251748,0.362632,11822.75968,0.012014,0.004404,0.000615,3,233,0.009246,0.052671
5964,1,5816,0,3,3,0,3,3,8,0.272793,0.298317,0,0,0.00371,0.000056,4,233,0,0
433,1,5819,0,16,16,0,16,16,11,0.216992,0.243118,0,0,0.004464,0.000056,1,183,0.020833,0
3348,1,2492,5,0,5,5,0,5,0,0,0,0,0.000338,0,0.000189,3,81,0,0.005793
6062,1,5818,1,1,2,1,1,2,1,1,1,1,0.000152,0,0.000059,1,183,0,0.000757
2812,1,4219,3,2,5,3,2,5,7,0.259554,0.28616,155.069667,0.000514,0.002211,0.000076,10,183,0,0.003086
434,1,5820,0,7,7,0,7,7,8,0.265296,0.287503,0,0,0.01332,0.000056,1,37,0.047619,0
3978,1,2915,5,5,10,5,5,10,9,0.243872,0.262782,6095.778165,0.000764,0.001126,0.000128,1,37,0.044444,0.008306
2214,1,3448,2,7,9,2,7,9,10,0.200835,0.230762,1344.534546,0.003133,0.000726,0.000065,1,37,0.069444,0.006312
435,1,5821,0,8,8,0,8,8,8,0.280342,0.306387,0,0,0.017609,0.000056,4,213,0.035714,0
5478,1,3141,7,2,9,7,2,9,6,0.274021,0.311255,428.004351,0.000227,0.000909,0.000308,14,48,0.041667,0.007452
4205,1,4329,1,1,2,1,1,2,5,0.318182,0.409524,2,0,0.000052,0.000081,14,48,0,0.000851
437,1,5823,0,1,1,0,1,1,6,0.295775,0.334921,0,0,0,0.000056,9,44,0,0
4983,1,5822,1,1,2,1,1,2,5,0.4,0.4475,20,0,0.00166,0.000103,9,44,0,0.000757
439,1,5824,0,1,1,0,1,1,7,0.238342,0.266511,0,0,0.000742,0.000056,7,118,0,0
440,1,5827,0,3,3,0,3,3,10,0.166191,0.185564,0,0,0.000185,0.000056,3,234,0,0
2653,1,3754,2,1,3,2,1,3,1,1,1,25.575866,0.005152,0.000192,0.000074,3,234,0,0.00703
1564,1,5826,1,0,1,1,0,1,0,0,0,0,0.000006,0,0.000071,3,234,0,0.000757
1506,1,5825,2,6,8,2,6,8,9,0.197458,0.226311,418.632367,0.000284,0.002517,0.000074,3,234,0.017857,0.001514
5941,1,567,9,2,11,9,2,11,1,1,1,4412.927767,0.014173,0.000116,0.000389,3,2,0.045455,0.136154
934,1,495,12,2,14,12,2,14,6,0.328125,0.388889,367.908512,0.006388,0.004249,0.000227,1,225,0.115385,0.045618
5557,1,473,13,1,14,13,1,14,7,0.255034,0.28963,489.194095,0.006587,0.000649,0.000198,1,178,0.049451,0.0323
1359,1,5503,1,1,2,1,1,2,2,0.666667,0.75,0.7,0.000921,0.000074,0.000057,12,174,0,0.000851
3820,1,2641,8,7,15,8,7,15,8,0.249014,0.269252,4550.505363,0.004718,0.00219,0.000116,10,56,0.02381,0.011767
5709,1,1510,4,4,8,4,4,8,3,0.52,0.615385,1408.534325,0.001999,0.001799,0.00012,9,145,0.071429,0.009282
3376,1,5502,2,3,5,2,3,5,2,0.8,0.875,10.75,0.001092,0.0001,0.000065,14,39,0,0.001607
3482,1,2125,14,16,30,14,16,30,10,0.302206,0.356925,15029.29617,0.016915,0.027923,0.000124,9,150,0.03908,0.056306
7030,1,219,11,0,11,11,0,11,0,0,0,0,0.006933,0,0.000623,1,84,0.018182,0.041943
1428,1,3812,3,11,14,3,11,14,9,0.24954,0.271273,1636.773886,0.002719,0.00476,0.000062,9,61,0.065934,0.004187
4865,1,5499,1,0,1,1,0,1,0,0,0,0,0.000921,0,0.000057,1,2,0,0.000851
2533,1,4726,4,11,15,4,11,15,8,0.287674,0.310385,1958.007742,0.001981,0.010837,0.000079,1,146,0.080952,0.004024
2577,1,3037,7,10,17,7,10,17,8,0.275568,0.309517,10245.51775,0.027713,0.025084,0.000074,9,2,0.099265,0.040282
3273,1,5498,1,0,1,1,0,1,0,0,0,0,0.000921,0,0.000057,1,2,0,0.000851
5836,1,958,6,2,8,6,2,8,2,0.6,0.666667,2151.612428,0.000882,0.00031,0.000242,6,220,0.089286,0.010595
2671,1,4245,2,2,4,2,2,4,3,0.444444,0.541667,30.761111,0.000105,0.000037,0.000089,6,220,0.166667,0.001783
2651,1,5096,1,2,3,1,2,3,10,0.219388,0.239446,64.671424,0.000105,0.001878,0.000065,6,220,0.166667,0.000851
442,1,5828,0,1,1,0,1,1,8,0.256528,0.275567,0,0,0.002469,0.000056,9,52,0,0
443,1,5829,0,2,2,0,2,2,8,0.224331,0.233923,0,0,0.00087,0.000056,9,103,0,0
444,1,5831,0,2,2,0,2,2,1,1,1,0,0,0.001251,0.000056,1,107,0.5,0
4927,1,5830,1,1,2,1,1,2,1,1,1,0,0.000043,0.00125,0.000079,1,107,0.5,0.000757
445,1,5832,0,1,1,0,1,1,2,0.666667,0.75,0,0,0.000431,0.000056,4,112,0,0
2674,1,18,6,0,6,6,0,6,0,0,0,0,0.016294,0,0.000625,3,81,0.033333,0.026483
3059,1,4845,2,1,3,2,1,3,2,0.6,0.666667,13.666667,0.000147,0,0.000071,3,229,0,0.001708
635,1,4844,2,3,5,2,3,5,6,0.243655,0.300347,62.016667,0.000095,0.001,0.000112,3,81,0.05,0.001607
1976,1,3518,3,3,6,3,3,6,10,0.223969,0.240591,2498.350907,0.002258,0.002044,0.000065,10,173,0.066667,0.006111
3811,1,4600,2,0,2,2,0,2,0,0,0,0,0.001006,0,0.000081,10,52,0,0.002182
5233,1,954,9,4,13,9,4,13,8,0.218466,0.242436,5701.606613,0.004131,0.001791,0.000176,9,61,0.102564,0.023406
491,1,99,8,0,8,8,0,8,0,0,0,0,0.016667,0,0.000696,10,122,0.035714,0.03623
4883,1,2796,4,1,5,4,1,5,6,0.259475,0.298876,214.985315,0.016381,0.000455,0.000084,9,173,0.05,0.023256
7121,1,27,5,0,5,5,0,5,0,0,0,0,0.00291,0,0.00034,10,64,0.15,0.082251
2691,1,4388,2,6,8,2,6,8,8,0.229103,0.246759,886.368038,0.000319,0.000775,0.000063,1,57,0.053571,0.001906
5300,1,2806,3,1,4,3,1,4,1,1,1,29.246336,0.00291,0.000386,0.000066,1,239,0,0.011089
1180,1,4391,1,5,6,1,5,6,7,0.297126,0.321072,1662.908893,0.000283,0.004886,0.000057,1,161,0.2,0.001038
4041,1,4088,5,3,8,5,3,8,9,0.215534,0.249096,30.79386,0.001524,0.001508,0.000087,7,200,0.017857,0.0049
1058,1,4390,1,10,11,1,10,11,8,0.271248,0.291755,377.647292,0.000283,0.00553,0.000057,1,126,0.054545,0.001038
5811,1,1402,6,3,9,6,3,9,2,0.714286,0.8,233.8652,0.002507,0.000343,0.00012,12,174,0.138889,0.013288
1866,1,3802,2,0,2,2,0,2,0,0,0,0,0.000446,0,0.000062,7,94,0,0.002306
6070,1,4389,1,8,9,1,8,9,9,0.20056,0.216053,21.16676,0.000283,0.001041,0.000057,1,57,0.055556,0.001038
728,1,4331,1,10,11,1,10,11,9,0.228165,0.250937,238.664143,0.000283,0.004486,0.000057,9,4,0.018182,0.001038
5657,1,1727,6,1,7,6,1,7,2,0.666667,0.75,13.281818,0.000677,0.0001,0.000133,1,57,0.095238,0.00805
612,1,2884,7,1,8,7,1,8,10,0.192865,0.206807,300.135058,0.001655,0.000185,0.000091,1,220,0.125,0.010175
1261,1,4679,3,0,3,3,0,3,0,0,0,0,0.000695,0,0.000067,7,84,0,0.003024
1004,1,4937,1,7,8,1,7,8,9,0.265705,0.289449,499.383619,0.000205,0.004066,0.000058,4,84,0.232143,0.001298
450,1,5833,0,1,1,0,1,1,3,0.421053,0.479167,0,0,0.000899,0.000056,4,156,0,0
686,1,4958,1,2,3,1,2,3,8,0.207447,0.238568,9,0.000093,0.000224,0.00006,11,178,0.166667,0.00105
5364,1,2394,3,0,3,3,0,3,0,0,0,0,0.004903,0,0.000076,11,53,0.166667,0.007474
2309,1,4956,2,2,4,2,2,4,10,0.221759,0.245543,111.009036,0.000183,0.001623,0.000064,11,53,0,0.001807
4028,1,2397,3,5,8,3,5,8,7,0.312787,0.34993,3436.881329,0.005077,0.015078,0.000086,11,53,0.035714,0.01999
2876,1,3070,2,1,3,2,1,3,10,0.212015,0.2269,73.869687,0.006087,0.000438,0.000063,11,53,0.166667,0.011974
132,1,1043,7,3,10,7,3,10,8,0.22654,0.247303,901.864367,0.002859,0.000846,0.000152,7,145,0,0.020875
4671,1,1078,12,1,13,12,1,13,8,0.19697,0.232814,574.99333,0.005067,0.000051,0.000258,11,240,0.012821,0.033927
3347,1,2357,3,4,7,3,4,7,8,0.216694,0.239377,4268.859423,0.005171,0.001457,0.000082,10,246,0.071429,0.021817
2833,1,2527,8,9,17,8,9,17,9,0.282283,0.32431,5494.286175,0.018618,0.020141,0.000128,9,146,0.058824,0.032351
3594,1,2435,3,0,3,3,0,3,0,0,0,0,0.003014,0,0.000077,3,131,0.166667,0.007319
4192,1,4497,2,0,2,2,0,2,0,0,0,0,0.00081,0,0.000062,3,246,0,0.001879
1027,1,4903,1,2,3,1,2,3,11,0.20463,0.221228,42.664764,0.00027,0.001787,0.000058,3,246,0,0.000857
5639,1,859,9,1,10,9,1,10,7,0.258065,0.321726,410.792945,0.027121,0.001517,0.000197,4,246,0.055556,0.071202
1860,1,4902,1,5,6,1,5,6,9,0.265572,0.291187,341.442795,0.00027,0.007188,0.000058,3,48,0,0.000857
4389,1,2295,3,2,5,3,2,5,9,0.181881,0.198702,438.904498,0.000577,0.000359,0.000092,7,243,0.05,0.005696
576,1,4901,1,1,2,1,1,2,4,0.428571,0.490741,2.698925,0.00027,0.000245,0.000058,10,203,0,0.000857
1530,1,4101,2,3,5,2,3,5,7,0.298729,0.326607,5775.46075,0.000319,0.015091,0.000089,5,175,0,0.002282
3746,1,1779,6,7,13,6,7,13,9,0.277802,0.320945,3008.775343,0.021363,0.019328,0.000122,5,175,0.057692,0.037732
2371,1,5835,0,5,5,0,5,5,9,0.249281,0.274109,0,0,0.003498,0.000056,3,15,0,0
2278,1,5834,1,1,2,1,1,2,1,1,1,1,0.000119,0.000175,0.000065,3,15,0,0.000757
1360,1,4198,2,4,6,2,4,6,10,0.270264,0.305434,341.848717,0.00481,0.009614,0.000066,3,15,0.1,0.002855
455,1,5836,0,1,1,0,1,1,1,1,1,0,0,0.000068,0.000056,4,155,0,0
456,1,5837,0,5,5,0,5,5,10,0.262412,0.284666,0,0,0.00432,0.000056,9,53,0.05,0
457,1,5838,0,10,10,0,10,10,7,0.283866,0.307124,0,0,0.011449,0.000056,9,44,0.133333,0
6101,1,364,17,4,21,17,4,21,3,0.583333,0.738095,2508.30989,0.009165,0.001262,0.000657,9,44,0.033333,0.072596
6234,1,932,13,1,14,13,1,14,1,1,1,308.244087,0.006946,0.000454,0.000408,4,70,0.049451,0.040355
5408,1,1971,3,1,4,3,1,4,7,0.305104,0.33919,245.939455,0.006327,0.012207,0.000075,3,154,0.166667,0.032221
1041,1,4524,3,25,28,3,25,28,8,0.27849,0.307509,5323.063154,0.004836,0.023984,0.00007,14,226,0.034392,0.004227
1807,1,3494,4,12,16,4,12,16,9,0.271917,0.297946,12820.01253,0.01796,0.008839,0.00007,9,198,0.058333,0.023184
3071,1,2025,2,0,2,2,0,2,0,0,0,0,0.000675,0,0.000069,12,39,0,0.002784
2572,1,4630,1,0,1,1,0,1,0,0,0,0,0.000551,0,0.000058,1,39,0,0.000857
459,1,5839,0,4,4,0,4,4,10,0.206263,0.219466,0,0,0.001741,0.000056,1,132,0,0
4656,1,1245,9,3,12,9,3,12,9,0.198675,0.225742,2452.996334,0.003607,0.001877,0.000108,1,199,0.068182,0.015809
460,1,5841,0,16,16,0,16,16,10,0.247015,0.26574,0,0,0.004696,0.000056,14,174,0.041667,0
1801,1,4597,3,2,5,3,2,5,4,0.47619,0.558333,25.03619,0.001428,0.000947,0.000067,4,111,0,0.002965
6802,1,3599,6,8,14,6,8,14,9,0.241061,0.263104,3067.100493,0.002692,0.004081,0.000088,1,174,0.032967,0.006751
3383,1,3069,5,3,8,5,3,8,8,0.243063,0.265838,445.577974,0.006461,0.001557,0.000083,14,174,0.089286,0.014924
6774,1,1546,6,4,10,6,4,10,3,0.5,0.633333,393.72114,0.000561,0.001567,0.000139,14,148,0.1,0.009581
1231,1,5840,1,5,6,1,5,6,9,0.233821,0.252084,62.98609,0.00016,0.001167,0.000059,14,174,0.133333,0.000757
622,1,5108,2,17,19,2,17,19,9,0.298066,0.326804,8756.732553,0.000201,0.005642,0.000072,1,174,0.038012,0.001795
5757,1,1097,12,1,13,12,1,13,6,0.258706,0.290064,691.746719,0.003816,0.000776,0.000348,10,174,0.076923,0.047094
6434,1,517,9,0,9,9,0,9,0,0,0,0,0.018032,0,0.000221,12,174,0.111111,0.044822
462,1,5842,0,2,2,0,2,2,7,0.301349,0.324888,0,0,0.003431,0.000056,3,8,0,0
463,1,5843,0,1,1,0,1,1,9,0.180082,0.195686,0,0,0.00017,0.000056,1,183,0,0
4952,1,948,11,3,14,11,3,14,8,0.218802,0.24661,2102.524432,0.005007,0.000634,0.000206,1,183,0.065934,0.030188
464,1,5844,0,3,3,0,3,3,7,0.299523,0.324912,0,0,0.006442,0.000056,5,46,0.166667,0
4685,1,622,4,0,4,4,0,4,0,0,0,0,0.000402,0,0.000336,5,154,0,0.009048
624,1,5355,1,6,7,1,6,7,10,0.205025,0.22332,17.102403,0.000242,0.002193,0.000059,1,12,0.047619,0.000856
1545,1,5353,1,1,2,1,1,2,7,0.305104,0.33919,74.842164,0.000242,0.012207,0.000059,9,167,0,0.000856
4225,1,2687,3,1,4,3,1,4,2,0.666667,0.75,30.63837,0.000619,0.00033,0.000114,3,98,0,0.002638
654,1,5352,1,1,2,1,1,2,1,1,1,3,0.000242,0,0.000059,1,167,0,0.000856
5831,1,782,9,0,9,9,0,9,0,0,0,0,0.019248,0,0.000152,9,165,0.166667,0.122235
542,1,4313,3,8,11,3,8,11,8,0.265234,0.287756,3379.14758,0.001461,0.017362,0.000065,1,177,0.027273,0.002774
2217,1,3117,4,8,12,4,8,12,12,0.255802,0.314835,281.659347,0.004561,0.017626,0.000071,9,165,0.204545,0.007518
4054,1,115,8,0,8,8,0,8,0,0,0,0,0.017675,0,0.000485,7,240,0.142857,0.142608
2157,1,4177,5,8,13,5,8,13,10,0.221772,0.247508,1027.398182,0.003617,0.005721,0.000086,9,165,0.192308,0.006017
1987,1,2866,3,4,7,3,4,7,8,0.319725,0.354965,600.454199,0.008635,0.016494,0.000066,9,96,0.166667,0.012753
3990,1,1582,17,8,25,17,8,25,7,0.312476,0.349364,5737.321137,0.018762,0.017276,0.000159,9,23,0.108333,0.058501
4293,1,2078,8,7,15,8,7,15,7,0.316471,0.355815,1346.098664,0.004963,0.017886,0.000107,9,165,0.133333,0.013283
4959,1,3726,3,1,4,3,1,4,4,0.4,0.486111,29.742798,0.001524,0.000555,0.000131,14,48,0,0.004091
894,1,4184,1,5,6,1,5,6,8,0.258221,0.284735,16.638462,0.001149,0.0145,0.000057,9,152,0.2,0.001044
2513,1,3122,5,5,10,5,5,10,10,0.23086,0.250521,509.428168,0.005609,0.004418,0.000074,9,222,0.1,0.009436
6292,1,2017,3,0,3,3,0,3,0,0,0,0,0.005316,0,0.000079,9,235,0.333333,0.02265
467,1,5845,0,1,1,0,1,1,9,0.20849,0.218227,0,0,0,0.000056,14,65,0,0
2244,1,5295,2,3,5,2,3,5,8,0.263144,0.282682,1503.962731,0.000007,0.00117,0.000127,14,65,0,0.001607
468,1,5847,0,5,5,0,5,5,9,0.246283,0.27047,0,0,0.004266,0.000056,5,144,0.1,0
4466,1,1525,6,2,8,6,2,8,5,0.294118,0.344583,308.593506,0.004013,0.001358,0.000109,5,144,0.035714,0.023025
3233,1,5846,1,0,1,1,0,1,0,0,0,0,0.000145,0,0.000065,5,144,0,0.000757
469,1,5849,0,7,7,0,7,7,9,0.225111,0.241491,0,0,0.001589,0.000056,1,178,0.02381,0
5515,1,2555,3,1,4,3,1,4,7,0.252796,0.292583,276.104365,0.000075,0.002263,0.000136,4,67,0.083333,0.003248
4159,1,5848,2,4,6,2,4,6,8,0.282337,0.307042,1306.191914,0.000164,0.006116,0.000072,1,83,0,0.001607
5172,1,1027,5,0,5,5,0,5,0,0,0,0,0.003635,0,0.000114,1,178,0,0.030922
470,1,5850,0,2,2,0,2,2,7,0.275315,0.292654,0,0,0.003312,0.000056,3,156,0.5,0
471,1,5851,0,1,1,0,1,1,1,1,1,0,0,0.000003,0.000056,5,8,0,0
472,1,5854,0,1,1,0,1,1,10,0.211567,0.22616,0,0,0,0.000056,3,229,0,0
1825,1,5853,1,2,3,1,2,3,9,0.268183,0.299187,1733,0,0.004853,0.000103,3,229,0,0.000757
473,1,5855,0,6,6,0,6,6,8,0.294314,0.320071,0,0,0.007939,0.000056,3,208,0,0
1186,1,4426,3,11,14,3,11,14,7,0.288264,0.312691,4852.496234,0.002357,0.019259,0.000069,7,198,0.049451,0.003182
6475,1,456,30,2,32,30,2,32,1,1,1,2128.696382,0.013508,0.000643,0.000949,7,165,0.020161,0.107224
476,1,5856,0,1,1,0,1,1,8,0.197069,0.205755,0,0,0.000054,0.000056,4,112,0,0
2264,1,2703,2,2,4,2,2,4,7,0.24527,0.262963,2348.73791,0.001594,0.001117,0.000105,4,112,0,0.005828
478,1,5857,0,3,3,0,3,3,9,0.235324,0.250587,0,0,0.001106,0.000056,5,217,0,0
4631,1,4827,1,2,3,1,2,3,1,1,1,0,0.000029,0.000002,0.000061,3,126,0.5,0.000863
6295,1,4824,3,0,3,3,0,3,0,0,0,0,0.000029,0,0.000162,3,126,0.5,0.002676
3314,1,3476,2,3,5,2,3,5,8,0.206681,0.247631,265.364979,0.000113,0.000521,0.000074,3,126,0.05,0.002813
4815,1,2846,4,0,4,4,0,4,0,0,0,0,0.000625,0,0.000094,3,126,0.166667,0.005827
1835,1,4825,2,1,3,2,1,3,1,1,1,0,0.000029,0.000001,0.000087,3,126,0.5,0.001719
5435,1,1851,4,2,6,4,2,6,3,0.458333,0.530303,214.820551,0.001076,0.000948,0.00009,1,156,0,0.009545
3802,1,5220,1,0,1,1,0,1,0,0,0,0,0.000011,0,0.000064,9,76,0,0.000851
482,1,5858,0,2,2,0,2,2,9,0.212314,0.225704,0,0,0.000921,0.000056,5,217,0,0
1700,1,3201,2,0,2,2,0,2,0,0,0,0,0.014971,0,0.000083,5,217,0,0.020112
483,1,5859,0,18,18,0,18,18,8,0.302979,0.332344,0,0,0.014841,0.000056,10,140,0.052288,0
5860,1,1252,15,3,18,15,3,18,8,0.25641,0.296776,532.906383,0.013919,0.001567,0.000197,9,114,0.045752,0.03511
6799,1,1003,5,0,5,5,0,5,0,0,0,0,0.000711,0,0.000175,1,37,0.05,0.006307
5495,1,709,15,4,19,15,4,19,6,0.309878,0.353057,7357.874987,0.011539,0.008045,0.00035,9,47,0.078947,0.065415
484,1,5861,0,7,7,0,7,7,9,0.234998,0.252841,0,0,0.001359,0.000056,14,96,0.047619,0
4973,1,5105,3,23,26,3,23,26,8,0.264797,0.284655,5447.681651,0.000677,0.005246,0.00008,14,65,0.1,0.002658
1784,1,5860,1,2,3,1,2,3,9,0.27584,0.308636,480.574798,0.000046,0.005948,0.000062,6,96,0,0.000757
4171,1,2154,5,4,9,5,4,9,8,0.238472,0.269495,1303.635602,0.004859,0.001961,0.000075,10,140,0.055556,0.015186
6894,1,3677,3,12,15,3,12,15,10,0.208009,0.235406,1453.549595,0.001942,0.002591,0.000112,14,241,0.009524,0.003286
2376,1,3621,10,15,25,10,15,25,10,0.25227,0.271182,19976.41068,0.003075,0.006009,0.000135,4,136,0.008333,0.011519
740,1,3675,1,1,2,1,1,2,12,0.180155,0.219234,0,0.001369,0.000371,0.000057,4,217,0.5,0.001673
5497,1,1363,7,0,7,7,0,7,0,0,0,0,0.001642,0,0.000255,4,84,0,0.01313
1847,1,3674,2,2,4,2,2,4,12,0.181666,0.193152,199.152798,0.001446,0.000178,0.000068,4,112,0.083333,0.002634
5633,1,117,9,0,9,9,0,9,0,0,0,0,0.012817,0,0.00059,4,217,0.069444,0.104301
2850,1,2741,2,1,3,2,1,3,7,0.266598,0.294701,34.283428,0.008506,0.001948,0.00006,7,169,0.166667,0.010993
1954,1,3655,5,3,8,5,3,8,7,0.265385,0.293437,132.969622,0.002244,0.002878,0.000092,4,20,0.053571,0.005482
4510,1,3324,5,10,15,5,10,15,8,0.289976,0.319098,3174.912707,0.019645,0.012656,0.000071,9,12,0.090476,0.02474
6928,1,3669,2,0,2,2,0,2,0,0,0,0,0.001371,0,0.000104,4,38,0,0.00243
1112,1,3668,1,3,4,1,3,4,11,0.211954,0.230506,34.164322,0.001369,0.000848,0.000057,4,120,0.166667,0.001673
1870,1,3667,2,3,5,2,3,5,9,0.222887,0.240276,614.2484,0.00141,0.00149,0.000073,4,135,0.05,0.00243
5420,1,3616,3,3,6,3,3,6,12,0.187986,0.238281,246.25106,0.002069,0.001748,0.000067,4,63,0.2,0.005458
4800,1,3625,3,5,8,3,5,8,3,0.642857,0.759259,127.625674,0.00205,0.00245,0.000107,4,63,0.089286,0.004898
2874,1,1133,7,0,7,7,0,7,0,0,0,0,0.00609,0,0.00021,4,87,0.095238,0.039585
158,1,3359,2,2,4,2,2,4,11,0.204508,0.235088,408.214264,0.001536,0.001758,0.000062,4,200,0.083333,0.003055
2831,1,2622,6,2,8,6,2,8,8,0.214489,0.231985,1810.69113,0.011932,0.000225,0.000079,3,207,0.035714,0.022487
2877,1,3610,3,1,4,3,1,4,11,0.194124,0.208887,2183.511345,0.00172,0.000221,0.000095,3,214,0,0.0038
4550,1,2553,2,2,4,2,2,4,8,0.246242,0.271716,0,0.002431,0.002297,0.000063,4,192,0.5,0.008037
6453,1,1358,4,0,4,4,0,4,0,0,0,0,0.017494,0,0.000101,4,88,0.083333,0.030681
2888,1,2233,9,14,23,9,14,23,10,0.246125,0.276411,13006.61827,0.00955,0.013093,0.000107,9,60,0.045455,0.034389
6069,1,5862,0,1,1,0,1,1,12,0.208731,0.233234,0,0,0.00051,0.000056,9,51,0,0
2645,1,3400,3,3,6,3,3,6,11,0.263524,0.314873,2167.870576,0.014985,0.013687,0.000122,9,51,0.066667,0.020869
487,1,5863,0,15,15,0,15,15,8,0.301598,0.328977,0,0,0.008177,0.000056,12,174,0.033333,0
2316,1,3449,5,6,11,5,6,11,8,0.282965,0.315186,5645.48617,0.003219,0.016145,0.000095,9,93,0.036364,0.008903
2448,1,3716,4,2,6,4,2,6,1,1,1,43.087121,0.000448,0.000211,0.000114,3,233,0.033333,0.003821
489,1,5864,0,16,16,0,16,16,8,0.257558,0.276165,0,0,0.004078,0.000056,7,145,0.020833,0
2325,1,5469,3,4,7,3,4,7,9,0.217557,0.263809,29.828968,0.000617,0.000602,0.000071,7,145,0.071429,0.002458
3590,1,3676,4,2,6,4,2,6,3,0.571429,0.708333,70.989848,0.001042,0.000142,0.000081,1,51,0.033333,0.004266
1692,1,4305,5,15,20,5,15,20,7,0.296464,0.322386,10260.61571,0.009131,0.018141,0.000075,9,98,0.026316,0.007175
4711,1,1287,16,11,27,16,11,27,9,0.227538,0.261412,11308.91641,0.022182,0.005206,0.000204,1,16,0.049858,0.072005
3236,1,5403,2,1,3,2,1,3,4,0.324324,0.381944,5.299034,0.000268,0.00062,0.000061,9,182,0,0.001707
3394,1,2134,4,5,9,4,5,9,8,0.219495,0.244218,331.702117,0.004008,0.002623,0.000072,7,145,0.069444,0.008333
5445,1,1005,8,5,13,8,5,13,6,0.302419,0.366444,4128.878668,0.001664,0.001724,0.000232,1,37,0.044872,0.017574
1190,1,5865,0,4,4,0,4,4,12,0.180565,0.195599,0,0,0.000775,0.000056,3,80,0,0
3913,1,4189,2,2,4,2,2,4,2,0.75,0.833333,7.63254,0.000061,0.001346,0.000074,1,80,0,0.001818
6112,1,2501,3,0,3,3,0,3,0,0,0,0,0.011854,0,0.00007,3,80,0,0.012175
1217,1,5866,0,1,1,0,1,1,1,1,1,0,0,0.000327,0.000056,9,95,0,0
4427,1,2485,6,2,8,6,2,8,7,0.306707,0.341412,1951.036689,0.023016,0.01234,0.000074,3,126,0.107143,0.043477
1557,1,4076,3,13,16,3,13,16,7,0.339119,0.369208,8772.063391,0.004775,0.025582,0.000061,9,206,0.0625,0.004077
1979,1,4170,2,11,13,2,11,13,9,0.288807,0.322716,2340.143186,0.001548,0.022101,0.000104,9,162,0.032051,0.001613
3281,1,4168,1,1,2,1,1,2,9,0.227262,0.239322,4.760014,0.001546,0.001385,0.000056,3,215,0,0.000857
3676,1,4167,1,4,5,1,4,5,8,0.25848,0.284816,40.624152,0.001546,0.013933,0.000056,9,114,0.1,0.000857
174,1,2868,6,5,11,6,5,11,8,0.235103,0.254504,642.961001,0.018705,0.003881,0.000069,9,228,0.081818,0.021176
3345,1,2271,5,2,7,5,2,7,7,0.307546,0.342308,190.736033,0.023153,0.01316,0.000074,9,141,0.190476,0.040318
5267,1,1797,5,0,5,5,0,5,0,0,0,0,0.021323,0,0.000071,9,203,0.25,0.043634
6510,1,639,3,0,3,3,0,3,0,0,0,0,0.011452,0,0.000089,9,203,0.333333,0.08282
3742,1,2902,5,8,13,5,8,13,7,0.311849,0.350177,5979.040135,0.003289,0.015587,0.0001,1,215,0.083333,0.009514
4085,1,3126,3,3,6,3,3,6,9,0.22428,0.279121,50.822234,0.006591,0.004894,0.000061,9,236,0.1,0.007312
1140,1,4165,1,4,5,1,4,5,7,0.271325,0.294011,58.399621,0.001546,0.016168,0.000056,9,210,0.3,0.000857
3125,1,3857,3,0,3,3,0,3,0,0,0,0,0.004503,0,0.000065,11,199,0.166667,0.006069
6439,1,2384,2,1,3,2,1,3,8,0.240142,0.260418,76.4649,0.006346,0.001826,0.000063,3,203,0,0.018691
7095,1,502,5,0,5,5,0,5,0,0,0,0,0.025637,0,0.000095,9,152,0.05,0.10212
1911,1,3965,4,5,9,4,5,9,10,0.256781,0.296094,562.87425,0.004428,0.016163,0.000063,9,140,0.069444,0.005034
6231,1,828,9,3,12,9,3,12,5,0.391892,0.46092,2277.161829,0.030644,0.003224,0.000131,3,43,0.106061,0.155999
6591,1,4164,2,3,5,2,3,5,9,0.286256,0.327235,1790.46587,0.001548,0.017101,0.000104,3,29,0.1,0.001613
3765,1,1926,17,15,32,17,15,32,7,0.284816,0.31335,37372.65682,0.030116,0.018695,0.000179,3,221,0.047379,0.10943
3088,1,2711,4,5,9,4,5,9,7,0.318343,0.355237,387.141601,0.010063,0.017829,0.000065,7,4,0.138889,0.01336
2404,1,4163,1,1,2,1,1,2,8,0.239067,0.282695,0,0.001546,0.000953,0.000056,9,203,0.5,0.000857
5475,1,1102,8,1,9,8,1,9,8,0.239067,0.282695,410.791328,0.018618,0.000953,0.00013,9,94,0.069444,0.053838
6584,1,223,13,1,14,13,1,14,1,1,1,3410.117022,0.017017,0.000161,0.000382,1,241,0.076923,0.126384
4262,1,1524,6,0,6,6,0,6,0,0,0,0,0.023327,0,0.000103,9,236,0.166667,0.043596
4878,1,3445,2,0,2,2,0,2,0,0,0,0,0.004226,0,0.000059,10,203,0,0.006412
4884,1,1183,15,4,19,15,4,19,7,0.237589,0.299396,6697.593437,0.018055,0.000652,0.000257,10,56,0.008772,0.045889
6619,1,5868,0,7,7,0,7,7,8,0.253172,0.269179,0,0,0.003559,0.000056,1,4,0.02381,0
5840,1,2091,7,0,7,7,0,7,0,0,0,0,0.000378,0,0.000173,1,4,0.02381,0.006346
1137,1,3792,3,2,5,3,2,5,8,0.225208,0.242319,256.475724,0.003413,0.000163,0.000071,1,4,0,0.005504
2283,1,5867,1,0,1,1,0,1,0,0,0,0,0.000121,0,0.000062,1,4,0,0.000757
4253,1,2092,4,5,9,4,5,9,4,0.4375,0.589286,1441.841707,0.000447,0.001166,0.000093,1,4,0.041667,0.005758
4001,1,1873,19,18,37,19,18,37,8,0.297428,0.328667,18410.79111,0.014197,0.013166,0.000249,10,62,0.033033,0.053862
5722,1,1516,6,1,7,6,1,7,1,1,1,239.375222,0.011675,0.000521,0.000118,9,42,0.047619,0.043954
531,1,2790,3,1,4,3,1,4,6,0.300532,0.336947,60.328425,0.005082,0.007372,0.000072,9,93,0.166667,0.013915
5628,1,658,18,5,23,18,5,23,5,0.360902,0.4375,3667.370661,0.01467,0.008335,0.000194,10,107,0.124506,0.055363
2125,1,3845,6,9,15,6,9,15,8,0.266627,0.287718,1511.719927,0.005377,0.012556,0.000072,10,196,0.2,0.00868
3709,1,1256,10,8,18,10,8,18,6,0.332,0.37239,5560.860078,0.026107,0.013216,0.000125,10,152,0.062092,0.064261
3076,1,3527,6,9,15,6,9,15,9,0.231141,0.260247,2064.422748,0.005388,0.00531,0.000078,1,225,0.066667,0.008095
496,1,5869,0,2,2,0,2,2,8,0.243207,0.258672,0,0,0.002834,0.000056,9,33,0,0
1332,1,5401,1,6,7,1,6,7,10,0.240588,0.277057,43.253331,0.000707,0.017692,0.000058,9,182,0.095238,0.000851
6866,1,41,2,0,2,2,0,2,0,0,0,0,0.000749,0,0.000322,9,145,0,0.010583
3561,1,833,6,0,6,6,0,6,0,0,0,0,0.012908,0,0.00011,9,182,0.066667,0.086968
2902,1,5400,1,4,5,1,4,5,10,0.174209,0.196495,8.8,0.000707,0.001319,0.000058,4,182,0,0.000851
499,1,5870,0,1,1,0,1,1,9,0.207363,0.218653,0,0,0.000112,0.000056,9,33,0,0
50,1,5339,1,0,1,1,0,1,0,0,0,0,0.000034,0,0.00006,1,96,0,0.000973
5828,1,3582,4,1,5,4,1,5,2,0.666667,0.75,8.666667,0.000284,0.000207,0.000117,1,96,0.1,0.003555
7002,1,87,6,0,6,6,0,6,0,0,0,0,0.000701,0,0.001217,1,216,0.033333,0.01224
787,1,5338,1,3,4,1,3,4,10,0.182183,0.198383,69.535754,0.000034,0.001963,0.00006,1,96,0.083333,0.000973
501,1,5871,0,4,4,0,4,4,7,0.294028,0.318428,0,0,0.005974,0.000056,5,43,0.166667,0
6525,1,3739,2,1,3,2,1,3,2,0.666667,0.75,3.083333,0.000212,0.000243,0.000084,5,43,0,0.001929
3437,1,264,3,0,3,3,0,3,0,0,0,0,0.015709,0,0.000217,5,43,0.333333,0.047503
5490,1,466,6,4,10,6,4,10,5,0.309091,0.45098,2787.097113,0.002133,0.001925,0.000158,9,232,0.022222,0.020994
2820,1,3433,3,2,5,3,2,5,9,0.198434,0.220766,185.423301,0.019361,0.000951,0.000065,9,103,0.1,0.023019
1809,1,4432,2,3,5,2,3,5,7,0.238594,0.261173,84.204606,0.000458,0.002281,0.000065,10,103,0,0.002276
319,1,5007,1,3,4,1,3,4,7,0.265455,0.31122,12.33991,0.000227,0.001478,0.000061,1,103,0,0.001051
1433,1,4531,3,6,9,3,6,9,11,0.208434,0.222778,412.385596,0.004673,0.001926,0.000064,4,103,0.027778,0.004754
4060,1,2926,4,1,5,4,1,5,9,0.211004,0.220346,734.467971,0.004174,0.000254,0.000075,9,103,0,0.011473
503,1,5872,0,2,2,0,2,2,10,0.271031,0.302507,0,0,0.005711,0.000056,3,1,0,0
504,1,5873,0,4,4,0,4,4,7,0.276675,0.294977,0,0,0.003902,0.000056,7,201,0.083333,0
505,1,5874,0,1,1,0,1,1,9,0.219021,0.22882,0,0,0.000076,0.000056,1,178,0,0
1144,1,4229,3,16,19,3,16,19,8,0.244999,0.262341,1756.805306,0.002166,0.003995,0.000061,10,68,0.011696,0.003396
1956,1,3266,3,9,12,3,9,12,11,0.236867,0.266816,6960.756733,0.015446,0.007552,0.000078,4,112,0.045455,0.021098
3404,1,3720,4,6,10,4,6,10,10,0.240114,0.261706,1491.624582,0.0047,0.003837,0.000069,4,67,0.011111,0.008027
4734,1,4930,1,1,2,1,1,2,7,0.262637,0.285655,11.558863,0.000626,0.001998,0.000057,4,50,0,0.00108
4278,1,2851,5,4,9,5,4,9,7,0.242437,0.268085,1935.578218,0.004268,0.002304,0.000076,4,204,0.041667,0.014548
3415,1,4929,1,0,1,1,0,1,0,0,0,0,0.000626,0,0.000057,4,50,0,0.00108
7082,1,1220,5,0,5,5,0,5,0,0,0,0,0.003969,0,0.000094,4,50,0.4,0.024398
4708,1,4926,2,1,3,2,1,3,8,0.231716,0.255724,343.314019,0.000627,0.001313,0.000104,4,50,0,0.001836
3810,1,4925,1,0,1,1,0,1,0,0,0,0,0.000626,0,0.000057,4,50,0,0.00108
4970,1,2381,3,1,4,3,1,4,5,0.318471,0.352,720.366208,0.005965,0.000437,0.000069,6,50,0,0.021003
3816,1,4924,1,0,1,1,0,1,0,0,0,0,0.000626,0,0.000057,4,50,0,0.00108
5469,1,1148,8,4,12,8,4,12,6,0.303831,0.346304,4370.805369,0.004031,0.008477,0.000166,4,75,0.151515,0.035717
5263,1,1595,17,8,25,17,8,25,7,0.277927,0.309493,4462.16433,0.025384,0.007808,0.000302,4,67,0.053333,0.067229
2409,1,3355,3,9,12,3,9,12,10,0.232902,0.255891,1980.099921,0.001552,0.001969,0.000065,4,112,0.060606,0.003616
509,1,5875,0,2,2,0,2,2,8,0.233765,0.245653,0,0,0.000486,0.000056,9,173,0,0
5564,1,1192,3,0,3,3,0,3,0,0,0,0,0.000515,0,0.000158,7,66,0,0.007295
1392,1,4696,5,12,17,5,12,17,10,0.22318,0.245474,5305.828896,0.000622,0.002495,0.000121,12,174,0.036765,0.004411
4530,1,2058,7,3,10,7,3,10,8,0.215395,0.236718,780.0755,0.015968,0.00294,0.000134,9,62,0.022222,0.028896
1365,1,5447,1,3,4,1,3,4,7,0.239234,0.307381,20.666667,0.000053,0.000745,0.000067,6,220,0.083333,0.000851
512,1,5877,0,8,8,0,8,8,7,0.280134,0.29639,0,0,0.005093,0.000056,1,131,0.035714,0
548,1,5876,1,1,2,1,1,2,7,0.305104,0.33919,63.881478,0.000173,0.012207,0.000061,9,131,0,0.000757
513,1,5878,0,1,1,0,1,1,7,0.305104,0.33919,0,0,0.012207,0.000056,9,10,0,0
514,1,5879,0,1,1,0,1,1,10,0.224165,0.23903,0,0,0.000053,0.000056,9,162,0,0
515,1,5880,0,4,4,0,4,4,7,0.275751,0.292733,0,0,0.003472,0.000056,1,168,0,0
1628,1,4914,6,27,33,6,27,33,10,0.254079,0.283779,11571.19056,0.000399,0.007418,0.000132,1,168,0.024621,0.004928
516,1,5881,0,4,4,0,4,4,9,0.208203,0.224319,0,0,0.001689,0.000056,14,57,0,0
3735,1,3776,6,4,10,6,4,10,10,0.164974,0.175296,1233.165807,0.000206,0.000362,0.000192,14,57,0,0.005044
5898,1,2211,19,6,25,19,6,25,8,0.236294,0.253321,11387.55407,0.00399,0.002298,0.000393,14,57,0.02,0.025067
517,1,5882,0,1,1,0,1,1,1,1,1,0,0,0.000403,0.000056,9,145,0,0
7072,1,40,8,0,8,8,0,8,0,0,0,0,0.011856,0,0.000453,9,145,0.125,0.045507
518,1,5883,0,1,1,0,1,1,5,0.318471,0.352,0,0,0.000437,0.000056,7,48,0,0
6208,1,5196,2,0,2,2,0,2,0,0,0,0,0.000137,0,0.000086,5,146,0.5,0.001807
5588,1,1892,3,0,3,3,0,3,0,0,0,0,0.005781,0,0.000096,5,146,0.166667,0.031839
829,1,5198,1,1,2,1,1,2,12,0.168211,0.178751,0,0.000118,0.000004,0.000062,5,146,0.5,0.000851
4335,1,1473,13,9,22,13,9,22,7,0.257967,0.290294,4984.187513,0.004102,0.005551,0.000242,1,146,0.041126,0.021909
5282,1,5197,2,4,6,2,4,6,11,0.202036,0.22097,1079.609463,0.000118,0.000562,0.000114,5,146,0.133333,0.001707
1367,1,3980,2,1,3,2,1,3,10,0.188758,0.199337,76.962019,0.000403,0.000088,0.000065,4,146,0,0.002106
520,1,5885,0,5,5,0,5,5,11,0.217117,0.235318,0,0,0.001105,0.000056,1,220,0.1,0
1565,1,5884,2,5,7,2,5,7,11,0.215696,0.235202,2654.990629,0.000047,0.000536,0.000081,1,220,0.047619,0.001514
521,1,5886,0,1,1,0,1,1,7,0.245064,0.262295,0,0,0.001116,0.000056,4,7,0,0
3134,1,5887,0,2,2,0,2,2,8,0.218544,0.228163,0,0,0.000484,0.000056,10,109,0,0
523,1,5890,0,3,3,0,3,3,9,0.228701,0.239507,0,0,0.000078,0.000056,9,209,0,0
564,1,5889,1,5,6,1,5,6,10,0.247076,0.275724,838.529749,0.000003,0.005608,0.000071,9,209,0,0.000757
524,1,5891,0,1,1,0,1,1,9,0.26778,0.298465,0,0,0.004848,0.000056,3,1,0,0
525,1,5892,0,1,1,0,1,1,8,0.233999,0.249117,0,0,0.000244,0.000056,3,57,0,0
4757,1,1116,7,1,8,7,1,8,7,0.305104,0.33919,13143.52035,0.007173,0.012207,0.000259,3,57,0.017857,0.045341
5283,1,1453,15,9,24,15,9,24,8,0.248203,0.28554,5816.953126,0.013401,0.006564,0.000182,1,223,0.04529,0.060432
5666,1,2309,6,1,7,6,1,7,3,0.5,0.611111,113.00796,0.003037,0.000034,0.000099,1,122,0,0.009203
3091,1,2827,6,5,11,6,5,11,8,0.221744,0.23702,6628.261339,0.001549,0.002259,0.000119,10,94,0,0.008127
3436,1,2089,21,21,42,21,21,42,7,0.299232,0.331642,19300.5105,0.016041,0.015051,0.000175,1,202,0.037166,0.044697
6104,1,1276,10,1,11,10,1,11,4,0.444444,0.510417,118.99998,0.008422,0.000847,0.000175,1,131,0.054545,0.045822
2134,1,3641,2,2,4,2,2,4,9,0.229638,0.243381,123.787527,0.000461,0.000667,0.000063,1,168,0,0.002378
528,1,5893,0,1,1,0,1,1,10,0.18749,0.195187,0,0,0.000121,0.000056,9,59,0,0
2299,1,3306,2,5,7,2,5,7,11,0.242579,0.266311,3471.124144,0.015087,0.005116,0.000067,5,160,0.071429,0.020206
4755,1,2065,16,8,24,16,8,24,7,0.254149,0.292896,3621.139829,0.005291,0.002986,0.000317,7,239,0.009058,0.022439
5707,1,3924,4,2,6,4,2,6,1,1,1,19.396429,0.000822,0.000628,0.000111,11,9,0.066667,0.003855
3583,1,5894,0,1,1,0,1,1,11,0.189878,0.197767,0,0,0.000021,0.000056,10,174,0,0
3604,1,5320,1,1,2,1,1,2,8,0.222876,0.238898,1.643928,0.0001,0.000152,0.000058,14,201,0,0.000851
1978,1,3581,4,8,12,4,8,12,7,0.23801,0.256789,239.702297,0.002071,0.00373,0.000067,1,213,0.045455,0.0039
43,1,5319,1,12,13,1,12,13,9,0.234279,0.257646,117.70002,0.0001,0.002317,0.000058,1,199,0.064103,0.000851
2443,1,5315,1,3,4,1,3,4,9,0.268255,0.299706,274.012494,0.0001,0.005218,0.000058,10,131,0,0.000851
1714,1,2894,6,14,20,6,14,20,11,0.224431,0.253702,3088.97634,0.001691,0.005555,0.000089,14,201,0.076316,0.007921
1962,1,4949,1,3,4,1,3,4,7,0.224599,0.257237,9.331349,0.00005,0.000363,0.000065,4,126,0.166667,0.000868
1879,1,2518,3,2,5,3,2,5,8,0.225878,0.251961,314.709052,0.001783,0.002449,0.000075,4,126,0.05,0.006624
534,1,5895,0,2,2,0,2,2,9,0.231575,0.250215,0,0,0.002611,0.000056,9,60,0.5,0
535,1,5897,0,5,5,0,5,5,8,0.21533,0.240585,0,0,0.002209,0.000056,9,182,0.35,0
4540,1,5896,1,3,4,1,3,4,8,0.213327,0.236063,1,0.000075,0.001955,0.000065,9,182,0.25,0.000757
2978,1,3409,4,3,7,4,3,7,8,0.218369,0.243984,518.857745,0.001465,0.003198,0.000086,9,182,0.095238,0.005289
2013,1,5302,1,0,1,1,0,1,0,0,0,0,0.000045,0,0.000068,2,151,0,0.000851
536,1,5898,0,1,1,0,1,1,9,0.222772,0.238042,0,0,0.000362,0.000056,9,242,0,0
537,1,5899,0,2,2,0,2,2,10,0.201328,0.214293,0,0,0.000528,0.000056,14,143,0,0
6736,1,5072,1,2,3,1,2,3,12,0.162874,0.172341,827.388456,0.000016,0.000728,0.000069,3,45,0,0.000851
5483,1,795,5,0,5,5,0,5,0,0,0,0,0.005937,0,0.000122,7,218,0.05,0.08272
4345,1,1572,2,1,3,2,1,3,4,0.416667,0.516667,537.922147,0.002398,0.000033,0.00008,4,134,0,0.014463
540,1,5900,0,1,1,0,1,1,7,0.289388,0.312833,0,0,0.00283,0.000056,5,8,0,0
541,1,5902,0,5,5,0,5,5,9,0.237524,0.259142,0,0,0.003032,0.000056,1,108,0.05,0
4446,1,5901,1,1,2,1,1,2,2,0.571429,0.625,4,0.000103,0.000228,0.000065,6,220,0,0.000757
5837,1,4312,1,0,1,1,0,1,0,0,0,0,0.000591,0,0.000063,1,177,0,0.001068
543,1,5903,0,1,1,0,1,1,1,1,1,0,0,0.000283,0.000056,5,66,0,0
544,1,5904,0,3,3,0,3,3,7,0.290556,0.314685,0,0,0.007129,0.000056,5,28,0.5,0
3157,1,5411,1,2,3,1,2,3,10,0.227029,0.248367,91.162379,0.00013,0.001901,0.000058,9,182,0,0.00095
5454,1,1301,2,2,4,2,2,4,3,0.526316,0.583333,3972.166021,0.002615,0.000257,0.00007,9,143,0.083333,0.024923
1062,1,5410,1,5,6,1,5,6,9,0.235429,0.249119,394.187373,0.00013,0.002188,0.000058,1,66,0,0.00095
599,1,5408,1,2,3,1,2,3,9,0.21543,0.224408,80.473871,0.00013,0.000293,0.000058,9,209,0,0.00095
5324,1,1806,4,0,4,4,0,4,0,0,0,0,0.021295,0,0.000086,9,182,0.166667,0.053504
1490,1,5405,2,3,5,2,3,5,9,0.250047,0.269102,318.869159,0.000914,0.003389,0.000061,9,153,0,0.001707
2547,1,3829,2,2,4,2,2,4,9,0.194132,0.204178,76.753604,0.001611,0.000629,0.000061,9,133,0.166667,0.003164
4617,1,1937,4,4,8,4,4,8,7,0.242699,0.269571,834.393978,0.009081,0.001731,0.000076,2,76,0.071429,0.040781
4946,1,1974,2,0,2,2,0,2,0,0,0,0,0.005774,0,0.000068,9,182,0,0.030982
722,1,5404,1,2,3,1,2,3,8,0.257833,0.277645,99.301981,0.00013,0.002618,0.000058,9,182,0,0.00095
4402,1,3182,2,2,4,2,2,4,7,0.278626,0.329746,75.413164,0.007266,0.001013,0.00006,3,102,0,0.010271
5756,1,3871,2,0,2,2,0,2,0,0,0,0,0.000473,0,0.000062,9,182,0,0.001967
1485,1,5402,1,3,4,1,3,4,11,0.175592,0.196476,17.338131,0.00013,0.001481,0.000058,3,244,0,0.00095
1822,1,2313,5,10,15,5,10,15,9,0.284851,0.317385,1291.961666,0.009455,0.015095,0.000064,9,182,0.090476,0.010562
5096,1,4885,1,0,1,1,0,1,0,0,0,0,0.000144,0,0.000062,2,171,0,0.000962
6193,1,1537,16,1,17,16,1,17,2,0.666667,0.75,38.776594,0.004886,0.001559,0.000514,12,143,0.003676,0.023315
5042,1,4386,3,1,4,3,1,4,2,0.666667,0.75,7.420635,0.000714,0.000411,0.000073,1,57,0.083333,0.003404
3286,1,4385,1,1,2,1,1,2,6,0.223881,0.286667,5.5,0.000035,0.000156,0.000062,8,209,0,0.000868
3809,1,3403,2,1,3,2,1,3,9,0.212471,0.228688,532.650625,0.014975,0.000919,0.000066,1,57,0,0.020223
550,1,5905,0,1,1,0,1,1,7,0.236638,0.25145,0,0,0.001457,0.000056,10,85,0,0
551,1,5909,0,4,4,0,4,4,12,0.225699,0.254833,0,0,0.000994,0.000056,2,214,0.166667,0
3161,1,5907,2,1,3,2,1,3,1,1,1,2,0.000074,0,0.000086,2,214,0.166667,0.001607
2574,1,5908,1,3,4,1,3,4,12,0.225072,0.253905,7,0.000034,0.001181,0.000067,2,214,0.166667,0.000757
5984,1,5910,0,1,1,0,1,1,3,0.5,0.583333,0,0,0.000022,0.000056,3,81,0,0
4728,1,3786,2,2,4,2,2,4,2,0.75,0.833333,330,0.00066,0.000022,0.00011,3,81,0,0.001919
554,1,5915,0,7,7,0,7,7,11,0.218969,0.237806,0,0,0.001551,0.000056,1,139,0.02381,0
843,1,5914,1,1,2,1,1,2,9,0.260725,0.282667,1100.00083,0.000053,0.002263,0.000062,3,139,0,0.000757
1943,1,5913,1,6,7,1,6,7,11,0.228999,0.252734,967.85176,0.000053,0.002525,0.000062,1,57,0.071429,0.000757
802,1,5912,1,1,2,1,1,2,1,1,1,1,0.000053,0,0.000062,1,139,0,0.000757
5038,1,971,22,11,33,22,11,33,8,0.2613,0.302869,15712.57779,0.014403,0.012093,0.00026,1,139,0.037879,0.067785
3679,1,1949,6,4,10,6,4,10,7,0.256627,0.278302,5107.430597,0.011097,0.003525,0.000113,3,139,0.077778,0.05141
555,1,5919,0,22,22,0,22,22,7,0.266914,0.285844,0,0,0.013164,0.000056,9,139,0.062771,0
3871,1,3988,3,1,4,3,1,4,1,1,1,8.077381,0.001016,0.000556,0.000118,5,68,0,0.00277
850,1,2101,6,3,9,6,3,9,9,0.213096,0.236793,854.008361,0.016806,0.002432,0.00013,5,223,0.097222,0.028011
1311,1,5918,1,2,3,1,2,3,8,0.250331,0.265805,310.122543,0.000448,0.000515,0.000058,3,51,0,0.000757
3476,1,5917,1,2,3,1,2,3,9,0.232757,0.248552,22.395488,0.000448,0.000208,0.000058,8,139,0,0.000757
556,1,5920,0,1,1,0,1,1,8,0.231716,0.255724,0,0,0.001313,0.000056,4,192,0,0
557,1,5921,0,5,5,0,5,5,7,0.292584,0.317013,0,0,0.006521,0.000056,1,202,0.05,0
558,1,5922,0,1,1,0,1,1,9,0.212186,0.225108,0,0,0.000412,0.000056,5,217,0,0
6154,1,844,14,0,14,14,0,14,0,0,0,0,0.004056,0,0.00049,7,75,0.027473,0.041103
2291,1,4512,2,0,2,2,0,2,0,0,0,0,0.000228,0,0.000067,4,59,0.5,0.001925
2123,1,4513,2,8,10,2,8,10,11,0.225547,0.24848,480.549041,0.000192,0.003711,0.000066,4,59,0.055556,0.001847
2242,1,4687,1,3,4,1,3,4,7,0.241042,0.286004,22.893697,0.001759,0.000253,0.000058,2,9,0.083333,0.001278
3023,1,2680,4,4,8,4,4,8,8,0.237117,0.25242,2464.900142,0.003673,0.001492,0.000068,9,71,0.053571,0.008582
1793,1,3503,5,5,10,5,5,10,7,0.283613,0.307993,2203.731489,0.017532,0.00568,0.000075,9,153,0.022222,0.023531
3512,1,3971,4,0,4,4,0,4,0,0,0,0,0.002035,0,0.000137,9,179,0,0.00389
1221,1,4686,1,10,11,1,10,11,8,0.254864,0.270809,227.913649,0.001759,0.00323,0.000058,7,43,0,0.001278
561,1,5926,0,3,3,0,3,3,10,0.226689,0.243286,0,0,0.000125,0.000056,9,45,0.166667,0
2146,1,5925,1,8,9,1,8,9,9,0.271271,0.304238,1104.362629,0.000004,0.006462,0.000071,9,45,0.013889,0.000757
2008,1,5923,1,1,2,1,1,2,9,0.226479,0.235814,0,0.000004,0.000124,0.000071,9,45,0.5,0.000757
562,1,5927,0,6,6,0,6,6,7,0.29743,0.322713,0,0,0.011319,0.000056,2,134,0.166667,0
2041,1,5888,1,2,3,1,2,3,8,0.236881,0.253644,8.721502,0.000191,0.00078,0.000068,9,209,0,0.000851
565,1,5928,0,1,1,0,1,1,10,0.160946,0.171494,0,0,0.000251,0.000056,4,232,0,0
566,1,5929,0,4,4,0,4,4,8,0.222905,0.249544,0,0,0.002827,0.000056,9,83,0,0
5325,1,340,10,0,10,10,0,10,0,0,0,0,0.008041,0,0.000736,12,90,0.088889,0.10249
4182,1,3694,2,0,2,2,0,2,0,0,0,0,0.0005,0,0.000072,14,83,0,0.001928
3424,1,2508,8,10,18,8,10,18,7,0.293069,0.33134,8919.153295,0.013139,0.02599,0.000099,4,85,0.098039,0.032031
942,1,4899,2,11,13,2,11,13,9,0.265973,0.294814,898.915939,0.000576,0.02057,0.000067,3,145,0.025641,0.001812
1588,1,3653,4,5,9,4,5,9,10,0.214783,0.229603,4861.819841,0.00143,0.001504,0.000114,4,67,0,0.004597
5062,1,2662,4,1,5,4,1,5,1,1,1,6.611111,0.0028,0.000415,0.000091,4,227,0.05,0.010919
568,1,5930,0,6,6,0,6,6,8,0.294446,0.322222,0,0,0.008617,0.000056,3,152,0.133333,0
2910,1,3379,3,2,5,3,2,5,8,0.214607,0.226772,137.655227,0.0036,0.002852,0.000071,3,152,0.05,0.00696
6545,1,373,5,0,5,5,0,5,0,0,0,0,0.000389,0,0.000239,10,143,0,0.008306
5070,1,2605,4,1,5,4,1,5,7,0.213178,0.2429,147.867262,0.000877,0.000015,0.0001,4,143,0,0.003909
5784,1,1438,3,1,4,3,1,4,3,0.4375,0.5,132.153176,0.009141,0.000397,0.000076,10,145,0.083333,0.019969
2709,1,416,4,0,4,4,0,4,0,0,0,0,0.00138,0,0.000295,4,237,0,0.014294
571,1,5931,0,2,2,0,2,2,5,0.307692,0.418056,0,0,0.000638,0.000056,5,114,0,0
6373,1,2713,4,0,4,4,0,4,0,0,0,0,0.000374,0,0.000134,5,114,0.083333,0.004352
572,1,5932,0,1,1,0,1,1,10,0.230151,0.248482,0,0,0.000242,0.000056,1,24,0,0
941,1,5104,2,10,12,2,10,12,9,0.232503,0.252721,2139.225534,0.00076,0.006591,0.000062,7,230,0.015152,0.001994
6210,1,3005,9,20,29,9,20,29,9,0.29119,0.319037,7902.98971,0.00591,0.014529,0.000087,7,218,0.103448,0.016268
4592,1,1348,6,1,7,6,1,7,4,0.375,0.424603,417.7068,0.002503,0.00018,0.000109,7,202,0.071429,0.021919
995,1,5186,1,12,13,1,12,13,9,0.250506,0.271486,869.361792,0.000131,0.00502,0.00006,4,67,0.064103,0.000851
1661,1,5185,1,2,3,1,2,3,8,0.221941,0.243387,2.416667,0.000131,0.000811,0.00006,7,202,0.166667,0.000851
574,1,5933,0,3,3,0,3,3,9,0.255469,0.274231,0,0,0.003171,0.000056,1,62,0,0
575,1,5934,0,2,2,0,2,2,9,0.284484,0.315005,0,0,0.00711,0.000056,3,1,0.5,0
705,1,5100,2,3,5,2,3,5,7,0.225455,0.27596,7.333333,0.000233,0.000503,0.000072,10,174,0.3,0.001999
6710,1,1180,2,0,2,2,0,2,0,0,0,0,0.000063,0,0.000123,10,174,0,0.005101
578,1,5935,0,1,1,0,1,1,9,0.192308,0.207754,0,0,0.001664,0.000056,4,216,0,0
1928,1,4314,2,6,8,2,6,8,9,0.274248,0.298486,717.084914,0.00117,0.007062,0.000061,9,117,0.017857,0.002383
6117,1,624,7,0,7,7,0,7,0,0,0,0,0.008062,0,0.000141,9,102,0.142857,0.036877
6250,1,4178,2,3,5,2,3,5,11,0.196255,0.219781,49.146396,0.00076,0.001391,0.000067,9,165,0.3,0.002357
580,1,5936,0,3,3,0,3,3,11,0.205861,0.222647,0,0,0.001118,0.000056,1,152,0.333333,0
2600,1,3194,3,0,3,3,0,3,0,0,0,0,0.016973,0,0.000061,3,19,0.166667,0.017692
1722,1,4310,1,0,1,1,0,1,0,0,0,0,0.004691,0,0.000056,3,19,0,0.002098
6201,1,4098,2,0,2,2,0,2,0,0,0,0,0.004862,0,0.000072,3,153,0,0.003487
4906,1,3714,3,0,3,3,0,3,0,0,0,0,0.012724,0,0.000061,3,19,0.166667,0.012624
2150,1,4307,2,10,12,2,10,12,13,0.199726,0.235469,1236.545,0.004703,0.004928,0.000086,3,207,0.022727,0.003617
6898,1,2305,6,9,15,6,9,15,7,0.301712,0.337304,17380.08716,0.011594,0.019225,0.000113,3,162,0.028571,0.023588
6455,1,266,11,1,12,11,1,12,1,1,1,1212.709732,0.028441,0.000089,0.000297,3,244,0.007576,0.071932
5285,1,3847,2,0,2,2,0,2,0,0,0,0,0.004736,0,0.000072,3,19,0,0.003153
1302,1,4045,3,3,6,3,3,6,11,0.250989,0.291469,1686.806634,0.010075,0.012702,0.000059,3,140,0.1,0.008223
4184,1,2462,5,2,7,5,2,7,9,0.272156,0.303796,807.595645,0.016566,0.0055,0.000071,7,153,0.142857,0.023441
6748,1,1140,7,0,7,7,0,7,0,0,0,0,0.022699,0,0.000178,3,233,0.071429,0.05463
2848,1,4302,2,2,4,2,2,4,8,0.276119,0.296665,967.431852,0.004696,0.005426,0.000103,3,224,0.083333,0.002855
2753,1,4301,1,0,1,1,0,1,0,0,0,0,0.004691,0,0.000056,3,19,0,0.002098
5751,1,2708,2,0,2,2,0,2,0,0,0,0,0.005224,0,0.000062,3,19,0,0.005015
2394,1,2740,4,7,11,4,7,11,10,0.272492,0.309294,4120.575298,0.016143,0.011998,0.000107,3,121,0.127273,0.01655
1092,1,4299,1,0,1,1,0,1,0,0,0,0,0.004691,0,0.000056,3,19,0,0.002098
2175,1,4298,1,11,12,1,11,12,9,0.300364,0.334969,125.591305,0.004691,0.015561,0.000056,3,191,0.075758,0.002098
5302,1,565,10,2,12,10,2,12,3,0.571429,0.708333,4476.558499,0.022122,0.000356,0.000222,7,115,0.05303,0.157789
6044,1,1191,9,0,9,9,0,9,0,0,0,0,0.034641,0,0.000169,6,151,0.111111,0.100322
4650,1,4297,1,0,1,1,0,1,0,0,0,0,0.004691,0,0.000056,3,19,0,0.002098
5528,1,4296,1,0,1,1,0,1,0,0,0,0,0.004691,0,0.000056,3,19,0,0.002098
1327,1,4295,1,6,7,1,6,7,10,0.218976,0.24769,80.633922,0.004691,0.007965,0.000056,5,174,0.02381,0.002098
3986,1,1995,5,1,6,5,1,6,8,0.233999,0.249117,451.449301,0.021854,0.000244,0.000078,3,57,0.1,0.046676
3538,1,1994,2,1,3,2,1,3,2,0.533333,0.5625,0.826446,0.010335,0.001984,0.000066,3,76,0.333333,0.03213
1471,1,4123,2,3,5,2,3,5,7,0.299057,0.327208,8907.654419,0.005283,0.016859,0.000063,3,108,0.1,0.00335
880,1,4293,1,8,9,1,8,9,9,0.293764,0.325706,102.853123,0.004691,0.0121,0.000056,3,213,0.138889,0.002098
5534,1,3593,2,0,2,2,0,2,0,0,0,0,0.004758,0,0.00008,3,131,0.5,0.00351
3988,1,1993,6,1,7,6,1,7,1,1,1,157.5785,0.017442,0.000086,0.000125,3,213,0.071429,0.054319
4432,1,4292,1,1,2,1,1,2,1,1,1,10.916667,0.004691,0.000558,0.000056,11,9,0,0.002098
5918,1,868,9,2,11,9,2,11,7,0.305335,0.340016,227.946775,0.03062,0.013418,0.000107,9,135,0.154545,0.055869
1968,1,1813,2,1,3,2,1,3,1,1,1,614.703213,0.004858,0.000024,0.000071,3,37,0,0.00608
3543,1,2070,2,0,2,2,0,2,0,0,0,0,0.005918,0,0.000064,3,19,0,0.009004
4002,1,3455,4,5,9,4,5,9,9,0.218221,0.239308,384.281952,0.007665,0.000745,0.000073,1,16,0.055556,0.007681
4289,1,1930,3,0,3,3,0,3,0,0,0,0,0.005011,0,0.000114,3,2,0,0.006788
1833,1,4015,2,3,5,2,3,5,9,0.268142,0.299639,209.84048,0.008988,0.004908,0.000057,3,154,0.15,0.006472
6714,1,480,9,0,9,9,0,9,0,0,0,0,0.025684,0,0.000236,3,28,0.083333,0.08969
6717,1,283,14,0,14,14,0,14,0,0,0,0,0.023625,0,0.000452,7,213,0.038462,0.189311
4456,1,2396,11,7,18,11,7,18,7,0.255117,0.284452,1256.402796,0.009361,0.003901,0.000133,11,225,0.065359,0.022441
1134,1,4288,1,8,9,1,8,9,9,0.280736,0.311125,530.409281,0.004691,0.009501,0.000056,6,59,0.097222,0.002098
7039,1,4286,1,0,1,1,0,1,0,0,0,0,0.004691,0,0.000056,3,19,0,0.002098
1708,1,1906,2,1,3,2,1,3,2,0.555556,0.6,0.301609,0.010335,0.001072,0.000066,3,19,0.333333,0.03213
698,1,4285,1,21,22,1,21,22,8,0.29154,0.319636,453.618003,0.004691,0.031197,0.000056,10,147,0.060606,0.002098
6313,1,233,9,1,10,9,1,10,4,0.320755,0.367647,784.479156,0.018014,0.000483,0.000259,9,9,0.055556,0.15825
6267,1,4048,2,2,4,2,2,4,9,0.273767,0.305897,32.138015,0.008988,0.006273,0.000057,8,19,0.25,0.006472
916,1,4282,1,2,3,1,2,3,10,0.191252,0.202836,30.709871,0.004691,0.001137,0.000056,3,131,0,0.002098
918,1,4281,1,6,7,1,6,7,8,0.273298,0.305728,103.863961,0.004691,0.00792,0.000056,10,204,0.047619,0.002098
6497,1,939,4,0,4,4,0,4,0,0,0,0,0.006558,0,0.000125,3,131,0,0.021257
2905,1,3402,8,2,10,8,2,10,7,0.245349,0.263062,1970.673256,0.028614,0.002289,0.0001,11,47,0.055556,0.036018
2686,1,4275,1,0,1,1,0,1,0,0,0,0,0.004691,0,0.000056,3,19,0,0.002098
2231,1,3700,2,1,3,2,1,3,8,0.255849,0.272795,74.630022,0.009837,0.001426,0.000059,8,19,0,0.008371
4470,1,2386,7,2,9,7,2,9,9,0.230536,0.252518,1455.7583,0.03659,0.003632,0.000085,9,236,0.166667,0.065924
6970,1,4274,2,0,2,2,0,2,0,0,0,0,0.005778,0,0.000058,3,19,0,0.003849
6737,1,630,11,1,12,11,1,12,1,1,1,920.189481,0.014492,0.000194,0.000297,14,34,0.05303,0.107368
1766,1,4036,2,4,6,2,4,6,7,0.303736,0.332772,2464.902833,0.008988,0.010854,0.000057,8,245,0.133333,0.006472
5818,1,739,4,0,4,4,0,4,0,0,0,0,0.009588,0,0.000178,8,75,0,0.080941
4119,1,2752,3,4,7,3,4,7,9,0.240336,0.260398,1769.13738,0.011841,0.004745,0.000132,3,94,0.095238,0.012514
6277,1,3031,4,2,6,4,2,6,9,0.269279,0.300678,953.909806,0.016236,0.005147,0.000067,2,62,0.1,0.01655
1798,1,4273,1,0,1,1,0,1,0,0,0,0,0.004691,0,0.000056,3,19,0,0.002098
5585,1,4272,1,0,1,1,0,1,0,0,0,0,0.004691,0,0.000056,3,19,0,0.002098
3441,1,4271,1,0,1,1,0,1,0,0,0,0,0.004691,0,0.000056,3,19,0,0.002098
4257,1,1931,2,0,2,2,0,2,0,0,0,0,0.005005,0,0.000064,3,19,0,0.005616
4258,1,3642,2,0,2,2,0,2,0,0,0,0,0.004696,0,0.00013,3,19,0,0.003177
6291,1,2753,3,1,4,3,1,4,7,0.305104,0.33919,510.992678,0.011929,0.012207,0.000073,3,36,0.083333,0.013074
3147,1,3072,3,0,3,3,0,3,0,0,0,0,0.014981,0,0.00006,3,19,0.166667,0.017395
3382,1,4270,1,2,3,1,2,3,6,0.261538,0.353922,19.925366,0.004691,0.000312,0.000056,3,241,0.166667,0.002098
1394,1,3920,3,14,17,3,14,17,9,0.253751,0.276354,4623.392022,0.005712,0.00764,0.000063,7,94,0.014706,0.004696
1395,1,4267,2,2,4,2,2,4,7,0.275362,0.292758,2140.969615,0.00472,0.002825,0.000068,3,169,0,0.002855
1605,1,4266,2,3,5,2,3,5,9,0.262124,0.285342,289.954221,0.004807,0.002632,0.000064,3,209,0,0.003175
4703,1,1312,5,1,6,5,1,6,2,0.666667,0.75,2331.632744,0.006397,0.000002,0.000088,7,57,0.133333,0.016212
5981,1,858,7,3,10,7,3,10,7,0.307898,0.343238,10851.10908,0.034039,0.013193,0.000124,3,47,0.011111,0.07069
1611,1,4249,4,6,10,4,6,10,9,0.238957,0.255684,1515.804794,0.005525,0.001303,0.000068,7,109,0.111111,0.005143
5797,1,640,10,1,11,10,1,11,2,0.6,0.666667,251.291797,0.029383,0.001124,0.000173,3,60,0.072727,0.160794
5113,1,2388,7,2,9,7,2,9,9,0.236683,0.256649,6077.932199,0.021458,0.003388,0.000129,10,42,0.055556,0.045741
961,1,4246,1,2,3,1,2,3,4,0.357143,0.466667,66.761111,0.004691,0.000004,0.000056,6,220,0,0.002098
262,1,2348,2,0,2,2,0,2,0,0,0,0,0.009491,0,0.000063,3,19,0,0.019932
1619,1,3828,2,1,3,2,1,3,8,0.240142,0.260418,119.293011,0.006172,0.001826,0.000059,3,19,0,0.004311
967,1,4243,1,8,9,1,8,9,7,0.293216,0.318998,41.400596,0.004691,0.02409,0.000056,10,152,0.138889,0.002098
4867,1,854,4,1,5,4,1,5,2,0.555556,0.6,72.29768,0.005361,0.001072,0.000112,3,244,0,0.013166
2948,1,4239,1,2,3,1,2,3,10,0.191654,0.206452,30.348383,0.004691,0.000177,0.000056,1,40,0,0.002098
2951,1,2171,4,3,7,4,3,7,9,0.276484,0.30967,9477.740179,0.013738,0.005966,0.000068,3,47,0.119048,0.020671
3880,1,205,5,0,5,5,0,5,0,0,0,0,0.011749,0,0.000318,3,175,0.05,0.042287
3411,1,2224,3,0,3,3,0,3,0,0,0,0,0.008631,0,0.000069,3,153,0,0.017769
2749,1,2385,2,0,2,2,0,2,0,0,0,0,0.009491,0,0.000063,3,19,0,0.019932
1853,1,4237,1,0,1,1,0,1,0,0,0,0,0.004691,0,0.000056,3,19,0,0.002098
199,1,4032,2,0,2,2,0,2,0,0,0,0,0.008988,0,0.000057,3,19,0.5,0.006472
4810,1,1880,2,2,4,2,2,4,8,0.218865,0.242035,1264.824509,0.010335,0.001313,0.000066,3,47,0.083333,0.03213
991,1,4236,1,3,4,1,3,4,7,0.293125,0.31088,422.855865,0.004691,0.002252,0.000056,9,227,0,0.002098
834,1,4235,1,5,6,1,5,6,9,0.281275,0.315,148.716221,0.004691,0.008065,0.000056,4,153,0.033333,0.002098
2964,1,3725,3,0,3,3,0,3,0,0,0,0,0.01021,0,0.000064,5,153,0,0.010562
6644,1,1608,3,0,3,3,0,3,0,0,0,0,0.008137,0,0.000091,3,19,0,0.033503
2521,1,4234,4,2,6,4,2,6,8,0.22117,0.244234,487.214591,0.004815,0.002352,0.000138,3,202,0.033333,0.004556
2594,1,3197,5,0,5,5,0,5,0,0,0,0,0.023679,0,0.000075,3,208,0,0.02713
1646,1,4232,2,1,3,2,1,3,11,0.180487,0.19223,2224.235684,0.004711,0.000193,0.00008,14,42,0,0.002855
3431,1,4222,2,0,2,2,0,2,0,0,0,0,0.004827,0,0.000059,3,68,0,0.003201
3885,1,3998,2,1,3,2,1,3,2,0.555556,0.6,3.205661,0.008988,0.001072,0.000057,3,19,0.166667,0.006472
2530,1,4211,1,2,3,1,2,3,10,0.253469,0.278459,23.486572,0.004691,0.004539,0.000056,9,19,0,0.002098
6817,1,4210,1,0,1,1,0,1,0,0,0,0,0.004691,0,0.000056,3,19,0,0.002098
5218,1,588,3,1,4,3,1,4,1,1,1,2339.867037,0.011069,0.000001,0.000107,5,19,0,0.095692
4633,1,1450,5,1,6,5,1,6,6,0.259475,0.298876,1308.227757,0.009288,0.000455,0.000093,9,150,0,0.02796
6822,1,1977,7,0,7,7,0,7,0,0,0,0,0.037104,0,0.000089,3,200,0.142857,0.072325
1660,1,4208,1,2,3,1,2,3,9,0.221455,0.237388,44.321441,0.004691,0.002059,0.000056,9,43,0,0.002098
5273,1,583,14,4,18,14,4,18,7,0.249779,0.276636,5583.240444,0.025965,0.003131,0.000257,9,151,0.078431,0.177862
2780,1,3444,3,3,6,3,3,6,9,0.272241,0.304448,647.220391,0.023927,0.005681,0.000061,4,43,0.133333,0.025827
3669,1,4207,1,1,2,1,1,2,6,0.259475,0.298876,4.039816,0.004691,0.000455,0.000056,4,213,0,0.002098
3447,1,1834,5,0,5,5,0,5,0,0,0,0,0.034716,0,0.000074,3,19,0.25,0.062133
6601,1,4206,1,0,1,1,0,1,0,0,0,0,0.004691,0,0.000056,3,19,0,0.002098
5295,1,1720,4,0,4,4,0,4,0,0,0,0,0.00561,0,0.000151,3,188,0,0.007147
7060,1,2742,2,5,7,2,5,7,7,0.320392,0.357172,95.797883,0.011827,0.018098,0.000059,5,32,0.095238,0.011419
1090,1,4205,1,3,4,1,3,4,9,0.263273,0.285817,48.829867,0.004691,0.003393,0.000056,3,153,0,0.002098
1238,1,4204,2,14,16,2,14,16,7,0.295254,0.317205,3289.123535,0.004847,0.015655,0.000059,7,32,0.0625,0.002948
6795,1,4201,1,0,1,1,0,1,0,0,0,0,0.004691,0,0.000056,3,19,0,0.002098
3800,1,2808,5,3,8,5,3,8,5,0.37931,0.510606,359.538846,0.008028,0.001108,0.000111,3,131,0.017857,0.016875
6162,1,674,4,0,4,4,0,4,0,0,0,0,0.010049,0,0.000142,10,214,0,0.017173
2100,1,4200,1,0,1,1,0,1,0,0,0,0,0.004691,0,0.000056,3,19,0,0.002098
4144,1,1766,9,3,12,9,3,12,8,0.304069,0.339488,8268.555589,0.032479,0.013544,0.000122,3,171,0.068182,0.051629
7052,1,1683,2,0,2,2,0,2,0,0,0,0,0.004877,0,0.000075,7,19,0,0.005558
4648,1,4199,1,0,1,1,0,1,0,0,0,0,0.004691,0,0.000056,3,19,0,0.002098
3942,1,1384,5,3,8,5,3,8,9,0.210594,0.227047,5214.212451,0.01822,0.001777,0.000075,3,55,0.017857,0.025824
6171,1,4197,1,0,1,1,0,1,0,0,0,0,0.004691,0,0.000056,3,19,0,0.002098
2229,1,1586,7,0,7,7,0,7,0,0,0,0,0.00896,0,0.000132,9,130,0,0.018765
3245,1,1786,6,7,13,6,7,13,8,0.27039,0.308461,17659.00617,0.033173,0.017963,0.000082,3,246,0.070513,0.062446
5254,1,4196,1,1,2,1,1,2,6,0.27451,0.309524,6.227778,0.004691,0.000296,0.000056,3,19,0,0.002098
2111,1,3407,5,6,11,5,6,11,10,0.272226,0.308922,1203.803729,0.015267,0.017737,0.000076,9,114,0.109091,0.016668
5463,1,1440,8,0,8,8,0,8,0,0,0,0,0.007726,0,0.000154,10,204,0.017857,0.038591
4186,1,4195,1,0,1,1,0,1,0,0,0,0,0.004691,0,0.000056,3,19,0,0.002098
1493,1,4194,1,1,2,1,1,2,8,0.203306,0.22169,15.572364,0.004691,0.00018,0.000056,7,239,0,0.002098
3021,1,2189,6,7,13,6,7,13,8,0.302831,0.345305,14935.0817,0.011942,0.028023,0.000082,7,66,0.064103,0.02746
4600,1,2023,3,4,7,3,4,7,7,0.317236,0.35325,545.096357,0.015212,0.015455,0.000066,10,13,0.119048,0.025973
5962,1,4192,1,0,1,1,0,1,0,0,0,0,0.004691,0,0.000056,3,19,0,0.002098
738,1,4941,1,14,15,1,14,15,7,0.296516,0.322944,1342.847866,0.000567,0.008484,0.000057,4,88,0.185714,0.001086
4179,1,2474,8,3,11,8,3,11,9,0.217067,0.242841,927.864361,0.003387,0.000722,0.000101,4,88,0.190909,0.018934
2329,1,3356,5,15,20,5,15,20,10,0.233425,0.256411,822.229047,0.002332,0.005844,0.000071,4,88,0.207895,0.005543
2112,1,2991,2,1,3,2,1,3,3,0.4,0.458333,3.650679,0.001677,0.00047,0.00006,4,112,0.333333,0.005291
3544,1,5939,0,3,3,0,3,3,8,0.21647,0.229985,0,0,0.001266,0.000056,3,131,0.166667,0
1157,1,5938,1,6,7,1,6,7,8,0.230556,0.24038,1120.694083,0.000043,0.001092,0.000071,3,131,0.02381,0.000757
584,1,5940,0,2,2,0,2,2,13,0.201031,0.221462,0,0,0.001459,0.000056,7,146,0,0
1590,1,4590,2,8,10,2,8,10,12,0.236836,0.263722,2681.013342,0.000481,0.002138,0.000084,7,146,0.044444,0.002826
2155,1,1589,7,0,7,7,0,7,0,0,0,0,0.003221,0,0.000208,14,151,0.02381,0.031401
7066,1,51,7,0,7,7,0,7,0,0,0,0,0.000837,0,0.002415,1,215,0.047619,0.045652
586,1,5942,0,1,1,0,1,1,10,0.165652,0.177163,0,0,0,0.000056,1,16,0,0
1491,1,5941,1,2,3,1,2,3,9,0.198353,0.219002,1060,0,0.000732,0.000103,1,16,0.166667,0.000757
1298,1,4147,2,14,16,2,14,16,9,0.295204,0.328232,2212.69411,0.001058,0.02309,0.000066,1,213,0.020833,0.002204
2926,1,2646,3,3,6,3,3,6,10,0.186916,0.237675,163.373863,0.001434,0.000582,0.000072,9,114,0.033333,0.006126
2520,1,4142,1,4,5,1,4,5,8,0.259963,0.280568,182.522735,0.000743,0.003484,0.000061,9,83,0,0.001348
588,1,5943,0,1,1,0,1,1,7,0.289388,0.312833,0,0,0.00283,0.000056,5,8,0,0
589,1,5944,0,1,1,0,1,1,8,0.231716,0.255724,0,0,0.001313,0.000056,4,192,0,0
590,1,5945,0,1,1,0,1,1,11,0.17686,0.184783,0,0,0.000049,0.000056,4,67,0,0
591,1,5946,0,7,7,0,7,7,11,0.226139,0.246015,0,0,0.002488,0.000056,1,235,0.02381,0
5606,1,2949,2,1,3,2,1,3,5,0.372549,0.419298,130.00138,0.000127,0.001822,0.000087,9,126,0,0.003097
592,1,5949,0,6,6,0,6,6,8,0.264151,0.286209,0,0,0.001682,0.000056,6,223,0,0
4298,1,5948,1,7,8,1,7,8,9,0.21753,0.233361,50.059524,0.000057,0.000886,0.000063,6,223,0.142857,0.000757
3987,1,2445,5,3,8,5,3,8,8,0.242119,0.268511,649.430426,0.007974,0.001232,0.000082,6,220,0.053571,0.019808
2688,1,911,7,1,8,7,1,8,1,1,1,45.747648,0.000497,0.000151,0.00015,6,223,0.160714,0.013178
594,1,5950,0,3,3,0,3,3,11,0.255479,0.290123,0,0,0.005055,0.000056,3,48,0,0
4614,1,3707,7,2,9,7,2,9,9,0.212355,0.239239,214.018286,0.002091,0.0001,0.000172,3,48,0,0.006515
595,1,5952,0,6,6,0,6,6,9,0.266037,0.291304,0,0,0.005245,0.000056,1,96,0.033333,0
1296,1,5951,1,1,2,1,1,2,1,1,1,0,0.000178,0.000395,0.000063,1,96,0.5,0.000757
6531,1,1500,8,0,8,8,0,8,0,0,0,0,0.011618,0,0.00022,1,96,0.017857,0.025721
837,1,4128,1,7,8,1,7,8,7,0.304659,0.33132,2779.078199,0.001033,0.006839,0.000059,3,241,0.035714,0.001138
7097,1,924,4,0,4,4,0,4,0,0,0,0,0.003607,0,0.000135,6,82,0,0.024439
3501,1,440,10,0,10,10,0,10,0,0,0,0,0.00755,0,0.000268,9,56,0.144444,0.054448
810,1,4095,1,9,10,1,9,10,8,0.263145,0.285095,41.739259,0.001033,0.005166,0.000059,9,60,0.066667,0.001138
2338,1,4092,1,4,5,1,4,5,7,0.278408,0.305926,320.000843,0.001033,0.01891,0.000059,9,60,0.3,0.001138
597,1,5953,0,1,1,0,1,1,12,0.163109,0.177666,0,0,0.00013,0.000056,6,65,0,0
598,1,5954,0,2,2,0,2,2,11,0.150231,0.163061,0,0,0.000201,0.000056,10,56,0,0
6793,1,580,11,0,11,11,0,11,0,0,0,0,0.00231,0,0.000427,10,56,0.009091,0.022458
600,1,5955,0,3,3,0,3,3,10,0.191535,0.20054,0,0,0.000239,0.000056,10,214,0,0
1207,1,4495,2,2,4,2,2,4,9,0.221788,0.235304,1927.781559,0.00113,0.000014,0.000073,7,214,0,0.00252
7042,1,399,4,0,4,4,0,4,0,0,0,0,0.001077,0,0.000129,10,214,0,0.02513
601,1,5957,0,4,4,0,4,4,7,0.289738,0.313731,0,0,0.00532,0.000056,9,60,0.083333,0
3421,1,375,8,0,8,8,0,8,0,0,0,0,0.006485,0,0.000356,9,60,0.017857,0.102185
3689,1,5956,1,2,3,1,2,3,1,1,1,2,0.000181,0.000332,0.000067,9,60,0,0.000757
602,1,5958,0,5,5,0,5,5,7,0.297845,0.322896,0,0,0.01008,0.000056,5,79,0.25,0
839,1,2574,5,5,10,5,5,10,11,0.167722,0.228344,946.926525,0.002651,0.001412,0.000095,4,234,0.033333,0.013624
2209,1,5033,2,5,7,2,5,7,10,0.201479,0.22202,59.651464,0.000278,0.001466,0.000069,4,234,0.119048,0.001625
603,1,5960,0,3,3,0,3,3,9,0.179233,0.192449,0,0,0.000146,0.000056,14,78,0,0
2097,1,3880,2,1,3,2,1,3,8,0.215836,0.232183,527.140933,0.002103,0.001362,0.000072,10,78,0,0.002908
5244,1,5959,1,1,2,1,1,2,7,0.245714,0.279125,14.666667,0.000005,0.000175,0.000071,14,78,0,0.000757
3935,1,1807,6,6,12,6,6,12,6,0.312021,0.349387,1779.356021,0.011609,0.017108,0.000098,9,111,0.106061,0.038899
4902,1,2780,6,4,10,6,4,10,6,0.287719,0.340041,362.055227,0.009133,0.002985,0.000078,9,139,0.011111,0.021584
4209,1,1382,6,4,10,6,4,10,7,0.308987,0.34601,3254.328489,0.002254,0.015293,0.000095,9,33,0.255556,0.00777
2618,1,4574,3,14,17,3,14,17,8,0.276091,0.302805,1273.853348,0.001527,0.014784,0.000069,10,139,0.025735,0.003452
605,1,5961,0,10,10,0,10,10,7,0.320832,0.349591,0,0,0.013135,0.000056,6,123,0.066667,0
3720,1,5962,0,2,2,0,2,2,10,0.174777,0.191764,0,0,0.000392,0.000056,1,109,0,0
1345,1,4651,2,12,14,2,12,14,8,0.246502,0.265004,1828.028726,0.000788,0.002301,0.000061,10,32,0.016484,0.002141
719,1,4643,1,24,25,1,24,25,8,0.272608,0.297227,400.348399,0.000706,0.009297,0.000057,1,108,0.021667,0.001068
5532,1,1248,12,1,13,12,1,13,1,1,1,180.453978,0.008185,0.000132,0.000186,1,16,0.070513,0.036597
5139,1,1411,3,1,4,3,1,4,2,0.666667,0.75,141.609089,0.001508,0.000052,0.000074,1,16,0.083333,0.011311
3390,1,4086,2,1,3,2,1,3,9,0.19376,0.216599,5.4,0.000734,0.000248,0.000072,10,34,0.166667,0.002071
1977,1,3235,4,8,12,4,8,12,8,0.262295,0.287014,1064.249581,0.002311,0.006371,0.000084,1,246,0.007576,0.007204
608,1,5964,0,15,15,0,15,15,10,0.227511,0.25495,0,0,0.008679,0.000056,10,167,0.038095,0
827,1,5963,1,7,8,1,7,8,9,0.229627,0.248357,368.792197,0.000295,0.001548,0.000059,7,46,0,0.000757
5763,1,945,4,1,5,4,1,5,1,1,1,53.186226,0.000396,0.000079,0.000167,10,56,0.05,0.005489
6692,1,3081,5,3,8,5,3,8,6,0.326057,0.366736,528.692915,0.007285,0.009966,0.000081,4,129,0.053571,0.016125
5406,1,1184,5,2,7,5,2,7,6,0.242188,0.305376,225.335971,0.001105,0.000271,0.000269,7,167,0.02381,0.004646
5340,1,1828,11,1,12,11,1,12,10,0.179732,0.213838,1621.443753,0.00544,0.000077,0.000183,4,120,0,0.02344
1013,1,5778,1,1,2,1,1,2,1,1,1,2,0.000019,0.000008,0.000074,4,120,0,0.000851
610,1,5965,0,1,1,0,1,1,9,0.209302,0.221753,0,0,0.000148,0.000056,9,202,0,0
611,1,5966,0,3,3,0,3,3,10,0.193659,0.209778,0,0,0.000559,0.000056,7,48,0.166667,0
3767,1,5967,0,1,1,0,1,1,8,0.224317,0.238544,0,0,0.000301,0.000056,7,5,0,0
613,1,5968,0,2,2,0,2,2,7,0.307078,0.342061,0,0,0.012534,0.000056,3,28,0,0
2297,1,4413,2,3,5,2,3,5,7,0.308773,0.343903,736.609831,0.000362,0.012402,0.000077,9,239,0.05,0.002056
5548,1,2132,2,1,3,2,1,3,5,0.265306,0.333333,12.265241,0.0011,0.000358,0.000066,1,239,0,0.006151
5438,1,3023,2,2,4,2,2,4,8,0.235906,0.252415,438.038935,0.000302,0.000424,0.000078,5,153,0,0.002367
2624,1,4276,1,0,1,1,0,1,0,0,0,0,0.000246,0,0.000061,3,51,0,0.001026
5287,1,2263,3,1,4,3,1,4,9,0.250419,0.267259,448.995471,0.015264,0.000767,0.000078,6,51,0.083333,0.022714
616,1,5969,0,3,3,0,3,3,9,0.21977,0.230378,0,0,0.000383,0.000056,3,67,0.166667,0
5160,1,969,10,2,12,10,2,12,4,0.385965,0.450758,3273.135257,0.002172,0.000236,0.000208,3,81,0.121212,0.028797
618,1,5970,0,4,4,0,4,4,7,0.31524,0.340108,0,0,0.007843,0.000056,5,221,0.333333,0
619,1,5971,0,1,1,0,1,1,7,0.245064,0.262295,0,0,0.001116,0.000056,4,7,0,0
620,1,5973,0,10,10,0,10,10,9,0.235191,0.262571,0,0,0.003732,0.000056,7,218,0.122222,0
4126,1,2989,4,4,8,4,4,8,9,0.23288,0.257093,2417.369824,0.000368,0.003113,0.000119,7,218,0.178571,0.004145
6321,1,454,11,1,12,11,1,12,5,0.364865,0.411728,1235.263332,0.014691,0.00262,0.000384,7,218,0.113636,0.124306
6628,1,1386,8,0,8,8,0,8,0,0,0,0,0.007284,0,0.00022,7,28,0.017857,0.032442
7062,1,5972,2,3,5,2,3,5,10,0.190767,0.206338,238.496039,0.000128,0.000981,0.000076,7,218,0.2,0.001514
621,1,5975,0,12,12,0,12,12,8,0.263348,0.285742,0,0,0.015011,0.000056,10,150,0.045455,0
2570,1,5974,1,1,2,1,1,2,10,0.136364,0.167921,5.2,0.000511,0.000048,0.00006,14,55,0,0.000757
4638,1,2639,2,1,3,2,1,3,2,0.666667,0.75,15.116667,0.000585,0.000555,0.000074,10,56,0,0.002568
4199,1,2230,9,4,13,9,4,13,5,0.317972,0.37343,1080.095299,0.005459,0.001727,0.000145,7,82,0.038462,0.020545
4968,1,2072,3,4,7,3,4,7,6,0.313752,0.359504,292.762405,0.002052,0.012048,0.000072,10,183,0.071429,0.010172
3956,1,1783,9,4,13,9,4,13,7,0.319669,0.354697,3512.759214,0.020784,0.015108,0.000117,10,56,0.115385,0.046077
709,1,5163,2,1,3,2,1,3,11,0.21298,0.229555,2048.884135,0.000659,0.000863,0.000083,14,83,0,0.001619
7122,1,16,9,0,9,9,0,9,0,0,0,0,0.001487,0,0.001011,9,236,0,0.02009
6768,1,26,9,0,9,9,0,9,0,0,0,0,0.003839,0,0.000505,10,83,0.055556,0.07984
6394,1,2100,4,1,5,4,1,5,1,1,1,20.345957,0.000887,0.000238,0.000079,12,12,0,0.00759
2954,1,3044,7,6,13,7,6,13,10,0.207586,0.235945,955.175221,0.009688,0.002823,0.000087,1,13,0.019231,0.021406
6200,1,5354,1,0,1,1,0,1,0,0,0,0,0.000075,0,0.000064,1,12,0,0.000857
6932,1,5977,0,3,3,0,3,3,8,0.278371,0.300908,0,0,0.005589,0.000056,10,202,0.166667,0
5060,1,5976,1,1,2,1,1,2,1,1,1,1,0.00019,0.000798,0.000071,10,202,0,0.000757
625,1,5978,0,1,1,0,1,1,7,0.238719,0.253876,0,0,0.00003,0.000056,9,61,0,0
3771,1,3808,5,6,11,5,6,11,6,0.313193,0.348738,1760.624668,0.00087,0.014459,0.000127,9,61,0.045455,0.004599
627,1,5980,0,3,3,0,3,3,9,0.209558,0.219023,0,0,0.000032,0.000056,14,65,0.166667,0
2456,1,4218,3,3,6,3,3,6,10,0.210635,0.227138,472.331949,0.000278,0.000876,0.000078,14,65,0.133333,0.002997
4351,1,5979,1,2,3,1,2,3,1,1,1,2,0.000001,0.000092,0.000071,3,65,0,0.000757
628,1,5981,0,3,3,0,3,3,8,0.225913,0.242627,0,0,0.001698,0.000056,8,29,0,0
3141,1,3313,3,2,5,3,2,5,8,0.219787,0.233914,684.367222,0.015073,0.000678,0.000091,8,29,0,0.020869
629,1,5982,0,3,3,0,3,3,10,0.2472,0.274155,0,0,0.002333,0.000056,5,217,0,0
3471,1,867,6,3,9,6,3,9,9,0.217222,0.2368,8546.801996,0.009777,0.002283,0.000147,9,134,0.069444,0.047309
3002,1,5123,1,5,6,1,5,6,10,0.187711,0.203725,34.554762,0.000638,0.001487,0.000061,14,55,0.066667,0.000944
5998,1,5983,0,1,1,0,1,1,9,0.190397,0.205813,0,0,0.000854,0.000056,4,189,0,0
5168,1,1351,12,5,17,12,5,17,8,0.234492,0.265476,5864.52769,0.025121,0.001941,0.000296,4,189,0.055147,0.061447
3602,1,5984,0,2,2,0,2,2,7,0.275511,0.292903,0,0,0.00179,0.000056,3,239,0,0
1575,1,4435,2,2,4,2,2,4,8,0.235923,0.253289,43.534287,0.00111,0.00114,0.000083,3,239,0,0.002334
634,1,5985,0,1,1,0,1,1,8,0.263855,0.282628,0,0,0.003536,0.000056,1,185,0,0
3945,1,5986,0,3,3,0,3,3,8,0.237442,0.251336,0,0,0.003004,0.000056,10,226,0.166667,0
636,1,5987,0,2,2,0,2,2,12,0.175733,0.185142,0,0,0.000038,0.000056,14,83,0,0
5796,1,4486,3,0,3,3,0,3,0,0,0,0,0.000459,0,0.000142,14,110,0,0.002372
637,1,5989,0,3,3,0,3,3,12,0.192916,0.20997,0,0,0.003738,0.000056,12,112,0.166667,0
669,1,5988,1,0,1,1,0,1,0,0,0,0,0.000127,0,0.000071,12,112,0,0.000757
7079,1,5640,1,0,1,1,0,1,0,0,0,0,0.000188,0,0.000061,9,4,0,0.000851
2487,1,5639,1,3,4,1,3,4,12,0.216524,0.243825,39.829891,0.000188,0.000857,0.000061,9,4,0.083333,0.000851
5193,1,634,17,7,24,17,7,24,7,0.280859,0.317311,6800.706222,0.015974,0.007637,0.000241,9,4,0.054348,0.119312
6000,1,300,10,1,11,10,1,11,5,0.364865,0.411728,372.919064,0.01728,0.00262,0.00028,7,4,0.1,0.120949
4091,1,2167,5,3,8,5,3,8,6,0.320307,0.354124,1277.105954,0.009935,0.015104,0.000114,9,208,0.142857,0.034836
4714,1,2682,8,8,16,8,8,16,9,0.223442,0.254604,413.16877,0.007257,0.006804,0.000087,10,161,0.05,0.021283
1084,1,5783,1,7,8,1,7,8,10,0.244772,0.27704,1907.390665,0.000166,0.007203,0.000063,9,212,0.071429,0.000851
1494,1,4175,2,0,2,2,0,2,0,0,0,0,0.000341,0,0.000075,4,227,0,0.002024
5076,1,4174,3,0,3,3,0,3,0,0,0,0,0.000373,0,0.000082,4,68,0,0.0027
6466,1,1914,4,1,5,4,1,5,1,1,1,544.254015,0.011161,0.000744,0.000077,4,94,0.05,0.038326
1815,1,4173,2,0,2,2,0,2,0,0,0,0,0.000371,0,0.000066,4,227,0,0.001801
4991,1,4172,2,2,4,2,2,4,10,0.172611,0.190885,32.435854,0.001193,0.000521,0.00006,7,53,0.166667,0.002082
4297,1,1479,7,6,13,7,6,13,12,0.189827,0.242293,5134.324869,0.008128,0.005776,0.000142,4,80,0.044872,0.02448
641,1,5990,0,15,15,0,15,15,8,0.298839,0.325834,0,0,0.010467,0.000056,8,151,0.057143,0
3965,1,3064,3,4,7,3,4,7,8,0.214652,0.227932,1064.985996,0.001316,0.000876,0.000072,10,151,0,0.003642
2086,1,3736,4,2,6,4,2,6,10,0.225692,0.243793,1231.181048,0.005748,0.00119,0.000079,4,111,0.033333,0.008843
6014,1,676,25,6,31,25,6,31,6,0.345324,0.438194,7199.837421,0.009093,0.005329,0.00057,10,214,0.002151,0.04898
5128,1,3463,3,6,9,3,6,9,11,0.207012,0.228783,1687.795384,0.001316,0.002953,0.000073,10,151,0.041667,0.003231
642,1,5991,0,1,1,0,1,1,8,0.226504,0.24532,0,0,0.000432,0.000056,10,56,0,0
643,1,5992,0,6,6,0,6,6,8,0.243185,0.256929,0,0,0.004034,0.000056,1,96,0.233333,0
644,1,5993,0,1,1,0,1,1,10,0.1821,0.189572,0,0,0.000167,0.000056,14,12,0,0
646,1,5995,0,5,5,0,5,5,9,0.200341,0.213497,0,0,0.00161,0.000056,3,152,0.2,0
6901,1,3260,3,3,6,3,3,6,8,0.247194,0.268945,2771.240944,0.015367,0.002836,0.000074,3,152,0.033333,0.022303
3904,1,5994,1,5,6,1,5,6,7,0.291429,0.34895,51.666667,0.000055,0.003112,0.000065,3,152,0.133333,0.000757
4286,1,3380,3,1,4,3,1,4,4,0.4,0.486111,24.051135,0.00058,0.000267,0.000081,3,152,0.25,0.003558
6798,1,235,9,0,9,9,0,9,0,0,0,0,0.023487,0,0.000253,3,152,0.069444,0.115179
4035,1,5996,0,13,13,0,13,13,7,0.300034,0.326766,0,0,0.009663,0.000056,4,46,0.038462,0
3502,1,3566,2,2,4,2,2,4,10,0.218909,0.23874,243.146513,0.015268,0.002034,0.000063,10,46,0.166667,0.020112
648,1,5997,0,1,1,0,1,1,1,1,1,0,0,0.000077,0.000056,11,210,0,0
5991,1,2772,9,0,9,9,0,9,0,0,0,0,0.002259,0,0.000237,11,210,0,0.010832
649,1,5998,0,1,1,0,1,1,7,0.289388,0.312833,0,0,0.00283,0.000056,5,8,0,0
796,1,4935,1,7,8,1,7,8,10,0.236526,0.260813,25.640351,0.000367,0.003757,0.000058,4,120,0.285714,0.001523
3796,1,3353,3,1,4,3,1,4,10,0.193923,0.204083,942.779992,0.000535,0.000403,0.000087,3,94,0,0.003257
6878,1,146,5,0,5,5,0,5,0,0,0,0,0.005373,0,0.000624,4,22,0.05,0.092651
1321,1,4934,1,12,13,1,12,13,7,0.315907,0.34222,6447.485455,0.000367,0.017664,0.000058,5,67,0.012821,0.001523
947,1,4933,1,2,3,1,2,3,8,0.254412,0.272812,920.901928,0.000367,0.001369,0.000058,3,192,0.166667,0.001523
3603,1,3387,2,0,2,2,0,2,0,0,0,0,0.015306,0,0.000062,5,8,0,0.020879
651,1,5999,0,1,1,0,1,1,3,0.466667,0.52381,0,0,0.000055,0.000056,3,47,0,0
652,1,6001,0,5,5,0,5,5,9,0.229435,0.262406,0,0,0.016935,0.000056,5,81,0.1,0
1707,1,6000,1,2,3,1,2,3,8,0.217339,0.226099,1167.179837,0.000576,0.000037,0.000065,5,81,0,0.000757
1195,1,6002,0,1,1,0,1,1,10,0.171405,0.183214,0,0,0.000034,0.000056,14,226,0,0
7099,1,4522,3,2,5,3,2,5,9,0.206532,0.227108,637.594579,0.001014,0.001515,0.000117,14,226,0.1,0.002767
1315,1,5351,1,0,1,1,0,1,0,0,0,0,0,0,0.000106,1,167,0,0.000857
655,1,6003,0,1,1,0,1,1,9,0.190977,0.20711,0,0,0.000072,0.000056,14,65,0,0
2036,1,4006,4,11,15,4,11,15,9,0.237665,0.255832,3065.547022,0.004809,0.004031,0.000086,1,177,0.028571,0.007162
5600,1,996,7,0,7,7,0,7,0,0,0,0,0.004538,0,0.000179,10,69,0.02381,0.028708
657,1,6006,0,3,3,0,3,3,10,0.205691,0.245823,0,0,0.007389,0.000056,3,207,0,0
3684,1,6005,1,3,4,1,3,4,5,0.390244,0.491667,12.5,0.000251,0.001284,0.000071,3,207,0.083333,0.000757
2900,1,6004,1,1,2,1,1,2,9,0.212402,0.231577,376.666667,0.000251,0.001547,0.000071,3,207,0,0.000757
658,1,6007,0,1,1,0,1,1,9,0.260725,0.282667,0,0,0.002263,0.000056,3,94,0,0
3261,1,2941,3,2,5,3,2,5,1,1,1,1024.259174,0.001437,0.000538,0.000098,2,126,0,0.006783
659,1,6009,0,4,4,0,4,4,9,0.261479,0.281899,0,0,0.002178,0.000056,8,18,0,0
2252,1,6008,2,2,4,2,2,4,7,0.305367,0.340008,903.548006,0.000074,0.012371,0.000115,8,18,0,0.001514
3947,1,2097,2,0,2,2,0,2,0,0,0,0,0.000359,0,0.000077,3,200,0,0.003841
661,1,6010,0,2,2,0,2,2,9,0.224719,0.234909,0,0,0.00247,0.000056,3,43,0,0
6388,1,1207,5,0,5,5,0,5,0,0,0,0,0.025866,0,0.000115,3,43,0.1,0.057918
4165,1,6012,0,8,8,0,8,8,9,0.256619,0.2758,0,0,0.005392,0.000056,9,200,0.017857,0
1255,1,6011,1,5,6,1,5,6,7,0.295299,0.320035,1308.328813,0.000183,0.008014,0.000061,4,200,0.1,0.000757
1250,1,6013,0,5,5,0,5,5,9,0.22254,0.238054,0,0,0.000553,0.000056,12,90,0.15,0
2475,1,5620,2,3,5,2,3,5,9,0.214307,0.241435,322.870071,0.000524,0.00113,0.000077,12,90,0.2,0.001795
5747,1,746,15,3,18,15,3,18,7,0.256125,0.304886,5683.930276,0.008463,0.002492,0.000322,5,236,0.03268,0.108052
5101,1,1153,15,6,21,15,6,21,9,0.205008,0.258273,3316.017937,0.002876,0.001419,0.000228,4,112,0.064286,0.044837
2234,1,3670,1,5,6,1,5,6,11,0.219885,0.23888,1.083333,0.00032,0.002797,0.000059,4,20,0.166667,0.001016
3156,1,3415,2,2,4,2,2,4,11,0.288503,0.329274,295.604551,0.001381,0.012525,0.00006,9,169,0,0.004215
2027,1,71,8,2,10,8,2,10,2,0.666667,0.75,731.924527,0.001808,0.000671,0.000251,10,62,0.088889,0.023949
2541,1,2239,3,0,3,3,0,3,0,0,0,0,0.001214,0,0.000069,12,67,0.333333,0.007313
6461,1,221,14,0,14,14,0,14,0,0,0,0,0.007002,0,0.000361,1,132,0.142857,0.081816
6484,1,1456,13,2,15,13,2,15,2,0.75,0.833333,279.609656,0.006134,0.000572,0.000245,12,71,0.085714,0.036247
666,1,6017,0,6,6,0,6,6,10,0.189052,0.200701,0,0,0.000935,0.000056,5,204,0.433333,0
1314,1,6015,2,10,12,2,10,12,9,0.229605,0.248133,5499.273324,0.000064,0.003318,0.000074,5,204,0.181818,0.001701
2828,1,3524,5,6,11,5,6,11,9,0.198171,0.213175,3437.506467,0.000284,0.001068,0.000099,5,204,0.154545,0.005458
6170,1,327,10,2,12,10,2,12,1,1,1,1090.164289,0.001695,0.001404,0.000533,5,204,0.159091,0.042242
1233,1,6016,2,6,8,2,6,8,10,0.188612,0.199614,106.37403,0.000034,0.000933,0.000075,5,204,0.285714,0.001514
3615,1,3060,6,8,14,6,8,14,9,0.216929,0.253381,2370.873224,0.006331,0.003591,0.000102,5,204,0.115385,0.015735
3829,1,1378,6,6,12,6,6,12,9,0.230104,0.252954,3371.559799,0.004724,0.001777,0.000093,7,94,0.037879,0.022153
1501,1,3803,4,13,17,4,13,17,9,0.249671,0.268234,2339.183314,0.002487,0.004781,0.000071,7,94,0.014706,0.005406
6527,1,4579,2,1,3,2,1,3,2,0.571429,0.625,6.586329,0.001609,0.000344,0.000061,10,94,0,0.002789
671,1,6018,0,1,1,0,1,1,12,0.168369,0.174636,0,0,0,0.000056,4,136,0,0
5587,1,5459,2,2,4,2,2,4,7,0.25,0.28731,88.792373,0.000156,0.001333,0.000082,7,45,0,0.001607
5091,1,1458,11,4,15,11,4,15,8,0.272512,0.321843,1896.080964,0.006614,0.003725,0.000257,9,71,0.042857,0.031385
822,1,5458,1,2,3,1,2,3,10,0.20261,0.217804,56.909907,0.000156,0.000148,0.000059,9,157,0.166667,0.000851
3699,1,2877,4,11,15,4,11,15,7,0.26509,0.30204,1558.422018,0.000368,0.00407,0.000084,6,223,0.133333,0.004212
5623,1,1389,2,1,3,2,1,3,3,0.5,0.566667,7.333333,0.000251,0.001523,0.00007,7,110,0,0.002954
4361,1,5457,1,2,3,1,2,3,7,0.270156,0.295649,6.602778,0.000156,0.001374,0.000059,7,71,0.166667,0.000851
5527,1,2693,4,0,4,4,0,4,0,0,0,0,0.00092,0,0.000086,7,112,0,0.008145
3609,1,6019,0,1,1,0,1,1,10,0.229062,0.247976,0,0,0.000772,0.000056,4,89,0,0
1509,1,1831,8,7,15,8,7,15,10,0.194401,0.284838,3916.63866,0.002419,0.003117,0.000128,1,158,0.042857,0.016775
5993,1,506,6,0,6,6,0,6,0,0,0,0,0.003112,0,0.000208,1,58,0.133333,0.021919
6905,1,5161,1,1,2,1,1,2,2,0.666667,0.75,1.809524,0.001488,0.0002,0.000056,1,177,0,0.001385
2977,1,3049,7,4,11,7,4,11,9,0.256082,0.276869,2085.578847,0.00925,0.005519,0.00012,1,61,0.054545,0.017796
5407,1,556,13,2,15,13,2,15,6,0.281513,0.326617,456.528088,0.007886,0.002239,0.00017,1,223,0.171429,0.048268
774,1,5160,1,2,3,1,2,3,8,0.229949,0.254913,8.332583,0.001488,0.001159,0.000056,1,191,0.166667,0.001385
2171,1,5159,1,2,3,1,2,3,7,0.243963,0.266504,5.708878,0.001488,0.001226,0.000056,7,68,0,0.001385
1427,1,4543,6,22,28,6,22,28,9,0.294964,0.339578,9788.012388,0.007427,0.03751,0.000097,1,202,0.101852,0.008423
5760,1,406,14,4,18,14,4,18,6,0.307076,0.348333,6422.733033,0.017812,0.008993,0.000223,1,98,0.062092,0.093649
1868,1,5157,1,3,4,1,3,4,11,0.191448,0.205293,13.908999,0.001488,0.000799,0.000056,1,237,0.083333,0.001385
4449,1,1430,7,2,9,7,2,9,8,0.256798,0.324804,800.455871,0.003157,0.002436,0.000098,1,78,0.027778,0.010661
5907,1,404,7,2,9,7,2,9,5,0.326923,0.412745,1703.446653,0.004282,0.000166,0.000148,1,34,0.069444,0.031484
6963,1,394,3,0,3,3,0,3,0,0,0,0,0.0018,0,0.000117,1,100,0.333333,0.016123
6447,1,589,5,0,5,5,0,5,0,0,0,0,0.001706,0,0.000174,1,91,0,0.010936
4694,1,1016,9,7,16,9,7,16,7,0.268775,0.300473,4812.764039,0.00949,0.003928,0.00013,1,105,0.05,0.038226
1540,1,534,12,2,14,12,2,14,2,0.75,0.833333,3379.347491,0.005665,0.000706,0.000285,1,29,0.082418,0.042952
6742,1,69,15,1,16,15,1,16,1,1,1,195.856404,0.003351,0.000028,0.000858,10,62,0.045833,0.035722
6054,1,962,10,7,17,10,7,17,5,0.373057,0.443287,832.713991,0.006996,0.006907,0.000151,1,83,0.147059,0.039525
6989,1,1285,9,2,11,9,2,11,8,0.229762,0.25468,1913.26185,0.005233,0.001435,0.000115,1,178,0.118182,0.027362
5841,1,505,14,2,16,14,2,16,4,0.393939,0.480769,335.052047,0.008038,0.000614,0.000168,1,237,0.058333,0.046728
4824,1,5016,1,6,7,1,6,7,8,0.223132,0.239589,77.599925,0.000124,0.000927,0.000058,4,186,0.047619,0.000957
3585,1,2628,10,13,23,10,13,23,10,0.218967,0.246791,5400.377802,0.003057,0.005853,0.000138,4,239,0.055336,0.018248
1185,1,5014,1,2,3,1,2,3,10,0.17228,0.204774,5.477417,0.000124,0.00011,0.000058,4,239,0,0.000957
604,1,5013,1,1,2,1,1,2,1,1,1,0,0.000124,0.000025,0.000058,4,239,0.5,0.000957
2211,1,4990,2,2,4,2,2,4,10,0.206273,0.222345,0,0.000255,0.000662,0.000062,4,239,0.5,0.001931
5972,1,679,4,0,4,4,0,4,0,0,0,0,0.000745,0,0.000185,4,239,0.166667,0.007086
1251,1,6020,0,1,1,0,1,1,1,1,1,0,0,0.000107,0.000056,5,137,0,0
6296,1,491,9,0,9,9,0,9,0,0,0,0,0.003139,0,0.000293,5,137,0.083333,0.041275
679,1,6021,0,1,1,0,1,1,7,0.275267,0.292445,0,0,0.001753,0.000056,3,49,0,0
680,1,6022,0,3,3,0,3,3,12,0.210897,0.237353,0,0,0.000838,0.000056,9,130,0,0
5361,1,4113,7,2,9,7,2,9,8,0.254386,0.292642,487.58777,0.000705,0.000912,0.000228,14,130,0.013889,0.006518
682,1,6023,0,4,4,0,4,4,9,0.227246,0.239501,0,0,0.000795,0.000056,2,42,0,0
4817,1,2315,4,2,6,4,2,6,8,0.240675,0.258292,1700.468121,0.006379,0.00109,0.000103,2,160,0,0.024237
3395,1,4836,2,1,3,2,1,3,8,0.214644,0.229518,516.221509,0.000445,0.000424,0.00011,10,53,0,0.001713
5762,1,4835,1,0,1,1,0,1,0,0,0,0,0.000444,0,0.000058,10,246,0,0.000856
5863,1,610,15,2,17,15,2,17,5,0.3125,0.401111,3064.957696,0.00739,0.000067,0.000464,7,241,0.014706,0.037862
5896,1,4834,3,1,4,3,1,4,1,1,1,1.076923,0.000626,0.000586,0.00008,4,143,0.25,0.002681
1439,1,4833,1,15,16,1,15,16,7,0.316013,0.344985,1470.28152,0.000444,0.028845,0.000058,7,228,0.075,0.000856
701,1,4832,1,2,3,1,2,3,7,0.306293,0.340812,66.683558,0.000444,0.01313,0.000058,9,246,0,0.000856
3160,1,931,8,0,8,8,0,8,0,0,0,0,0.002607,0,0.000216,6,22,0.071429,0.019141
6698,1,241,5,0,5,5,0,5,0,0,0,0,0.003431,0,0.000254,10,233,0.1,0.072049
684,1,6024,0,1,1,0,1,1,10,0.229062,0.247976,0,0,0.000772,0.000056,4,89,0,0
2567,1,3354,2,3,5,2,3,5,11,0.170641,0.183391,751.355663,0.000117,0.000762,0.000078,4,94,0,0.002083
687,1,6025,0,3,3,0,3,3,8,0.23665,0.252206,0,0,0.00151,0.000056,10,179,0,0
3777,1,2477,10,6,16,10,6,16,3,0.583333,0.690476,473.872409,0.007641,0.002432,0.00019,10,80,0.0125,0.024225
688,1,6026,0,5,5,0,5,5,10,0.244867,0.266511,0,0,0.003631,0.000056,3,137,0,0
3427,1,4670,2,3,5,2,3,5,7,0.237071,0.254257,463.68879,0.000219,0.000826,0.00007,1,16,0,0.001836
3500,1,2784,5,3,8,5,3,8,9,0.177686,0.245589,454.396166,0.015411,0.000524,0.000103,1,190,0.160714,0.025759
3741,1,2785,3,1,4,3,1,4,7,0.236638,0.25145,850.700339,0.000477,0.001457,0.000087,1,190,0.166667,0.004038
690,1,6027,0,7,7,0,7,7,10,0.242574,0.269828,0,0,0.004189,0.000056,7,94,0.142857,0
5261,1,1365,6,4,10,6,4,10,6,0.300412,0.358676,4193.951945,0.003151,0.001803,0.000145,7,94,0.033333,0.028755
691,1,6028,0,1,1,0,1,1,6,0.300532,0.336947,0,0,0.007372,0.000056,2,3,0,0
5626,1,5642,1,0,1,1,0,1,0,0,0,0,0.000049,0,0.000069,9,4,0,0.000851
695,1,6029,0,7,7,0,7,7,8,0.256483,0.277035,0,0,0.003586,0.000056,4,234,0.095238,0
696,1,6030,0,1,1,0,1,1,3,0.5,0.583333,0,0,0.000061,0.000056,14,131,0,0
697,1,6034,0,4,4,0,4,4,10,0.219144,0.233638,0,0,0.001253,0.000056,4,217,0.083333,0
2029,1,6033,1,3,4,1,3,4,12,0.180459,0.221301,108.306177,0.000043,0.000495,0.000067,4,217,0.083333,0.000757
2705,1,3499,9,14,23,9,14,23,9,0.27188,0.297595,9036.735502,0.024253,0.014067,0.000105,5,127,0.035573,0.033171
3226,1,6031,1,1,2,1,1,2,6,0.280335,0.319154,25.140693,0.000043,0.00099,0.000067,4,217,0,0.000757
1184,1,4284,1,10,11,1,10,11,7,0.309091,0.334706,415.07183,0.001061,0.010428,0.000058,9,235,0.1,0.000932
699,1,6037,0,3,3,0,3,3,7,0.261952,0.279497,0,0,0.001107,0.000056,6,93,0.166667,0
854,1,6036,1,2,3,1,2,3,8,0.26402,0.283237,365.634614,0.000038,0.003542,0.000071,6,93,0.166667,0.000757
5477,1,6035,2,0,2,2,0,2,0,0,0,0,0.000158,0,0.000102,6,93,0.5,0.001607
4552,1,3574,4,9,13,4,9,13,11,0.238134,0.274431,3621.271238,0.00151,0.012616,0.000086,1,155,0.089744,0.004969
3172,1,2519,4,3,7,4,3,7,12,0.184271,0.208283,736.081165,0.008364,0.003632,0.000087,4,175,0.047619,0.015933
6873,1,508,15,2,17,15,2,17,1,1,1,2168.915024,0.007127,0.000411,0.000215,1,58,0.018382,0.049275
1003,1,4752,1,10,11,1,10,11,9,0.262537,0.286504,104.921513,0.000727,0.008392,0.000058,7,218,0.018182,0.001081
3259,1,4434,3,6,9,3,6,9,7,0.262904,0.281361,107.008814,0.00215,0.003441,0.000063,7,103,0.013889,0.003627
702,1,6038,0,2,2,0,2,2,5,0.384615,0.451667,0,0,0.000975,0.000056,1,37,0,0
6825,1,5167,1,0,1,1,0,1,0,0,0,0,0.000263,0,0.00006,9,70,0,0.000862
6353,1,933,2,0,2,2,0,2,0,0,0,0,0.000282,0,0.00012,4,70,0,0.006441
1782,1,5166,2,1,3,2,1,3,2,0.571429,0.625,10.771164,0.000558,0.000127,0.000069,3,209,0,0.001906
2816,1,4448,3,1,4,3,1,4,1,1,1,10,0.000122,0.000041,0.000137,5,174,0.083333,0.003005
5392,1,1106,4,2,6,4,2,6,1,1,1,1428.188603,0.000623,0.000574,0.000137,5,140,0,0.008872
707,1,6039,0,1,1,0,1,1,5,0.372549,0.419298,0,0,0.001822,0.000056,9,33,0,0
3685,1,4697,2,19,21,2,19,21,9,0.274723,0.299944,292.892226,0.001431,0.011016,0.00006,7,158,0.12381,0.001906
2996,1,4787,2,3,5,2,3,5,7,0.248538,0.294818,90.984355,0.00089,0.002662,0.000069,7,75,0,0.001795
6727,1,665,14,0,14,14,0,14,0,0,0,0,0.004443,0,0.000455,6,223,0.10989,0.04978
3417,1,4786,1,1,2,1,1,2,1,1,1,4,0.000882,0.000001,0.000057,7,148,0,0.001038
4611,1,1330,31,19,50,31,19,50,8,0.267413,0.300738,36811.65615,0.019185,0.007536,0.000423,7,5,0.058367,0.098529
6908,1,1270,7,0,7,7,0,7,0,0,0,0,0.004552,0,0.000187,7,48,0.261905,0.032454
5622,1,2443,4,1,5,4,1,5,5,0.318471,0.352,0,0.005581,0.000437,0.000074,7,48,0.35,0.013649
6049,1,4525,2,7,9,2,7,9,8,0.26451,0.28458,212.244978,0.005077,0.009015,0.000058,9,42,0.138889,0.003651
2294,1,3192,4,3,7,4,3,7,9,0.265718,0.28657,1710.808564,0.010559,0.003559,0.00007,7,202,0.166667,0.013722
5423,1,1306,13,2,15,13,2,15,5,0.322785,0.364706,456.374866,0.00513,0.000609,0.000188,7,218,0.104762,0.040081
3754,1,2331,7,13,20,7,13,20,9,0.250353,0.279305,3230.785486,0.004409,0.007669,0.000099,7,218,0.165789,0.018901
3151,1,4784,1,3,4,1,3,4,8,0.23253,0.254219,5.5,0.000882,0.001694,0.000057,7,213,0.083333,0.001038
711,1,6040,0,1,1,0,1,1,11,0.187915,0.204423,0,0,0.000724,0.000056,11,240,0,0
712,1,6041,0,2,2,0,2,2,12,0.211668,0.223988,0,0,0.000183,0.000056,2,82,0,0
713,1,6043,0,8,8,0,8,8,7,0.293499,0.319517,0,0,0.00634,0.000056,3,95,0.035714,0
1548,1,6042,1,3,4,1,3,4,7,0.25,0.32619,4.833333,0.000216,0.001656,0.000061,3,94,0,0.000757
7113,1,500,4,0,4,4,0,4,0,0,0,0,0.006214,0,0.00017,3,95,0.083333,0.087002
715,1,6044,0,1,1,0,1,1,7,0.289388,0.312833,0,0,0.00283,0.000056,5,8,0,0
716,1,6045,0,2,2,0,2,2,9,0.257266,0.286075,0,0,0.005049,0.000056,3,1,0,0
718,1,6046,0,1,1,0,1,1,9,0.196418,0.217867,0,0,0.00108,0.000056,7,133,0,0
2987,1,2685,8,6,14,8,6,14,10,0.239631,0.256538,2394.744231,0.005552,0.006838,0.000095,5,236,0.043956,0.018848
1617,1,4642,1,1,2,1,1,2,1,1,1,10,0.000316,0,0.000058,1,108,0,0.000869
4677,1,4640,1,2,3,1,2,3,1,1,1,3.944444,0.000316,0.000092,0.000058,10,56,0.166667,0.000869
3646,1,1964,12,9,21,12,9,21,8,0.304467,0.34772,9588.541149,0.02682,0.021464,0.000137,7,42,0.080952,0.081595
6609,1,535,17,0,17,17,0,17,0,0,0,0,0.007368,0,0.000362,1,225,0.069853,0.051849
492,1,4637,1,6,7,1,6,7,11,0.230665,0.24969,33.606089,0.000316,0.001241,0.000058,2,80,0,0.000869
3266,1,541,9,3,12,9,3,12,3,0.5625,0.648148,242.789192,0.003911,0.001252,0.000119,1,108,0.083333,0.025027
720,1,6047,0,3,3,0,3,3,7,0.294494,0.320001,0,0,0.006209,0.000056,5,7,0.166667,0
1683,1,4724,1,7,8,1,7,8,9,0.230672,0.248071,533.131797,0.000069,0.01014,0.000063,2,153,0.017857,0.000869
221,1,2328,5,2,7,5,2,7,9,0.267946,0.299042,590.746652,0.009986,0.00592,0.000086,3,153,0.166667,0.032844
724,1,6049,0,15,15,0,15,15,6,0.350959,0.382747,0,0,0.031971,0.000056,3,241,0.114286,0
2407,1,4358,3,4,7,3,4,7,9,0.278837,0.3046,1402.953421,0.003846,0.006263,0.000069,3,241,0.142857,0.005171
2931,1,2410,13,14,27,13,14,27,9,0.300484,0.347933,26116.50013,0.030899,0.026866,0.000148,3,241,0.059829,0.072981
3396,1,2409,5,5,10,5,5,10,7,0.310873,0.347816,3715.937661,0.003146,0.013192,0.000111,3,241,0.1,0.01136
1113,1,6048,1,2,3,1,2,3,8,0.268138,0.288777,27.528888,0.001087,0.00352,0.000059,3,241,0.166667,0.000757
6841,1,2408,3,1,4,3,1,4,1,1,1,19.270128,0.00154,0.000056,0.000101,3,241,0.083333,0.00311
725,1,6051,0,12,12,0,12,12,8,0.262627,0.281001,0,0,0.004921,0.000056,1,240,0.106061,0
1599,1,4499,2,15,17,2,15,17,8,0.236445,0.255001,285.745998,0.000707,0.002965,0.000063,12,240,0.014706,0.001778
6596,1,21,9,2,11,9,2,11,3,0.434783,0.516667,214.473065,0.002096,0.000834,0.000295,1,16,0.190909,0.031624
5335,1,6050,1,1,2,1,1,2,9,0.208431,0.248399,5.928211,0.000167,0.002259,0.00006,1,240,0,0.000757
6645,1,11,24,0,24,24,0,24,0,0,0,0,0.02946,0,0.000595,1,16,0.052536,0.135377
6529,1,22,10,3,13,10,3,13,4,0.352941,0.479167,765.826363,0.002005,0.001135,0.000312,1,16,0.153846,0.041839
2113,1,5106,1,0,1,1,0,1,0,0,0,0,0.000629,0,0.000058,1,164,0,0.001144
7116,1,922,14,1,15,14,1,15,1,1,1,58.772821,0.003501,0.000423,0.000228,14,188,0.109524,0.031712
5171,1,4145,3,1,4,3,1,4,6,0.270588,0.315942,16.823413,0.001208,0.000011,0.00007,3,229,0.083333,0.002704
1573,1,5171,2,0,2,2,0,2,0,0,0,0,0.000559,0,0.000063,9,229,0,0.001713
4912,1,2917,3,0,3,3,0,3,0,0,0,0,0.015353,0,0.000074,5,229,0.166667,0.021581
6857,1,917,7,0,7,7,0,7,0,0,0,0,0.001856,0,0.000494,5,140,0,0.03187
2756,1,3200,3,5,8,3,5,8,9,0.19888,0.23337,1440.817179,0.015404,0.003605,0.000068,9,4,0.053571,0.021642
729,1,6052,0,1,1,0,1,1,9,0.232589,0.247845,0,0,0.000208,0.000056,8,91,0,0
730,1,6053,0,7,7,0,7,7,10,0.263472,0.286406,0,0,0.005396,0.000056,1,129,0.119048,0
731,1,6054,0,2,2,0,2,2,9,0.197423,0.207004,0,0,0.000585,0.000056,10,109,0.5,0
1797,1,3502,3,5,8,3,5,8,8,0.245849,0.264967,3436.538534,0.017057,0.003919,0.000084,10,109,0.125,0.022263
3872,1,3501,2,0,2,2,0,2,0,0,0,0,0.000153,0,0.000093,10,109,0.5,0.002976
732,1,6055,0,2,2,0,2,2,9,0.219439,0.233452,0,0,0.000023,0.000056,12,90,0.5,0
3857,1,4030,3,11,14,3,11,14,7,0.31307,0.339736,6099.540004,0.005161,0.016361,0.000063,3,99,0.076923,0.006375
2835,1,2845,4,3,7,4,3,7,9,0.26807,0.299475,1009.761424,0.02012,0.006208,0.000067,3,70,0.142857,0.026453
4216,1,883,5,0,5,5,0,5,0,0,0,0,0.001041,0,0.000137,7,158,0,0.009261
2207,1,1076,5,0,5,5,0,5,0,0,0,0,0.006093,0,0.0003,3,140,0.2,0.035738
4249,1,1672,7,5,12,7,5,12,6,0.32884,0.362621,12378.92891,0.023771,0.015093,0.000094,3,58,0.045455,0.068257
4116,1,2333,5,7,12,5,7,12,8,0.279242,0.319654,7349.184503,0.024474,0.02352,0.000082,3,221,0.106061,0.052596
5154,1,886,12,6,18,12,6,18,7,0.27512,0.344369,4029.807554,0.041094,0.006907,0.000152,3,43,0.075163,0.137664
3963,1,2461,6,3,9,6,3,9,10,0.251588,0.275814,2778.094773,0.009397,0.003644,0.000081,7,5,0.083333,0.03499
5131,1,2197,5,0,5,5,0,5,0,0,0,0,0.01684,0,0.000076,3,58,0.15,0.043985
1413,1,4583,2,6,8,2,6,8,9,0.241717,0.269096,658.121094,0.001543,0.01569,0.000059,7,82,0.017857,0.002701
3124,1,2393,7,5,12,7,5,12,9,0.251028,0.280202,2265.084617,0.020388,0.008568,0.000126,9,58,0.106061,0.049814
1823,1,5655,1,2,3,1,2,3,9,0.26963,0.293155,74.927356,0.000456,0.004179,0.000058,3,58,0.166667,0.00095
4370,1,1870,9,6,15,9,6,15,11,0.169539,0.201393,2726.187233,0.001979,0.006079,0.000196,1,62,0.171429,0.017833
2903,1,3510,3,6,9,3,6,9,9,0.211823,0.240696,101.086311,0.000977,0.001632,0.000072,1,62,0.319444,0.004573
3167,1,1009,5,0,5,5,0,5,0,0,0,0,0.001908,0,0.000139,1,158,0.1,0.013472
6568,1,24,3,1,4,3,1,4,3,0.416667,0.466667,897.578671,0.000693,0.000772,0.000423,1,239,0.083333,0.017615
4492,1,5761,1,1,2,1,1,2,3,0.454545,0.533333,0,0.000047,0.000166,0.000063,5,114,0.5,0.000851
5520,1,790,6,2,8,6,2,8,2,0.666667,0.75,2393.488303,0.004866,0.000219,0.000237,5,114,0.035714,0.080547
741,1,6056,0,2,2,0,2,2,3,0.466667,0.571429,0,0,0.000112,0.000056,6,220,0.5,0
3923,1,3703,2,6,8,2,6,8,10,0.273602,0.295885,4040.972159,0.005262,0.005331,0.000063,9,210,0.017857,0.007124
5844,1,5375,1,0,1,1,0,1,0,0,0,0,0.000116,0,0.00006,3,233,0,0.000851
5011,1,2375,5,1,6,5,1,6,3,0.444444,0.541667,216.26506,0.005923,0.000065,0.000092,9,233,0.033333,0.022918
5549,1,3717,3,2,5,3,2,5,4,0.377778,0.455882,436.967644,0.0073,0.001159,0.000063,3,233,0.1,0.009477
2477,1,5374,1,1,2,1,1,2,1,1,1,1.333333,0.000116,0.000117,0.00006,3,233,0,0.000851
6699,1,175,4,0,4,4,0,4,0,0,0,0,0.00272,0,0.000204,9,140,0.166667,0.027447
3631,1,1339,5,8,13,5,8,13,8,0.272581,0.297445,8988.989058,0.001781,0.006075,0.000109,9,43,0.025641,0.00739
3921,1,2715,9,7,16,9,7,16,9,0.194019,0.212026,666.130843,0.004006,0.003992,0.000093,10,14,0.095833,0.01457
5343,1,1239,9,1,10,9,1,10,4,0.384615,0.483333,2317.901777,0.018038,0,0.000179,9,61,0.022222,0.041966
4761,1,3374,4,0,4,4,0,4,0,0,0,0,0.016348,0,0.000179,5,68,0,0.022409
4273,1,1887,5,0,5,5,0,5,0,0,0,0,0.010728,0,0.000085,10,173,0.1,0.037052
6203,1,275,9,0,9,9,0,9,0,0,0,0,0.022238,0,0.000279,2,207,0.055556,0.080649
1934,1,684,14,0,14,14,0,14,0,0,0,0,0.025552,0,0.000307,3,99,0.043956,0.171282
4010,1,3643,3,1,4,3,1,4,1,1,1,260,0.000779,0.00016,0.000087,3,173,0,0.003001
4506,1,1388,10,2,12,10,2,12,1,1,1,159.512602,0.002644,0.000488,0.00019,1,168,0.037879,0.017329
5375,1,1033,6,1,7,6,1,7,2,0.666667,0.75,606.986654,0.004428,0.0002,0.000196,7,109,0,0.035076
746,1,6057,0,3,3,0,3,3,9,0.260558,0.279767,0,0,0.002451,0.000056,7,29,0.5,0
3897,1,986,11,3,14,11,3,14,6,0.336683,0.402985,2877.106776,0.012507,0.004352,0.000306,7,29,0.082418,0.06936
747,1,6058,0,2,2,0,2,2,6,0.281553,0.333333,0,0,0.000044,0.000056,14,220,0,0
6929,1,5539,2,1,3,2,1,3,5,0.364865,0.411728,38.648232,0.000114,0.00262,0.000087,14,220,0,0.001607
2418,1,4628,1,0,1,1,0,1,0,0,0,0,0.000834,0,0.000058,10,24,0,0.001179
2372,1,4537,3,2,5,3,2,5,9,0.195082,0.223183,132.671465,0.001476,0.000408,0.000086,10,240,0,0.003323
750,1,6059,0,1,1,0,1,1,7,0.266556,0.28638,0,0,0.001482,0.000056,10,34,0,0
1593,1,4007,2,12,14,2,12,14,9,0.241798,0.274508,1567.643632,0.004695,0.013939,0.00006,1,177,0.021978,0.005443
1631,1,4758,1,3,4,1,3,4,11,0.182639,0.195594,48.509483,0.000398,0.000219,0.000059,7,239,0.333333,0.001069
4767,1,1228,7,2,9,7,2,9,10,0.174815,0.191778,4862.653872,0.008067,0.00035,0.000121,1,129,0.041667,0.046126
2124,1,4338,3,5,8,3,5,8,10,0.24233,0.26374,2317.229233,0.003044,0.003271,0.000109,10,75,0.017857,0.005163
5181,1,1790,2,2,4,2,2,4,3,0.44,0.515152,169.580993,0.000464,0.000776,0.000068,12,46,0,0.004451
4727,1,554,10,0,10,10,0,10,0,0,0,0,0.001252,0,0.000307,10,13,0.211111,0.026095
754,1,6061,0,2,2,0,2,2,9,0.215176,0.224827,0,0,0.000045,0.000056,8,154,0,0
4435,1,6060,1,0,1,1,0,1,0,0,0,0,0.000002,0,0.000079,8,154,0,0.000757
755,1,6062,0,3,3,0,3,3,8,0.2539,0.275686,0,0,0.005126,0.000056,5,212,0.166667,0
6020,1,6065,0,12,12,0,12,12,7,0.274695,0.292125,0,0,0.002644,0.000056,4,189,0.075758,0
6520,1,1352,3,1,4,3,1,4,9,0.190397,0.205813,29.160859,0.002121,0.000854,0.000083,4,189,0.25,0.016625
2484,1,2856,6,8,14,6,8,14,9,0.298325,0.328825,17394.51301,0.007444,0.019685,0.000098,4,39,0.027473,0.019175
777,1,6064,1,10,11,1,10,11,7,0.270072,0.287364,14.618982,0.00009,0.004062,0.00006,4,189,0.109091,0.000757
3636,1,6063,1,0,1,1,0,1,0,0,0,0,0.00009,0,0.00006,4,189,0,0.000757
3761,1,3979,2,2,4,2,2,4,9,0.190502,0.207262,0.333333,0.000375,0.001262,0.000063,4,189,0.416667,0.002013
1715,1,3985,3,17,20,3,17,20,7,0.283375,0.304493,3821.368782,0.004525,0.008389,0.000066,4,189,0.071053,0.005982
5496,1,1206,5,2,7,5,2,7,2,0.75,0.833333,343.909201,0.00057,0.000138,0.000181,4,189,0.047619,0.01095
6641,1,6066,0,1,1,0,1,1,9,0.192375,0.19963,0,0,0.000035,0.000056,5,174,0,0
757,1,6067,0,3,3,0,3,3,9,0.239895,0.256098,0,0,0.000614,0.000056,4,135,0,0
758,1,6068,0,3,3,0,3,3,13,0.172816,0.200916,0,0,0.000597,0.000056,4,186,0.166667,0
4716,1,4746,2,1,3,2,1,3,1,1,1,2.5,0.000029,0.000071,0.000088,4,63,0,0.001632
760,1,6069,0,7,7,0,7,7,9,0.242939,0.263636,0,0,0.002513,0.000056,4,69,0.047619,0
1775,1,4065,5,22,27,5,22,27,9,0.266874,0.296531,6547.690606,0.003569,0.014028,0.00008,7,68,0.051282,0.00637
761,1,6070,0,2,2,0,2,2,10,0.221837,0.234325,0,0,0.000727,0.000056,7,45,0,0
762,1,6071,0,3,3,0,3,3,7,0.2908,0.314946,0,0,0.006122,0.000056,14,244,0.166667,0
970,1,5468,1,2,3,1,2,3,7,0.250509,0.270137,108.089262,0.000392,0.002663,0.000062,3,145,0,0.000851
3530,1,5467,1,0,1,1,0,1,0,0,0,0,0.000392,0,0.000062,3,145,0,0.000851
766,1,6073,0,8,8,0,8,8,10,0.210299,0.231476,0,0,0.001971,0.000056,6,93,0.178571,0
3332,1,3127,3,6,9,3,6,9,7,0.279587,0.29984,513.005258,0.00375,0.003481,0.000065,8,154,0.083333,0.006357
5683,1,1036,11,2,13,11,2,13,2,0.666667,0.75,1217.418278,0.007481,0.000212,0.00026,6,93,0.179487,0.043923
1174,1,6072,1,4,5,1,4,5,9,0.232744,0.252033,1310.928482,0.000067,0.002066,0.000061,9,93,0.1,0.000757
2408,1,3835,4,7,11,4,7,11,8,0.277837,0.299236,297.341976,0.001716,0.002836,0.000074,6,93,0.3,0.005999
767,1,6074,0,1,1,0,1,1,10,0.197085,0.206846,0,0,0.000217,0.000056,9,206,0,0
768,1,6075,0,5,5,0,5,5,7,0.290361,0.314695,0,0,0.005582,0.000056,10,234,0.05,0
6113,1,593,5,0,5,5,0,5,0,0,0,0,0.002505,0,0.000192,10,234,0.05,0.027304
2406,1,5204,2,0,2,2,0,2,0,0,0,0,0.000029,0,0.00012,9,4,0,0.001707
770,1,6077,0,3,3,0,3,3,8,0.214399,0.226188,0,0,0.000635,0.000056,1,109,0.333333,0
2720,1,6076,2,1,3,2,1,3,7,0.22093,0.246961,76,0.000022,0.000041,0.000119,1,109,0.166667,0.001514
771,1,6078,0,1,1,0,1,1,12,0.223641,0.250628,0,0,0.000869,0.000056,9,33,0,0
772,1,6080,0,1,1,0,1,1,7,0.227941,0.265899,0,0,0,0.000056,3,22,0,0
2628,1,6079,1,2,3,1,2,3,6,0.285714,0.338889,30,0,0.000093,0.000103,3,22,0,0.000757
773,1,6081,0,3,3,0,3,3,7,0.290898,0.315587,0,0,0.006888,0.000056,5,8,0.333333,0
3318,1,6082,0,1,1,0,1,1,8,0.240142,0.260418,0,0,0.001826,0.000056,3,17,0,0
6310,1,66,4,1,5,4,1,5,2,0.666667,0.75,292.808919,0.000848,0.000706,0.00024,1,205,0,0.040653
780,1,6083,0,3,3,0,3,3,11,0.183108,0.206521,0,0,0.001113,0.000056,1,78,0.166667,0
782,1,6084,0,4,4,0,4,4,7,0.292915,0.313677,0,0,0.003254,0.000056,5,103,0.083333,0
1061,1,4667,1,1,2,1,1,2,9,0.204188,0.226163,6.943651,0.000485,0.000024,0.000059,14,130,0,0.000987
1417,1,2260,4,0,4,4,0,4,0,0,0,0,0.001042,0,0.000093,10,13,0.416667,0.005586
3601,1,2261,5,3,8,5,3,8,11,0.172051,0.189871,3581.390343,0.004613,0.000243,0.000082,10,13,0.25,0.019902
4790,1,2258,3,2,5,3,2,5,9,0.218121,0.241722,462.785916,0.000845,0.001087,0.000082,10,13,0.3,0.003601
784,1,6085,0,1,1,0,1,1,4,0.314286,0.371212,0,0,0.000085,0.000056,3,188,0,0
785,1,6086,0,8,8,0,8,8,8,0.26454,0.288425,0,0,0.015012,0.000056,10,200,0.089286,0
6515,1,6087,0,5,5,0,5,5,10,0.270171,0.30258,0,0,0.006455,0.000056,4,112,0.1,0
2398,1,3159,3,15,18,3,15,18,8,0.322782,0.360357,7343.747128,0.011567,0.03084,0.000073,3,127,0.055556,0.014546
6052,1,1413,7,0,7,7,0,7,0,0,0,0,0.010978,0,0.000124,1,30,0.071429,0.027172
1330,1,4665,1,1,2,1,1,2,10,0.178626,0.1965,12.981746,0.000336,0.000011,0.000059,7,71,0,0.001058
791,1,6088,0,2,2,0,2,2,10,0.254376,0.287247,0,0,0.004905,0.000056,14,34,0,0
2021,1,2892,6,14,20,6,14,20,9,0.229961,0.253436,4400.933808,0.001687,0.004162,0.000103,14,34,0.015789,0.006802
6160,1,2797,5,4,9,5,4,9,7,0.235872,0.281101,349.188502,0.006713,0.001455,0.000091,9,224,0.097222,0.009132
5074,1,4545,1,0,1,1,0,1,0,0,0,0,0.004195,0,0.000056,9,77,0,0.002613
6236,1,247,26,4,30,26,4,30,5,0.34,0.471569,5064.795201,0.046691,0.001642,0.000755,9,146,0.056322,0.20224
1800,1,4544,1,2,3,1,2,3,8,0.255881,0.273033,0,0.004195,0.004925,0.000056,10,77,0.5,0.002613
4692,1,1837,4,2,6,4,2,6,8,0.216795,0.235597,634.309541,0.004821,0.002209,0.000103,1,55,0.066667,0.008815
4969,1,1469,2,1,3,2,1,3,1,1,1,1256.21478,0.004559,0,0.000072,7,37,0,0.00755
3207,1,1607,2,1,3,2,1,3,8,0.20531,0.23125,173.207107,0.006023,0.000288,0.00007,5,236,0,0.016115
5439,1,1769,3,1,4,3,1,4,2,0.666667,0.75,16.761197,0.005182,0.000242,0.000089,9,157,0.083333,0.009507
3450,1,4424,2,7,9,2,7,9,8,0.272411,0.296417,54.083977,0.005131,0.009639,0.000059,10,102,0.097222,0.004083
5920,1,1000,13,2,15,13,2,15,4,0.451613,0.517857,1710.480984,0.037882,0.000651,0.000223,10,18,0.042857,0.079761
5992,1,3410,3,4,7,3,4,7,9,0.191541,0.212696,681.307513,0.005797,0.001211,0.000067,9,182,0.047619,0.006541
4303,1,3285,8,7,15,8,7,15,8,0.241664,0.261766,5773.308154,0.005554,0.002669,0.000104,7,109,0.042857,0.011351
1803,1,3768,3,13,16,3,13,16,9,0.234038,0.266491,1280.558467,0.004726,0.006888,0.000064,1,237,0.054167,0.005527
2991,1,507,3,0,3,3,0,3,0,0,0,0,0.008969,0,0.000177,9,58,0,0.082309
2257,1,1511,15,9,24,15,9,24,8,0.24202,0.282794,7087.462468,0.025195,0.006823,0.000167,9,173,0.047101,0.068052
2022,1,4739,2,13,15,2,13,15,9,0.260685,0.292745,1285.539437,0.001664,0.014889,0.000062,1,199,0.085714,0.00203
6663,1,1404,5,0,5,5,0,5,0,0,0,0,0.002952,0,0.00014,1,53,0,0.009804
4850,1,1599,5,10,15,5,10,15,6,0.318869,0.359336,4035.066895,0.0039,0.019616,0.000094,9,125,0.061905,0.012955
2757,1,4738,2,2,4,2,2,4,7,0.263447,0.288631,28.815269,0.00176,0.002017,0.000061,1,137,0,0.002224
3821,1,1847,7,6,13,7,6,13,9,0.222198,0.238659,7613.704794,0.003283,0.001197,0.00011,1,57,0.032051,0.011817
2956,1,3881,2,6,8,2,6,8,8,0.253853,0.282122,168.624052,0.001654,0.010823,0.000064,10,234,0.053571,0.002318
3574,1,2221,6,7,13,6,7,13,7,0.249717,0.268577,467.944332,0.003839,0.004194,0.000099,3,28,0.00641,0.009589
797,1,6089,0,1,1,0,1,1,8,0.273954,0.290963,0,0,0.002071,0.000056,4,31,0,0
798,1,6091,0,2,2,0,2,2,7,0.290885,0.314077,0,0,0.002833,0.000056,6,188,0,0
825,1,6090,1,4,5,1,4,5,9,0.243564,0.260943,132.82725,0.000096,0.00191,0.000079,6,188,0.1,0.000757
4512,1,2535,4,0,4,4,0,4,0,0,0,0,0.016464,0,0.000082,7,91,0,0.025598
5718,1,1366,3,0,3,3,0,3,0,0,0,0,0.001082,0,0.000094,7,103,0,0.013142
7012,1,458,9,0,9,9,0,9,0,0,0,0,0.001001,0,0.000994,7,61,0.013889,0.032651
3632,1,6092,0,2,2,0,2,2,8,0.235214,0.261774,0,0,0.001389,0.000056,4,20,0.5,0
801,1,6093,0,1,1,0,1,1,10,0.229062,0.247976,0,0,0.000772,0.000056,4,89,0,0
4564,1,5911,1,0,1,1,0,1,0,0,0,0,0,0,0.000109,1,139,0,0.000851
803,1,6094,0,1,1,0,1,1,3,0.444444,0.541667,0,0,0.000062,0.000056,10,223,0,0
804,1,6095,0,3,3,0,3,3,8,0.260791,0.282886,0,0,0.013153,0.000056,9,165,0.166667,0
805,1,6096,0,4,4,0,4,4,9,0.217226,0.22744,0,0,0.000076,0.000056,5,204,0.166667,0
5930,1,3519,4,1,5,4,1,5,1,1,1,15.466667,0.000583,0.000571,0.000092,5,204,0.1,0.005086
3618,1,3073,5,4,9,5,4,9,7,0.270612,0.292646,5587.827227,0.006829,0.002773,0.000129,3,83,0.013889,0.015609
1613,1,4441,1,11,12,1,11,12,8,0.286557,0.312381,252.000526,0.002041,0.006589,0.000057,10,200,0.037879,0.001442
293,1,4438,1,0,1,1,0,1,0,0,0,0,0.002041,0,0.000057,10,161,0,0.001442
2573,1,3204,4,5,9,4,5,9,9,0.22575,0.240962,3088.124575,0.017144,0.001746,0.000118,10,196,0.027778,0.022898
2532,1,3440,3,4,7,3,4,7,8,0.253593,0.270185,1255.059375,0.002744,0.0037,0.000077,9,114,0.071429,0.005073
3719,1,4423,1,3,4,1,3,4,10,0.20366,0.221459,90.177874,0.002041,0.000447,0.000057,1,229,0,0.001442
6718,1,492,5,0,5,5,0,5,0,0,0,0,0.015775,0,0.000154,9,137,0.2,0.053815
808,1,6097,0,2,2,0,2,2,9,0.269183,0.300418,0,0,0.005228,0.000056,3,1,0,0
2884,1,4481,1,1,2,1,1,2,3,0.5,0.611111,1.0625,0.000354,0.000166,0.000059,12,143,0,0.000885
1230,1,4094,1,0,1,1,0,1,0,0,0,0,0.000176,0,0.000061,9,60,0,0.000874
3135,1,4093,1,0,1,1,0,1,0,0,0,0,0.000176,0,0.000061,9,60,0,0.000874
1504,1,4721,1,1,2,1,1,2,3,0.428571,0.5,2.816667,0.000676,0.00024,0.000061,1,82,0,0.000974
3198,1,498,23,8,31,23,8,31,7,0.308534,0.366734,8103.872349,0.022937,0.007983,0.000236,1,225,0.101075,0.181296
6262,1,1962,5,4,9,5,4,9,8,0.22117,0.250306,1785.515827,0.006519,0.00112,0.000082,1,168,0.125,0.035134
1971,1,3649,4,11,15,4,11,15,10,0.218768,0.23968,3184.295271,0.001373,0.001648,0.000069,1,168,0.033333,0.005992
813,1,6098,0,3,3,0,3,3,10,0.201444,0.218808,0,0,0.000851,0.000056,5,32,0,0
814,1,6099,0,1,1,0,1,1,7,0.275267,0.292445,0,0,0.001753,0.000056,3,49,0,0
815,1,6104,0,13,13,0,13,13,7,0.292473,0.318584,0,0,0.003456,0.000056,5,236,0.032051,0
2227,1,6103,1,2,3,1,2,3,11,0.182689,0.226687,20.949106,0.000118,0.007646,0.000059,2,236,0,0.000757
1498,1,4411,2,1,3,2,1,3,1,1,1,3.5,0.000164,0.000056,0.000076,9,236,0,0.001957
2912,1,6102,1,1,2,1,1,2,8,0.214984,0.235074,7.861384,0.000118,0.000459,0.000059,5,236,0,0.000757
3599,1,4636,4,4,8,4,4,8,13,0.160346,0.191639,405.563722,0.00042,0.000971,0.000095,2,80,0,0.003439
2643,1,6101,1,0,1,1,0,1,0,0,0,0,0.000118,0,0.000059,5,236,0,0.000757
4296,1,2038,4,1,5,4,1,5,8,0.185258,0.196571,606.055098,0.000662,0.000025,0.000147,5,236,0.1,0.006441
3227,1,6100,1,2,3,1,2,3,8,0.185523,0.197983,1,0.000118,0.000134,0.000059,5,236,0.166667,0.000757
816,1,6105,0,1,1,0,1,1,9,0.26778,0.298465,0,0,0.004848,0.000056,3,1,0,0
2555,1,5058,2,15,17,2,15,17,9,0.259101,0.291808,1742.047425,0.000614,0.010754,0.000065,3,213,0.014706,0.001707
6142,1,4125,4,8,12,4,8,12,8,0.244865,0.268968,6857.836287,0.003092,0.017407,0.000067,10,108,0.068182,0.005087
7029,1,1169,11,3,14,11,3,14,1,1,1,356.720141,0.002227,0.000955,0.000346,3,210,0,0.018725
4232,1,1296,13,4,17,13,4,17,4,0.402985,0.484568,3280.662996,0.025247,0.000869,0.000166,10,204,0.036765,0.071041
819,1,6106,0,3,3,0,3,3,10,0.207688,0.223773,0,0,0.00098,0.000056,3,217,0.166667,0
1896,1,4911,1,9,10,1,9,10,10,0.224328,0.239764,81.374135,0.000162,0.001538,0.00006,3,228,0.011111,0.000868
5316,1,895,5,1,6,5,1,6,2,0.555556,0.6,67.341167,0.00431,0.001072,0.000216,1,174,0.033333,0.030215
821,1,6107,0,2,2,0,2,2,9,0.223822,0.235138,0,0,0.000173,0.000056,8,209,0,0
5928,1,2284,5,1,6,5,1,6,5,0.269231,0.333333,47.614001,0.004573,0.000717,0.000172,8,209,0.033333,0.010977
769,1,5794,2,7,9,2,7,9,8,0.288075,0.313048,9037.249883,0.000511,0.018045,0.000086,8,209,0.041667,0.001701
1220,1,6108,0,1,1,0,1,1,1,1,1,0,0,0.000056,0.000056,3,81,0,0
4065,1,2854,5,3,8,5,3,8,8,0.219328,0.241867,102.987061,0.001647,0.000503,0.000098,7,158,0.089286,0.009945
3213,1,3866,3,3,6,3,3,6,9,0.233561,0.250615,473.681593,0.000387,0.001404,0.000074,4,46,0.033333,0.003017
6993,1,6110,0,6,6,0,6,6,9,0.233317,0.25073,0,0,0.001089,0.000056,4,214,0.033333,0
2494,1,6109,1,0,1,1,0,1,0,0,0,0,0.000037,0,0.000063,4,214,0,0.000757
828,1,6112,0,5,5,0,5,5,7,0.29204,0.316581,0,0,0.004097,0.000056,7,218,0.05,0
4180,1,6111,1,1,2,1,1,2,9,0.258737,0.276982,51.209533,0.000139,0.001654,0.000065,7,218,0,0.000757
2366,1,4226,2,2,4,2,2,4,8,0.237775,0.254259,317.978571,0.000081,0.000174,0.000084,11,240,0,0.001815
2723,1,4375,2,5,7,2,5,7,8,0.261796,0.299823,1153.928748,0.002683,0.014863,0.000076,9,202,0.02381,0.004281
5652,1,2473,8,0,8,8,0,8,0,0,0,0,0.002687,0,0.00012,4,88,0.160714,0.011631
4099,1,4747,1,3,4,1,3,4,2,0.666667,0.75,45.820635,0.000522,0.000254,0.000058,1,63,0,0.001159
4763,1,4745,1,1,2,1,1,2,7,0.285185,0.327737,19.589776,0.000522,0.001791,0.000058,3,64,0,0.001159
2614,1,3177,5,28,33,5,28,33,8,0.309275,0.343706,10665.66621,0.018415,0.035067,0.00007,1,64,0.098485,0.029455
3146,1,3170,9,14,23,9,14,23,10,0.288791,0.33028,5730.178941,0.004786,0.022394,0.000101,1,132,0.06917,0.014384
1422,1,4124,2,6,8,2,6,8,7,0.253422,0.27488,571.06638,0.001114,0.007955,0.000065,10,64,0.017857,0.002411
7061,1,4741,1,0,1,1,0,1,0,0,0,0,0.000522,0,0.000058,1,64,0,0.001159
5908,1,4663,1,1,2,1,1,2,2,0.666667,0.75,1.662338,0.000082,0.001559,0.000059,1,51,0,0.001074
2373,1,4662,1,1,2,1,1,2,10,0.230066,0.245028,97.691405,0.000082,0.000792,0.000059,1,51,0,0.001074
6679,1,4660,1,0,1,1,0,1,0,0,0,0,0.000082,0,0.000059,1,51,0,0.001074
6106,1,4659,1,0,1,1,0,1,0,0,0,0,0.000082,0,0.000059,1,51,0,0.001074
2668,1,4658,2,10,12,2,10,12,10,0.224341,0.247438,319.741082,0.000124,0.002082,0.000066,3,237,0.045455,0.00193
5236,1,1265,6,1,7,6,1,7,6,0.29661,0.360952,284.65851,0.003569,0.000885,0.000115,1,223,0.047619,0.033557
2551,1,4656,1,4,5,1,4,5,10,0.251531,0.286628,490.709194,0.000082,0.005318,0.000059,3,48,0,0.001074
833,1,6113,0,2,2,0,2,2,10,0.276409,0.319386,0,0,0.012483,0.000056,3,10,0,0
3473,1,3302,6,8,14,6,8,14,10,0.188298,0.210955,1773.083184,0.000657,0.002263,0.000122,14,230,0.043956,0.007441
836,1,6114,0,1,1,0,1,1,11,0.161398,0.170173,0,0,0.000168,0.000056,4,112,0,0
3893,1,2405,4,0,4,4,0,4,0,0,0,0,0.00101,0,0.00011,3,241,0.25,0.005215
840,1,6115,0,2,2,0,2,2,8,0.239518,0.251885,0,0,0.000194,0.000056,9,69,0,0
5678,1,2196,2,0,2,2,0,2,0,0,0,0,0.003391,0,0.000087,9,69,0,0.015311
842,1,6116,0,2,2,0,2,2,7,0.290409,0.314488,0,0,0.004985,0.000056,5,8,0,0
844,1,6117,0,2,2,0,2,2,7,0.285484,0.305336,0,0,0.004256,0.000056,9,49,0.5,0
845,1,6118,0,2,2,0,2,2,6,0.301987,0.34057,0,0,0.007398,0.000056,3,173,0,0
846,1,6120,0,3,3,0,3,3,10,0.204657,0.222797,0,0,0.000298,0.000056,2,102,0,0
2565,1,6119,1,1,2,1,1,2,2,0.666667,0.75,2,0.00001,0.000186,0.000071,2,102,0,0.000757
4612,1,1912,5,2,7,5,2,7,7,0.305829,0.340482,3239.66092,0.007858,0.012229,0.000105,2,102,0.047619,0.016028
1236,1,4425,4,9,13,4,9,13,9,0.249555,0.278571,6044.368919,0.000886,0.014885,0.000132,10,102,0.025641,0.003363
847,1,6121,0,2,2,0,2,2,8,0.256614,0.275892,0,0,0.002503,0.000056,10,52,0,0
848,1,6122,0,2,2,0,2,2,10,0.193277,0.242098,0,0,0.000341,0.000056,6,93,0.5,0
6204,1,1040,2,0,2,2,0,2,0,0,0,0,0.000158,0,0.000153,6,93,0.5,0.008505
849,1,6123,0,3,3,0,3,3,9,0.214953,0.235492,0,0,0.004703,0.000056,7,212,0,0
1747,1,5015,1,0,1,1,0,1,0,0,0,0,0.000032,0,0.000064,4,186,0,0.000863
1627,1,3391,4,3,7,4,3,7,9,0.196569,0.221502,116.624158,0.001333,0.000886,0.000083,4,120,0.047619,0.004531
851,1,6125,0,2,2,0,2,2,7,0.259554,0.28616,0,0,0.002158,0.000056,10,91,0,0
1210,1,6124,1,0,1,1,0,1,0,0,0,0,0.000073,0,0.000079,10,91,0,0.000757
852,1,6129,0,7,7,0,7,7,10,0.243301,0.260271,0,0,0.00139,0.000056,14,16,0.119048,0
1555,1,6128,1,8,9,1,8,9,9,0.29428,0.326083,1277.359795,0.000047,0.021415,0.000062,9,15,0.041667,0.000757
3789,1,6127,1,5,6,1,5,6,9,0.293194,0.323417,1100.580094,0.000047,0.010574,0.000062,11,133,0.133333,0.000757
1316,1,628,16,1,17,16,1,17,1,1,1,242.349988,0.001517,0.000132,0.000475,1,16,0.022059,0.028264
6872,1,253,14,0,14,14,0,14,0,0,0,0,0.003891,0,0.001203,14,16,0.071429,0.043396
1810,1,6126,1,3,4,1,3,4,7,0.228571,0.278741,1.333333,0.000047,0.001142,0.000062,14,16,0.333333,0.000757
853,1,6130,0,9,9,0,9,9,10,0.235655,0.255437,0,0,0.002978,0.000056,10,4,0.041667,0
4422,1,1581,9,3,12,9,3,12,7,0.2527,0.271347,3821.465989,0.010134,0.004001,0.000132,11,240,0.106061,0.041741
4204,1,2692,7,1,8,7,1,8,1,1,1,73.146902,0.002195,0.00034,0.000121,9,224,0.071429,0.011265
5514,1,1302,2,0,2,2,0,2,0,0,0,0,0.002587,0,0.000073,10,4,0,0.02473
855,1,6132,0,5,5,0,5,5,8,0.263656,0.289783,0,0,0.013948,0.000056,3,131,0.05,0
956,1,6131,1,1,2,1,1,2,12,0.223641,0.250628,12.695333,0.000474,0.000869,0.000065,3,131,0,0.000757
856,1,6134,0,9,9,0,9,9,9,0.22857,0.2491,0,0,0.005983,0.000056,10,204,0.069444,0
1596,1,6133,1,4,5,1,4,5,8,0.251645,0.268022,1623.854404,0.000203,0.002249,0.000061,10,179,0,0.000757
2402,1,4280,6,5,11,6,5,11,11,0.227448,0.245252,1806.526108,0.003959,0.002724,0.000128,10,204,0.045455,0.007407
5306,1,2927,2,0,2,2,0,2,0,0,0,0,0.000238,0,0.000086,10,204,0,0.00225
857,1,6135,0,5,5,0,5,5,11,0.269505,0.315375,0,0,0.018463,0.000056,3,62,0.1,0
3569,1,1983,9,9,18,9,9,18,8,0.251926,0.276942,8097.449178,0.020338,0.006266,0.000108,9,47,0.029412,0.052434
874,1,4893,1,16,17,1,16,17,8,0.271627,0.295545,481.686933,0.000671,0.011653,0.000059,2,82,0.033088,0.000862
3525,1,3421,2,2,4,2,2,4,7,0.232653,0.253164,607.934055,0.001034,0.00018,0.000071,7,68,0,0.00384
4661,1,4890,2,1,3,2,1,3,8,0.203209,0.226535,14.969298,0.000722,0.000727,0.000068,9,68,0,0.001619
7014,1,648,4,0,4,4,0,4,0,0,0,0,0.001316,0,0.000092,10,68,0,0.010709
5544,1,4889,1,0,1,1,0,1,0,0,0,0,0.000671,0,0.000059,10,68,0,0.000862
1795,1,4108,3,9,12,3,9,12,8,0.232139,0.255614,530.206462,0.002705,0.004005,0.000062,1,57,0.075758,0.004176
3414,1,4383,1,1,2,1,1,2,8,0.225434,0.252961,8.092157,0.001196,0.000151,0.000057,3,216,0,0.001277
1945,1,3877,2,2,4,2,2,4,10,0.166944,0.175529,46.033333,0.001332,0.000036,0.000062,1,199,0.166667,0.002659
3257,1,2955,4,3,7,4,3,7,9,0.206591,0.248228,290.600122,0.002011,0.000607,0.000078,1,53,0.071429,0.007135
2280,1,4380,1,0,1,1,0,1,0,0,0,0,0.001196,0,0.000057,1,216,0,0.001277
2069,1,4379,2,11,13,2,11,13,9,0.226017,0.246207,747.823711,0.001702,0.00346,0.000061,1,196,0.038462,0.002252
4879,1,4333,1,0,1,1,0,1,0,0,0,0,0.001196,0,0.000057,1,216,0,0.001277
3944,1,4332,1,0,1,1,0,1,0,0,0,0,0.001196,0,0.000057,1,216,0,0.001277
7003,1,749,10,0,10,10,0,10,0,0,0,0,0.003129,0,0.000566,3,208,0,0.026129
860,1,6136,0,2,2,0,2,2,8,0.221477,0.244336,0,0,0.001458,0.000056,1,37,0,0
861,1,6137,0,1,1,0,1,1,8,0.233999,0.249117,0,0,0.000244,0.000056,3,57,0,0
862,1,6139,0,4,4,0,4,4,9,0.212421,0.22471,0,0,0.000609,0.000056,7,53,0,0
6648,1,877,10,1,11,10,1,11,1,1,1,199.640557,0.002021,0.000172,0.00036,7,53,0.009091,0.015584
4376,1,6138,2,0,2,2,0,2,0,0,0,0,0.000023,0,0.000091,7,53,0,0.001514
1754,1,6140,0,1,1,0,1,1,2,0.6,0.666667,0,0,0.000089,0.000056,7,228,0,0
5103,1,1280,8,2,10,8,2,10,1,1,1,1275.648919,0.002602,0.000217,0.000208,7,228,0.033333,0.014435
864,1,6141,0,3,3,0,3,3,12,0.207393,0.226736,0,0,0.000666,0.000056,4,45,0,0
865,1,6142,0,1,1,0,1,1,7,0.305104,0.33919,0,0,0.012207,0.000056,9,10,0,0
866,1,6143,0,2,2,0,2,2,7,0.232653,0.253164,0,0,0.000111,0.000056,1,196,0,0
2473,1,4378,2,0,2,2,0,2,0,0,0,0,0.000121,0,0.000084,1,196,0,0.001745
5543,1,1018,8,1,9,8,1,9,6,0.300532,0.336947,899.863032,0.003155,0.007372,0.000157,1,158,0.027778,0.029866
867,1,6144,0,3,3,0,3,3,10,0.181805,0.195255,0,0,0.000759,0.000056,10,209,0.166667,0
2436,1,3540,3,3,6,3,3,6,9,0.231492,0.247246,1359.70922,0.001505,0.001002,0.000076,10,209,0.066667,0.004429
870,1,6145,0,1,1,0,1,1,11,0.172325,0.186362,0,0,0.000066,0.000056,14,241,0,0
871,1,6146,0,3,3,0,3,3,9,0.268339,0.295077,0,0,0.01146,0.000056,3,17,0,0
2452,1,5444,1,2,3,1,2,3,6,0.288235,0.327551,4.459524,0.000121,0.000524,0.000064,9,6,0.166667,0.000851
5155,1,642,7,2,9,7,2,9,6,0.269663,0.30625,1267.826713,0.00631,0.001363,0.000223,9,226,0.055556,0.095991
873,1,6147,0,2,2,0,2,2,3,0.5,0.595238,0,0,0.000663,0.000056,14,47,0,0
7107,1,17,16,0,16,16,0,16,0,0,0,0,0.000962,0,0.001687,14,47,0,0.043468
5341,1,1057,8,0,8,8,0,8,0,0,0,0,0.004231,0,0.00011,10,161,0.053571,0.024096
5855,1,240,9,0,9,9,0,9,0,0,0,0,0.00524,0,0.000256,2,82,0.097222,0.08391
3814,1,4891,1,4,5,1,4,5,12,0.215169,0.232274,6.675,0.000396,0.007932,0.000059,2,82,0.15,0.000857
5281,1,4013,2,3,5,2,3,5,9,0.268111,0.299475,102.791457,0.004693,0.005841,0.00006,6,82,0.1,0.005231
6934,1,75,6,0,6,6,0,6,0,0,0,0,0.00294,0,0.000637,4,212,0,0.027993
2939,1,3004,6,1,7,6,1,7,8,0.206771,0.221423,259.204326,0.003938,0.000022,0.000091,7,218,0.071429,0.010335
6411,1,602,4,0,4,4,0,4,0,0,0,0,0.016154,0,0.000269,10,140,0.083333,0.032008
3024,1,4595,1,1,2,1,1,2,11,0.223319,0.239187,21.988038,0.001087,0.00065,0.000057,10,140,0,0.001751
2261,1,4594,1,0,1,1,0,1,0,0,0,0,0.001087,0,0.000057,10,140,0,0.001751
7015,1,562,8,0,8,8,0,8,0,0,0,0,0.010684,0,0.000308,5,37,0.071429,0.116565
5975,1,4593,1,0,1,1,0,1,0,0,0,0,0.001087,0,0.000057,10,140,0,0.001751
1299,1,4592,1,2,3,1,2,3,11,0.219205,0.232182,252.916651,0.001087,0.000177,0.000057,3,42,0,0.001751
4075,1,3497,2,3,5,2,3,5,8,0.243273,0.265672,239.424342,0.001566,0.002635,0.000063,10,140,0.05,0.0049
3584,1,4585,1,2,3,1,2,3,7,0.227723,0.279762,1.833333,0.001087,0.001789,0.000057,10,168,0.333333,0.001751
3666,1,2387,5,3,8,5,3,8,7,0.250169,0.270981,8646.819228,0.014941,0.001643,0.000072,4,209,0.035714,0.035933
5505,1,3844,3,0,3,3,0,3,0,0,0,0,0.001632,0,0.000069,10,196,0.166667,0.00429
3407,1,4419,2,2,4,2,2,4,8,0.259483,0.27725,202.123559,0.001529,0.002243,0.000069,8,154,0.083333,0.002623
4998,1,4582,1,1,2,1,1,2,2,0.666667,0.75,7.340285,0.001087,0.000019,0.000057,8,111,0,0.001751
7086,1,4581,1,0,1,1,0,1,0,0,0,0,0.001087,0,0.000057,10,140,0,0.001751
5220,1,4580,1,0,1,1,0,1,0,0,0,0,0.001087,0,0.000057,10,140,0,0.001751
2982,1,3898,4,4,8,4,4,8,9,0.212794,0.224912,214.660005,0.002454,0.001601,0.00007,7,6,0.017857,0.00584
1350,1,4033,2,9,11,2,9,11,7,0.322309,0.35056,6083.191214,0.005384,0.014654,0.000058,3,208,0.054545,0.006125
2083,1,4578,1,0,1,1,0,1,0,0,0,0,0.001087,0,0.000057,10,140,0,0.001751
1824,1,4577,1,0,1,1,0,1,0,0,0,0,0.001087,0,0.000057,10,140,0,0.001751
1218,1,4576,1,3,4,1,3,4,11,0.2294,0.246948,13.054477,0.001087,0.00208,0.000057,10,12,0.166667,0.001751
5323,1,2675,3,1,4,3,1,4,8,0.264706,0.300265,239.175988,0.002682,0.003209,0.000133,9,48,0,0.008299
2216,1,4575,1,1,2,1,1,2,10,0.18392,0.203111,19.000952,0.001087,0.000154,0.000057,10,103,0,0.001751
5330,1,611,5,1,6,5,1,6,6,0.25,0.313542,1667.8749,0.001771,0.000251,0.000164,10,241,0.066667,0.013663
3797,1,3077,12,8,20,12,8,20,7,0.318111,0.356392,5824.183372,0.024023,0.01822,0.000196,8,154,0.05,0.042842
3040,1,3797,3,2,5,3,2,5,3,0.52381,0.575758,95.11435,0.001499,0.00045,0.000075,9,33,0.1,0.004707
4855,1,4334,3,3,6,3,3,6,7,0.242515,0.275015,106.158108,0.003789,0.000797,0.000067,10,33,0.1,0.006123
5066,1,2849,2,2,4,2,2,4,7,0.235577,0.293246,44.467145,0.003307,0.000809,0.000062,10,140,0.166667,0.010459
3466,1,4571,1,3,4,1,3,4,9,0.228112,0.246134,73.904276,0.001087,0.002053,0.000057,10,61,0,0.001751
4629,1,1529,4,3,7,4,3,7,2,0.636364,0.714286,400.024463,0.002925,0.000867,0.000092,10,140,0.047619,0.018557
3924,1,2320,2,0,2,2,0,2,0,0,0,0,0.005887,0,0.000064,3,140,0,0.019586
6279,1,423,6,0,6,6,0,6,0,0,0,0,0.007976,0,0.000193,9,103,0.1,0.104451
4896,1,1571,4,0,4,4,0,4,0,0,0,0,0.013359,0,0.000087,3,140,0.083333,0.063119
3252,1,3283,3,1,4,3,1,4,7,0.252796,0.292583,44.823531,0.016266,0.002263,0.000065,5,93,0.083333,0.022685
823,1,2228,4,2,6,4,2,6,2,0.583333,0.642857,151.658118,0.010295,0.001251,0.000144,7,175,0.033333,0.020998
2172,1,4570,2,0,2,2,0,2,0,0,0,0,0.001089,0,0.000104,10,140,0,0.002508
4369,1,4569,1,0,1,1,0,1,0,0,0,0,0.001087,0,0.000057,10,140,0,0.001751
2355,1,4568,1,3,4,1,3,4,8,0.262755,0.28399,424.488222,0.001087,0.003202,0.000057,9,158,0,0.001751
6986,1,577,24,0,24,24,0,24,0,0,0,0,0.010003,0,0.000868,3,111,0.016304,0.119108
6877,1,354,8,0,8,8,0,8,0,0,0,0,0.017824,0,0.000265,8,154,0.125,0.034741
1551,1,4565,1,3,4,1,3,4,9,0.268641,0.300389,313.349541,0.001087,0.005936,0.000057,3,140,0,0.001751
1579,1,4563,2,7,9,2,7,9,9,0.237503,0.254553,1270.510545,0.001502,0.001731,0.00006,1,99,0.027778,0.003039
4067,1,1436,6,6,12,6,6,12,7,0.25096,0.271361,1726.720505,0.003967,0.004541,0.000089,10,87,0.083333,0.014388
3730,1,3946,2,3,5,2,3,5,8,0.236608,0.253344,433.757342,0.002102,0.002755,0.00008,1,2,0.05,0.002908
3127,1,3942,3,0,3,3,0,3,0,0,0,0,0.002163,0,0.000077,10,210,0.333333,0.004137
5180,1,2716,4,0,4,4,0,4,0,0,0,0,0.004297,0,0.000088,10,18,0.25,0.009908
3069,1,3943,3,5,8,3,5,8,9,0.207652,0.232997,677.315902,0.004582,0.000929,0.000068,10,210,0.053571,0.005514
2525,1,3576,5,5,10,5,5,10,8,0.281692,0.310933,3814.974832,0.00406,0.007677,0.000089,9,206,0.022222,0.005958
1331,1,3923,1,3,4,1,3,4,7,0.307926,0.343423,52.857132,0.002098,0.012704,0.000056,9,55,0.083333,0.002151
6253,1,3000,3,0,3,3,0,3,0,0,0,0,0.00344,0,0.000071,10,221,0.166667,0.008402
6939,1,2686,3,3,6,3,3,6,10,0.219207,0.236443,1209.333158,0.00522,0.002009,0.000064,10,96,0,0.012369
3887,1,3922,1,0,1,1,0,1,0,0,0,0,0.002098,0,0.000056,10,247,0,0.002151
4217,1,1466,5,4,9,5,4,9,9,0.214606,0.241363,142.323044,0.00362,0.002782,0.000075,1,137,0.097222,0.01141
5519,1,32,19,0,19,19,0,19,0,0,0,0,0.007579,0,0.001077,10,59,0.05848,0.105147
4123,1,2120,5,4,9,5,4,9,8,0.242065,0.26534,1338.842583,0.006807,0.002638,0.000092,4,200,0.013889,0.010685
4408,1,1164,10,6,16,10,6,16,6,0.326162,0.359757,18249.76114,0.02357,0.015022,0.00013,10,87,0.058333,0.05055
6977,1,509,3,0,3,3,0,3,0,0,0,0,0.00215,0,0.000424,10,246,0.166667,0.009451
3702,1,3436,2,9,11,2,9,11,8,0.208955,0.230704,1673.741125,0.017038,0.002575,0.00006,10,75,0.027273,0.021506
3033,1,3342,4,10,14,4,10,14,8,0.271414,0.299335,1954.5343,0.017601,0.010251,0.000073,1,96,0.071429,0.024666
7100,1,3279,3,0,3,3,0,3,0,0,0,0,0.006565,0,0.000067,3,64,0,0.007869
3385,1,2213,6,7,13,6,7,13,8,0.237589,0.258766,5684.429514,0.00272,0.003053,0.000122,1,109,0.051282,0.010894
878,1,6148,0,4,4,0,4,4,8,0.248071,0.261463,0,0,0.00396,0.000056,9,239,0,0
1953,1,4523,2,2,4,2,2,4,11,0.221406,0.241926,562.235199,0.000853,0.000853,0.000068,1,131,0.25,0.002005
1124,1,5937,1,4,5,1,4,5,9,0.265261,0.287317,3010.30259,0.000037,0.002228,0.000066,3,131,0.05,0.000851
5280,1,1903,2,0,2,2,0,2,0,0,0,0,0.006056,0,0.000071,3,1,0.5,0.030964
6661,1,107,25,5,30,25,5,30,3,0.5,0.628205,15922.28467,0.033623,0.001341,0.001254,3,15,0.045977,0.190272
3089,1,3929,4,6,10,4,6,10,9,0.235555,0.254716,468.989322,0.00206,0.001683,0.000068,7,32,0.011111,0.004865
882,1,6150,0,4,4,0,4,4,9,0.284072,0.321155,0,0,0.019581,0.000056,3,217,0.333333,0
1420,1,6149,1,3,4,1,3,4,9,0.287172,0.318837,446.967677,0.000666,0.007482,0.000067,3,217,0.166667,0.000757
883,1,6151,0,2,2,0,2,2,5,0.32,0.407292,0,0,0.000114,0.000056,3,241,0,0
884,1,6152,0,6,6,0,6,6,10,0.246172,0.283717,0,0,0.006475,0.000056,4,102,0,0
3444,1,2447,6,4,10,6,4,10,10,0.210069,0.230877,817.1224,0.004033,0.003816,0.000099,1,13,0.022222,0.015344
3454,1,3009,5,6,11,5,6,11,10,0.183176,0.210115,1338.302767,0.003056,0.001183,0.000079,7,148,0.018182,0.007953
3475,1,411,3,0,3,3,0,3,0,0,0,0,0.000235,0,0.000204,7,134,0,0.004211
886,1,6153,0,2,2,0,2,2,9,0.186097,0.199594,0,0,0.000461,0.000056,9,122,0.5,0
6787,1,570,13,1,14,13,1,14,1,1,1,2035.316904,0.004866,0.000029,0.000444,6,5,0.06044,0.056873
4961,1,1045,11,4,15,11,4,15,5,0.377778,0.501961,4829.418695,0.006875,0.000309,0.000214,7,212,0.009524,0.052478
889,1,6154,0,1,1,0,1,1,3,0.416667,0.5,0,0,0.000118,0.000056,4,145,0,0
6222,1,807,8,1,9,8,1,9,2,0.571429,0.625,156.856908,0.003477,0.000208,0.000298,4,145,0.055556,0.03632
2362,1,3896,2,9,11,2,9,11,8,0.249717,0.267367,83.838189,0.001795,0.006194,0.000059,9,6,0.218182,0.003627
1791,1,2610,3,0,3,3,0,3,0,0,0,0,0.000622,0,0.000101,5,67,0,0.002676
1560,1,4648,3,13,16,3,13,16,8,0.263938,0.285701,3944.950807,0.000713,0.003107,0.000074,14,32,0.041667,0.002727
892,1,6157,0,6,6,0,6,6,9,0.213284,0.229418,0,0,0.001753,0.000056,10,110,0.1,0
4981,1,1699,7,0,7,7,0,7,0,0,0,0,0.019939,0,0.000138,10,110,0.095238,0.037918
3726,1,6156,1,8,9,1,8,9,8,0.26547,0.2941,2563.174668,0.00006,0.017221,0.000063,10,110,0.097222,0.000757
3823,1,6155,1,0,1,1,0,1,0,0,0,0,0.00006,0,0.000063,10,110,0,0.000757
6805,1,3307,2,0,2,2,0,2,0,0,0,0,0.014999,0,0.000067,5,110,0,0.020112
893,1,6159,0,12,12,0,12,12,9,0.256908,0.281527,0,0,0.006179,0.000056,9,42,0.05303,0
3686,1,6158,1,1,2,1,1,2,1,1,1,1,0.00021,0.000036,0.00006,5,42,0,0.000757
2312,1,4602,2,2,4,2,2,4,10,0.192302,0.203788,52.981296,0.000264,0.000964,0.000068,9,42,0,0.00183
4454,1,2161,2,1,3,2,1,3,2,0.666667,0.75,42.292045,0.000216,0.000243,0.000111,3,42,0,0.002343
895,1,6160,0,1,1,0,1,1,5,0.325,0.380769,0,0,0.000023,0.000056,10,143,0,0
3672,1,5147,2,2,4,2,2,4,4,0.444444,0.520833,18.122024,0.000681,0.000412,0.000107,10,143,0,0.001607
896,1,6161,0,1,1,0,1,1,13,0.152838,0.175606,0,0,0.00019,0.000056,4,112,0,0
6823,1,5785,1,1,2,1,1,2,1,1,1,1.333333,0.000167,0.000193,0.000061,3,200,0,0.000851
2809,1,2668,5,7,12,5,7,12,10,0.268169,0.314687,1944.517906,0.014983,0.021906,0.000081,9,208,0.121212,0.019808
898,1,6162,0,2,2,0,2,2,9,0.214065,0.22229,0,0,0.000014,0.000056,3,209,0,0
6123,1,2205,3,0,3,3,0,3,0,0,0,0,0.000197,0,0.000131,3,209,0,0.004879
6747,1,531,6,1,7,6,1,7,1,1,1,3403,0.000639,0,0.001402,3,107,0,0.022596
1521,1,4677,2,2,4,2,2,4,8,0.269089,0.286306,1526.330919,0.000774,0.002464,0.000062,7,109,0.25,0.002068
1425,1,4680,2,9,11,2,9,11,9,0.225159,0.243147,207.80446,0.000774,0.001773,0.000062,7,109,0.118182,0.002068
902,1,6163,0,1,1,0,1,1,11,0.195157,0.205742,0,0,0.000104,0.000056,10,75,0,0
903,1,6164,0,1,1,0,1,1,9,0.206837,0.219394,0,0,0.00001,0.000056,7,71,0,0
904,1,6165,0,3,3,0,3,3,7,0.294043,0.318352,0,0,0.007696,0.000056,5,8,0.5,0
905,1,6166,0,1,1,0,1,1,10,0.212705,0.23022,0,0,0.000341,0.000056,6,235,0,0
2034,1,3414,7,20,27,7,20,27,9,0.27006,0.308817,13174.09532,0.010034,0.015846,0.00013,6,235,0.022792,0.017332
906,1,6167,0,2,2,0,2,2,9,0.253945,0.271308,0,0,0.001976,0.000056,7,100,0,0
907,1,6170,0,6,6,0,6,6,10,0.2627,0.286128,0,0,0.003525,0.000056,2,103,0,0
1888,1,4503,2,0,2,2,0,2,0,0,0,0,0.001242,0,0.000065,2,103,0,0.00252
1434,1,6169,1,3,4,1,3,4,6,0.303311,0.344178,56.673146,0.00012,0.007896,0.000063,7,103,0.083333,0.000757
2702,1,6168,1,1,2,1,1,2,12,0.211507,0.223434,103.828222,0.00012,0.000134,0.000063,2,82,0,0.000757
908,1,6171,0,1,1,0,1,1,9,0.240261,0.252555,0,0,0.000523,0.000056,1,238,0,0
909,1,6172,0,5,5,0,5,5,9,0.228794,0.241508,0,0,0.000988,0.000056,9,135,0.05,0
1970,1,4026,2,3,5,2,3,5,10,0.210177,0.22636,220.946492,0.00433,0.000407,0.000066,9,135,0,0.005131
910,1,6173,0,4,4,0,4,4,9,0.216828,0.233263,0,0,0.000656,0.000056,4,234,0.083333,0
913,1,6174,0,2,2,0,2,2,8,0.257982,0.278251,0,0,0.004786,0.000056,9,52,0.5,0
915,1,6175,0,2,2,0,2,2,8,0.278529,0.301109,0,0,0.005869,0.000056,3,1,0.5,0
3230,1,2743,2,5,7,2,5,7,9,0.235583,0.256449,2392.991521,0.000383,0.00307,0.000088,1,131,0.071429,0.004893
4589,1,1131,7,1,8,7,1,8,7,0.252796,0.292583,82.372794,0.021942,0.002263,0.000114,5,171,0.125,0.040248
3563,1,2928,5,3,8,5,3,8,2,0.666667,0.75,1136.598369,0.001522,0.001013,0.000089,10,204,0.017857,0.008958
5968,1,880,8,1,9,8,1,9,4,0.384615,0.483333,3739.767276,0.001925,0.000016,0.000264,7,109,0.069444,0.018338
5141,1,4268,3,4,7,3,4,7,9,0.248858,0.272005,333.6967,0.000899,0.003087,0.000072,7,37,0.142857,0.003538
3154,1,879,4,1,5,4,1,5,3,0.5,0.583333,1108.440317,0.000478,0.000246,0.000295,7,109,0.25,0.004968
2957,1,3186,3,8,11,3,8,11,10,0.193383,0.223786,633.22201,0.000776,0.003946,0.000089,7,12,0.009091,0.003772
4909,1,1006,7,5,12,7,5,12,8,0.236971,0.268945,13902.46872,0.001277,0.001466,0.000244,1,36,0.015152,0.02248
2489,1,4022,3,8,11,3,8,11,8,0.246081,0.267765,349.790957,0.00478,0.00417,0.000068,10,215,0.027273,0.006093
2959,1,2359,4,3,7,4,3,7,10,0.225093,0.250606,2476.374598,0.011062,0.001949,0.000084,4,88,0.02381,0.032137
922,1,6176,0,6,6,0,6,6,7,0.326095,0.355308,0,0,0.015224,0.000056,9,72,0.3,0
924,1,6179,0,2,2,0,2,2,10,0.174016,0.1845,0,0,0.001246,0.000056,10,173,0.5,0
1523,1,6178,1,9,10,1,9,10,9,0.210425,0.229381,2402.833333,0.000042,0.002841,0.000079,10,173,0.033333,0.000757
925,1,6180,0,4,4,0,4,4,8,0.196511,0.208346,0,0,0.000148,0.000056,14,57,0.083333,0
6541,1,5551,2,0,2,2,0,2,0,0,0,0,0.00001,0,0.000087,14,57,0,0.001613
1189,1,4644,3,7,10,3,7,10,8,0.205659,0.221413,1146.935137,0.000133,0.00193,0.000103,1,57,0.022222,0.002471
151,1,6181,0,1,1,0,1,1,10,0.191389,0.200298,0,0,0.00009,0.000056,3,191,0,0
2941,1,4372,2,5,7,2,5,7,9,0.236558,0.25378,2191.737435,0.002646,0.001702,0.000105,3,191,0,0.004094
5426,1,1392,4,1,5,4,1,5,5,0.266667,0.317708,53.436386,0.001545,0.000269,0.000123,1,114,0.05,0.012799
5838,1,2000,3,0,3,3,0,3,0,0,0,0,0.020757,0,0.000073,3,137,0.166667,0.050437
152,1,6182,0,2,2,0,2,2,7,0.293917,0.318038,0,0,0.005433,0.000056,5,8,0.5,0
929,1,6184,0,3,3,0,3,3,10,0.201119,0.21231,0,0,0.000188,0.000056,1,216,0,0
1404,1,6183,1,13,14,1,13,14,11,0.215367,0.237697,1050.307884,0.000006,0.003281,0.000071,14,42,0.032967,0.000757
930,1,6185,0,1,1,0,1,1,9,0.258737,0.276982,0,0,0.001654,0.000056,7,118,0,0
3284,1,2370,2,0,2,2,0,2,0,0,0,0,0.00676,0,0.000063,3,119,0,0.019857
1749,1,3870,3,3,6,3,3,6,8,0.230677,0.256302,565.220864,0.002277,0.001134,0.000066,1,18,0.133333,0.003647
2855,1,3869,2,0,2,2,0,2,0,0,0,0,0.00265,0,0.000059,1,155,0,0.003606
4774,1,1080,4,1,5,4,1,5,1,1,1,162.962012,0.002775,0.001107,0.000094,4,18,0.1,0.009625
5472,1,523,7,2,9,7,2,9,7,0.273423,0.307759,641.065783,0.00627,0.002513,0.000231,1,145,0.111111,0.04902
6191,1,6186,0,4,4,0,4,4,9,0.220637,0.236664,0,0,0.000957,0.000056,10,206,0.166667,0
3321,1,3791,4,0,4,4,0,4,0,0,0,0,0.000416,0,0.000124,4,117,0,0.003948
1622,1,5420,1,7,8,1,7,8,9,0.229359,0.243565,372.183855,0.000053,0.001616,0.00006,1,16,0,0.000856
1633,1,5419,1,4,5,1,4,5,10,0.188979,0.218328,16.222619,0.000053,0.001578,0.00006,7,118,0.3,0.000856
4823,1,2449,3,1,4,3,1,4,6,0.306122,0.346296,0,0.00014,0.00044,0.000092,7,118,0.5,0.003124
4778,1,3981,2,1,3,2,1,3,6,0.300532,0.336947,90.182237,0.00009,0.007372,0.000066,7,153,0,0.001826
4683,1,2450,5,4,9,5,4,9,9,0.204648,0.232828,1941.410124,0.00157,0.000965,0.000092,7,118,0.125,0.00723
939,1,6187,0,7,7,0,7,7,8,0.250101,0.275203,0,0,0.017287,0.000056,9,198,0.119048,0
6385,1,3493,6,6,12,6,6,12,9,0.253887,0.277678,2542.262852,0.002759,0.002755,0.000104,9,198,0.015152,0.007093
940,1,6189,0,2,2,0,2,2,10,0.183131,0.190112,0,0,0.00018,0.000056,1,48,0,0
2766,1,6188,1,1,2,1,1,2,9,0.229424,0.242568,399.342265,0.000006,0.000483,0.000079,1,48,0,0.000757
173,1,5103,1,4,5,1,4,5,11,0.218251,0.235657,36.680571,0.000224,0.004169,0.000061,5,132,0,0.000973
6442,1,464,9,0,9,9,0,9,0,0,0,0,0.003948,0,0.000193,7,232,0.027778,0.037239
6724,1,2121,6,0,6,6,0,6,0,0,0,0,0.01255,0,0.000088,3,213,0,0.034319
2290,1,3100,2,2,4,2,2,4,9,0.20536,0.215509,1701.410188,0.000861,0.000131,0.000073,3,145,0,0.002888
4150,1,2285,8,6,14,8,6,14,8,0.268725,0.291784,6924.069715,0.003777,0.006142,0.000134,1,131,0.027473,0.013922
2947,1,3368,4,2,6,4,2,6,4,0.4375,0.559524,45.168067,0.001792,0.000831,0.000098,3,227,0.1,0.006345
5061,1,1291,7,0,7,7,0,7,0,0,0,0,0.001779,0,0.000255,1,33,0.02381,0.018182
5219,1,5701,2,0,2,2,0,2,0,0,0,0,0.000189,0,0.000075,7,227,0,0.001607
1020,1,5700,1,2,3,1,2,3,5,0.347826,0.483333,1,0.000187,0.00016,0.00006,3,227,0.333333,0.000851
944,1,6191,0,6,6,0,6,6,7,0.311605,0.347936,0,0,0.015016,0.000056,9,154,0.166667,0
7028,1,6190,1,0,1,1,0,1,0,0,0,0,0.000511,0,0.000063,9,154,0,0.000757
2365,1,3916,6,3,9,6,3,9,9,0.247123,0.264592,5368.159228,0.001318,0.001513,0.000137,9,160,0,0.007078
2500,1,4877,1,2,3,1,2,3,8,0.257863,0.277458,5.462302,0.001156,0.002605,0.000058,14,57,0.166667,0.001149
6681,1,695,8,0,8,8,0,8,0,0,0,0,0.005772,0,0.000222,10,154,0.053571,0.031416
2243,1,4876,1,10,11,1,10,11,8,0.274574,0.298445,222.237065,0.001156,0.00882,0.000058,9,126,0.018182,0.001149
3832,1,1398,6,7,13,6,7,13,9,0.221198,0.243638,2842.267092,0.003676,0.002816,0.00009,1,110,0.057692,0.019051
5188,1,3888,3,0,3,3,0,3,0,0,0,0,0.001364,0,0.000112,1,149,0,0.002998
5376,1,2981,2,2,4,2,2,4,2,0.666667,0.75,46.095959,0.002785,0.000955,0.000063,3,231,0,0.008258
6169,1,363,15,0,15,15,0,15,0,0,0,0,0.006154,0,0.000363,7,231,0.028571,0.051267
5865,1,4444,1,2,3,1,2,3,11,0.224103,0.264822,212.814733,0.000116,0.012678,0.000063,9,209,0,0.001077
4359,1,4443,1,1,2,1,1,2,9,0.212471,0.228688,34.666356,0.000116,0.000919,0.000063,9,209,0,0.001077
7083,1,662,6,0,6,6,0,6,0,0,0,0,0.001308,0,0.000241,10,68,0.066667,0.021357
7125,1,4442,2,1,3,2,1,3,7,0.305104,0.33919,944.097233,0.000142,0.012207,0.000092,9,209,0,0.001934
6890,1,98,3,2,5,3,2,5,1,1,1,328.583048,0.000534,0.000369,0.000317,3,15,0.1,0.025665
950,1,6192,0,1,1,0,1,1,9,0.198748,0.21011,0,0,0.000422,0.000056,9,28,0,0
951,1,6193,0,1,1,0,1,1,5,0.372549,0.419298,0,0,0.001822,0.000056,9,33,0,0
2375,1,3572,3,11,14,3,11,14,9,0.25392,0.273191,379.369049,0.007591,0.01051,0.000061,9,151,0.06044,0.008257
1355,1,4256,1,9,10,1,9,10,7,0.30238,0.327665,757.800919,0.001463,0.013234,0.000058,1,66,0.1,0.001236
2717,1,2389,3,1,4,3,1,4,8,0.23622,0.251548,133.108217,0.006713,0.000554,0.00007,8,66,0.083333,0.019946
953,1,6195,0,4,4,0,4,4,7,0.290616,0.314884,0,0,0.007137,0.000056,5,28,0.25,0
4068,1,6194,1,0,1,1,0,1,0,0,0,0,0.000243,0,0.000067,5,28,0,0.000757
7048,1,6196,0,2,2,0,2,2,10,0.166944,0.175529,0,0,0.000036,0.000056,1,199,0.5,0
3150,1,2908,4,2,6,4,2,6,9,0.20016,0.214466,2254.857751,0.000634,0.000113,0.000113,1,199,0.2,0.006826
955,1,6199,0,5,5,0,5,5,9,0.23886,0.254423,0,0,0.001129,0.000056,1,168,0.05,0
2065,1,6198,1,3,4,1,3,4,9,0.239356,0.254674,12.069481,0.000038,0.001031,0.000065,1,134,0.166667,0.000757
4148,1,6197,1,0,1,1,0,1,0,0,0,0,0.000038,0,0.000065,1,168,0,0.000757
957,1,6200,0,1,1,0,1,1,10,0.222649,0.241116,0,0,0.000053,0.000056,3,29,0,0
958,1,6201,0,2,2,0,2,2,7,0.275957,0.29374,0,0,0.002208,0.000056,4,213,0,0
959,1,6202,0,3,3,0,3,3,9,0.233655,0.247943,0,0,0.002834,0.000056,3,60,0,0
960,1,6203,0,1,1,0,1,1,9,0.224255,0.238396,0,0,0.000635,0.000056,4,232,0,0
1197,1,4244,1,0,1,1,0,1,0,0,0,0,0,0,0.000079,6,220,0,0.000932
962,1,6204,0,2,2,0,2,2,9,0.216842,0.227431,0,0,0.000137,0.000056,9,154,0,0
2916,1,2265,6,6,12,6,6,12,8,0.268081,0.288983,2523.682102,0.005868,0.002321,0.000092,6,93,0.128788,0.022548
1919,1,3434,3,5,8,3,5,8,7,0.302675,0.328982,7426.61266,0.015805,0.007009,0.000065,3,12,0.035714,0.021328
3711,1,1945,7,4,11,7,4,11,8,0.267221,0.287847,6548.611039,0.013078,0.001753,0.0001,6,93,0.118182,0.058537
2699,1,2392,4,2,6,4,2,6,10,0.235436,0.263646,6166.451985,0.021148,0.003621,0.000074,3,93,0.066667,0.040853
4513,1,1747,9,6,15,9,6,15,8,0.272403,0.295926,5346.581953,0.006125,0.003389,0.000149,6,93,0.17619,0.035984
6478,1,2052,7,2,9,7,2,9,2,0.75,0.833333,102.376946,0.015937,0.001186,0.00013,5,15,0.041667,0.027925
964,1,6205,0,1,1,0,1,1,1,1,1,0,0,0.000013,0.000056,1,4,0,0
965,1,6207,0,15,15,0,15,15,7,0.322164,0.351587,0,0,0.023052,0.000056,4,22,0.019048,0
5415,1,1969,9,2,11,9,2,11,2,0.75,0.833333,1675.263478,0.016682,0.000043,0.000222,4,233,0.018182,0.047883
3680,1,6206,1,0,1,1,0,1,0,0,0,0,0.000784,0,0.000059,4,22,0,0.000757
7065,1,44,41,0,41,41,0,41,0,0,0,0,0.030832,0,0.005945,10,193,0.029268,0.23998
969,1,6208,0,2,2,0,2,2,9,0.211268,0.221293,0,0,0.000764,0.000056,5,143,0,0
6843,1,3288,3,1,4,3,1,4,1,1,1,4,0.015004,0.000572,0.000097,5,143,0.083333,0.020975
5698,1,571,5,0,5,5,0,5,0,0,0,0,0.003206,0,0.000241,10,188,0.05,0.038569
3640,1,3137,3,1,4,3,1,4,8,0.212095,0.228394,41.267191,0.001269,0.000278,0.000073,1,45,0,0.004109
3317,1,2147,5,4,9,5,4,9,6,0.313333,0.348325,7022.621188,0.002194,0.013854,0.00011,10,108,0,0.013407
5319,1,856,3,0,3,3,0,3,0,0,0,0,0.015051,0,0.000123,5,209,0,0.022177
2505,1,3681,4,11,15,4,11,15,8,0.298479,0.321068,6230.328701,0.000599,0.009725,0.000093,11,235,0.033333,0.003534
976,1,6209,0,3,3,0,3,3,8,0.210345,0.228541,0,0,0.001134,0.000056,7,47,0,0
6470,1,3454,2,2,4,2,2,4,4,0.454545,0.541667,7,0.000079,0.000488,0.000082,1,47,0.25,0.002059
978,1,6210,0,1,1,0,1,1,8,0.240142,0.260418,0,0,0.001826,0.000056,3,17,0,0
979,1,6211,0,1,1,0,1,1,7,0.24386,0.263643,0,0,0.000659,0.000056,9,157,0,0
4342,1,1528,7,4,11,7,4,11,3,0.636364,0.761905,1375.19395,0.003001,0.002134,0.000129,7,169,0,0.028721
3598,1,2811,3,2,5,3,2,5,10,0.187687,0.201582,227.620714,0.003325,0.000505,0.00007,9,43,0.2,0.007058
7084,1,12,8,0,8,8,0,8,0,0,0,0,0.016811,0,0.001815,10,143,0.035714,0.048735
3279,1,2645,5,2,7,5,2,7,8,0.238636,0.256423,926.420403,0.000637,0.000356,0.000088,5,102,0.02381,0.006932
982,1,6212,0,1,1,0,1,1,8,0.210963,0.227765,0,0,0.000306,0.000056,4,233,0,0
983,1,6213,0,2,2,0,2,2,9,0.239541,0.254555,0,0,0.002059,0.000056,9,9,0,0
984,1,6216,0,3,3,0,3,3,9,0.218419,0.229552,0,0,0.001198,0.000056,7,135,0,0
1737,1,6215,1,5,6,1,5,6,8,0.266032,0.284597,2555.410109,0.000041,0.002836,0.000071,7,135,0.033333,0.000757
985,1,6217,0,4,4,0,4,4,9,0.236826,0.261061,0,0,0.002622,0.000056,14,226,0.083333,0
4295,1,1611,4,1,5,4,1,5,1,1,1,92.492553,0.002582,0.000283,0.000138,5,66,0,0.015772
1878,1,2323,10,4,14,10,4,14,9,0.226857,0.250959,4225.640168,0.003161,0.002015,0.00021,14,226,0.115385,0.015429
2413,1,3583,2,2,4,2,2,4,11,0.190561,0.202478,1148.214473,0.000737,0.000146,0.000074,1,96,0,0.001801
3398,1,3577,1,0,1,1,0,1,0,0,0,0,0.000735,0,0.000058,1,206,0,0.001044
1226,1,4126,1,20,21,1,20,21,9,0.227255,0.253868,626.736339,0.000293,0.013917,0.00006,9,123,0.02619,0.001432
1827,1,3975,2,1,3,2,1,3,8,0.234339,0.249798,58.169048,0.000787,0.000094,0.000064,9,231,0,0.003304
1478,1,4106,1,2,3,1,2,3,8,0.241707,0.259172,0,0.000293,0.000936,0.00006,8,154,0.5,0.001432
6976,1,4105,1,0,1,1,0,1,0,0,0,0,0.000293,0,0.00006,8,154,0,0.001432
4964,1,4104,1,0,1,1,0,1,0,0,0,0,0.000293,0,0.00006,8,154,0,0.001432
4680,1,2700,3,3,6,3,3,6,8,0.225441,0.250151,632.204134,0.001887,0.004714,0.00011,10,154,0,0.00726
4536,1,1151,8,1,9,8,1,9,2,0.666667,0.75,220.27919,0.001613,0.000706,0.000229,4,169,0,0.016585
2090,1,3350,3,5,8,3,5,8,7,0.273653,0.297691,1627.043896,0.015272,0.006437,0.000075,8,72,0.035714,0.021731
7077,1,559,6,0,6,6,0,6,0,0,0,0,0.012916,0,0.000162,7,4,0.066667,0.091052
4163,1,3076,3,0,3,3,0,3,0,0,0,0,0.000919,0,0.000125,8,154,0.166667,0.006117
6537,1,342,6,0,6,6,0,6,0,0,0,0,0.002001,0,0.00022,10,214,0,0.019556
2715,1,3484,4,2,6,4,2,6,3,0.555556,0.666667,472.698589,0.016353,0.000316,0.000081,9,83,0,0.023179
647,1,3118,5,2,7,5,2,7,1,1,1,63.313095,0.00087,0.000215,0.000117,2,207,0.071429,0.005814
6907,1,302,4,0,4,4,0,4,0,0,0,0,0.001742,0,0.000144,7,59,0.083333,0.033702
989,1,6219,0,5,5,0,5,5,7,0.240314,0.260294,0,0,0.00342,0.000056,3,210,0.1,0
5868,1,846,5,1,6,5,1,6,1,1,1,1795,0.003773,0,0.000145,3,210,0.033333,0.007593
2585,1,6218,1,1,2,1,1,2,3,0.5,0.566667,0,0.000116,0.000009,0.000065,3,210,0.5,0.000757
992,1,6220,0,1,1,0,1,1,11,0.148596,0.155748,0,0,0.000353,0.000056,4,209,0,0
993,1,6221,0,1,1,0,1,1,2,0.666667,0.75,0,0,0.000096,0.000056,1,40,0,0
1213,1,4084,1,5,6,1,5,6,10,0.262135,0.287889,151.733639,0.001087,0.005443,0.000057,10,34,0.066667,0.001576
6902,1,232,7,0,7,7,0,7,0,0,0,0,0.015583,0,0.000186,6,223,0.02381,0.118538
3933,1,3964,2,0,2,2,0,2,0,0,0,0,0.001477,0,0.000061,9,76,0,0.00278
3937,1,3963,2,6,8,2,6,8,11,0.229608,0.256226,1822.060657,0.001332,0.005094,0.000065,1,51,0.053571,0.00313
3046,1,2067,2,5,7,2,5,7,9,0.216344,0.236522,269.283117,0.002219,0.002394,0.000065,9,157,0.238095,0.009944
5201,1,1323,10,2,12,10,2,12,5,0.317647,0.374691,1042.375556,0.003868,0.000734,0.000172,7,5,0.037879,0.034365
6183,1,1647,2,0,2,2,0,2,0,0,0,0,0.000422,0,0.000126,4,67,0,0.004362
5190,1,1381,3,1,4,3,1,4,5,0.372549,0.419298,0,0.001282,0.001822,0.000081,9,33,0.5,0.004015
4759,1,1293,6,2,8,6,2,8,8,0.254047,0.280952,1941.508775,0.003161,0.001933,0.000109,10,162,0.160714,0.02544
997,1,6222,0,6,6,0,6,6,10,0.241408,0.260395,0,0,0.003296,0.000056,2,62,0.033333,0
6809,1,330,7,1,8,7,1,8,1,1,1,368.626264,0.0236,0.000688,0.000282,10,203,0.053571,0.127107
5917,1,2997,2,0,2,2,0,2,0,0,0,0,0.00141,0,0.000068,2,62,0,0.005254
2552,1,3209,3,10,13,3,10,13,9,0.3128,0.352817,5899.177853,0.020197,0.032762,0.00007,3,62,0.083333,0.026385
998,1,6223,0,1,1,0,1,1,8,0.224415,0.234919,0,0,0.000065,0.000056,4,136,0,0
4649,1,1230,8,4,12,8,4,12,5,0.291667,0.350595,3332.901382,0.006436,0.001103,0.000157,3,96,0.037879,0.028174
2974,1,4213,3,3,6,3,3,6,6,0.234818,0.285632,85.085592,0.000171,0.000345,0.000124,3,96,0.1,0.00288
1001,1,6224,0,1,1,0,1,1,9,0.223867,0.23492,0,0,0.000367,0.000056,7,228,0,0
5682,1,576,7,2,9,7,2,9,1,1,1,4509.157586,0.004117,0.000144,0.000257,10,34,0.041667,0.038885
4787,1,1614,3,1,4,3,1,4,3,0.466667,0.52381,35.362859,0.000578,0.000687,0.000089,4,214,0.166667,0.008793
5584,1,5817,1,0,1,1,0,1,0,0,0,0,0,0,0.000105,1,183,0,0.000851
1007,1,6226,0,2,2,0,2,2,8,0.235022,0.251585,0,0,0.00017,0.000056,11,240,0,0
4712,1,6225,1,0,1,1,0,1,0,0,0,0,0.000006,0,0.000079,11,240,0,0.000757
3472,1,3474,2,1,3,2,1,3,1,1,1,11.916667,0.001021,0.000042,0.000072,7,33,0,0.002552
623,1,5121,1,0,1,1,0,1,0,0,0,0,0.000051,0,0.000064,14,212,0,0.000851
6837,1,265,5,0,5,5,0,5,0,0,0,0,0.002611,0,0.000375,1,244,0.15,0.030814
4139,1,3160,2,4,6,2,4,6,8,0.268512,0.290266,296.95553,0.001627,0.005606,0.000065,1,78,0.1,0.004305
2102,1,4110,3,3,6,3,3,6,8,0.229414,0.245337,567.898929,0.003003,0.001593,0.000062,1,9,0.1,0.004733
3082,1,4109,1,1,2,1,1,2,1,1,1,14.416667,0.001349,0.000195,0.000058,10,244,0,0.001612
6759,1,660,5,0,5,5,0,5,0,0,0,0,0.005295,0,0.000116,10,244,0.3,0.016334
6238,1,656,8,1,9,8,1,9,2,0.666667,0.75,240.01461,0.003114,0.000579,0.000185,14,241,0,0.032684
5365,1,661,9,4,13,9,4,13,7,0.268701,0.296869,3630.260009,0.003652,0.004315,0.000174,5,244,0.057692,0.020633
1391,1,5540,3,7,10,3,7,10,10,0.223202,0.241251,2394.584142,0.000171,0.001367,0.000104,11,237,0.044444,0.002458
3849,1,4515,2,3,5,2,3,5,9,0.19774,0.216358,142.849037,0.000137,0.001121,0.00009,14,220,0.1,0.00201
5609,1,1660,3,1,4,3,1,4,2,0.666667,0.75,234.295251,0.002489,0.000074,0.00009,14,220,0,0.02168
2993,1,5538,1,7,8,1,7,8,10,0.206438,0.234924,56.865794,0.000112,0.004001,0.000063,14,236,0.035714,0.000851
2791,1,4166,1,1,2,1,1,2,9,0.205433,0.22764,2.166667,0.000474,0.000473,0.000068,9,114,0,0.000857
673,1,944,3,0,3,3,0,3,0,0,0,0,0.000233,0,0.000172,4,120,0,0.005782
1014,1,6227,0,1,1,0,1,1,7,0.289388,0.312833,0,0,0.00283,0.000056,5,8,0,0
1015,1,6228,0,2,2,0,2,2,11,0.188804,0.202493,0,0,0.000093,0.000056,12,2,0,0
1017,1,6230,0,2,2,0,2,2,8,0.224561,0.235115,0,0,0.000146,0.000056,5,131,0,0
1304,1,6229,1,1,2,1,1,2,7,0.289388,0.312833,3454,0.000005,0.00283,0.000079,5,131,0,0.000757
1018,1,6231,0,5,5,0,5,5,11,0.209258,0.228756,0,0,0.001478,0.000056,1,68,0,0
1019,1,6232,0,2,2,0,2,2,8,0.224901,0.23595,0,0,0.000385,0.000056,14,201,0.5,0
6029,1,839,6,0,6,6,0,6,0,0,0,0,0.002898,0,0.000188,3,227,0.066667,0.024269
1022,1,6233,0,4,4,0,4,4,8,0.276719,0.302798,0,0,0.005829,0.000056,3,130,0,0
1023,1,6234,0,2,2,0,2,2,10,0.231481,0.250589,0,0,0.000295,0.000056,1,60,0,0
606,1,2123,9,2,11,9,2,11,7,0.238994,0.279198,642.165176,0.001536,0.000342,0.000204,1,60,0.036364,0.015634
1024,1,6235,0,1,1,0,1,1,7,0.305104,0.33919,0,0,0.012207,0.000056,9,10,0,0
1025,1,6236,0,3,3,0,3,3,7,0.290507,0.314483,0,0,0.003385,0.000056,9,126,0,0
4679,1,1068,7,3,10,7,3,10,1,1,1,591.828619,0.002427,0.000557,0.000112,1,132,0.155556,0.01337
1587,1,4533,1,3,4,1,3,4,9,0.229379,0.246538,55.496875,0.000673,0.002087,0.000058,1,187,0.083333,0.001259
6038,1,1385,8,3,11,8,3,11,6,0.335714,0.404965,803.460452,0.016809,0.004525,0.000156,1,75,0.018182,0.035614
3366,1,6237,0,2,2,0,2,2,10,0.193603,0.243547,0,0,0.000392,0.000056,3,81,0,0
6010,1,6238,0,5,5,0,5,5,8,0.26638,0.283875,0,0,0.004088,0.000056,10,139,0,0
1028,1,6239,0,1,1,0,1,1,10,0.220141,0.241492,0,0,0.001443,0.000056,7,189,0,0
1029,1,6240,0,1,1,0,1,1,10,0.198234,0.207033,0,0,0.000045,0.000056,9,160,0,0
1030,1,6241,0,2,2,0,2,2,9,0.196293,0.208538,0,0,0.000355,0.000056,3,208,0,0
4251,1,2380,4,4,8,4,4,8,8,0.243753,0.267286,1760.516723,0.007319,0.003412,0.000105,7,213,0.017857,0.022066
2478,1,6242,0,1,1,0,1,1,1,1,1,0,0,0.000799,0.000056,3,152,0,0
1517,1,4016,2,7,9,2,7,9,10,0.244879,0.27267,4722.950445,0.004319,0.004991,0.00008,4,140,0.111111,0.005225
4270,1,1105,4,0,4,4,0,4,0,0,0,0,0.015028,0,0.000178,5,140,0,0.02256
1033,1,6243,0,2,2,0,2,2,7,0.234216,0.25589,0,0,0.000243,0.000056,10,154,0,0
1034,1,6244,0,2,2,0,2,2,1,1,1,0,0,0.000017,0.000056,10,158,0.5,0
4598,1,2329,2,0,2,2,0,2,0,0,0,0,0.000001,0,0.000163,10,158,0.5,0.001964
5464,1,2330,3,1,4,3,1,4,1,1,1,1352,0.000489,0,0.000098,10,158,0.083333,0.005685
6956,1,6245,0,2,2,0,2,2,9,0.227225,0.243826,0,0,0.001775,0.000056,9,157,0.5,0
1036,1,6247,0,2,2,0,2,2,12,0.160772,0.168792,0,0,0.000024,0.000056,3,231,0,0
4845,1,6246,1,0,1,1,0,1,0,0,0,0,0.000001,0,0.000079,3,231,0,0.000757
3037,1,5001,1,4,5,1,4,5,2,0.833333,0.9,7.237179,0.000143,0.001134,0.000064,4,143,0.15,0.000962
1040,1,6249,0,3,3,0,3,3,3,0.6,0.722222,0,0,0.000564,0.000056,5,15,0,0
1616,1,6248,1,0,1,1,0,1,0,0,0,0,0.000019,0,0.000071,5,15,0,0.000757
5653,1,2491,3,1,4,3,1,4,1,1,1,25.385959,0.0013,0.001107,0.000084,4,111,0.083333,0.005421
2649,1,4518,1,1,2,1,1,2,10,0.185152,0.197708,0,0.000816,0.000108,0.000058,14,226,0.5,0.001154
3890,1,2322,2,0,2,2,0,2,0,0,0,0,0.000884,0,0.000103,14,226,0.5,0.003264
1042,1,6250,0,17,17,0,17,17,8,0.289125,0.320738,0,0,0.026943,0.000056,1,131,0.102941,0
3343,1,2636,2,1,3,2,1,3,1,1,1,800,0.002786,0.000146,0.000063,5,131,0.166667,0.008478
1043,1,6251,0,3,3,0,3,3,9,0.198867,0.218607,0,0,0.000717,0.000056,4,94,0.166667,0
2854,1,4459,1,0,1,1,0,1,0,0,0,0,0.000548,0,0.000058,9,150,0,0.00137
5883,1,2794,5,0,5,5,0,5,0,0,0,0,0.012177,0,0.000073,9,150,0.1,0.026191
4078,1,4458,1,2,3,1,2,3,3,0.571429,0.708333,15.133333,0.000548,0.000051,0.000058,9,83,0.166667,0.00137
4899,1,2244,3,1,4,3,1,4,2,0.666667,0.75,7.325,0.000551,0.000735,0.000146,9,83,0.083333,0.003518
2198,1,4457,1,4,5,1,4,5,9,0.237421,0.255571,64.37016,0.000548,0.002149,0.000058,9,126,0.05,0.00137
1045,1,6252,0,7,7,0,7,7,8,0.249892,0.266658,0,0,0.003009,0.000056,10,235,0.047619,0
6954,1,598,3,0,3,3,0,3,0,0,0,0,0.000318,0,0.000183,3,235,0,0.011107
5726,1,432,5,3,8,5,3,8,5,0.385246,0.441844,3676.765286,0.008072,0.002837,0.000108,9,179,0.089286,0.036319
1047,1,6253,0,7,7,0,7,7,8,0.252575,0.275466,0,0,0.013716,0.000056,9,178,0.02381,0
4939,1,1741,4,0,4,4,0,4,0,0,0,0,0.003359,0,0.000103,9,178,0,0.021312
6965,1,503,2,0,2,2,0,2,0,0,0,0,0.000525,0,0.000124,9,178,0,0.009105
1048,1,6254,0,6,6,0,6,6,9,0.234749,0.253882,0,0,0.003619,0.000056,4,192,0.133333,0
678,1,2548,4,0,4,4,0,4,0,0,0,0,0.000746,0,0.00009,4,192,0.166667,0.008245
1049,1,6255,0,10,10,0,10,10,8,0.282491,0.302826,0,0,0.003114,0.000056,3,73,0.022222,0
3477,1,2061,3,1,4,3,1,4,4,0.421053,0.489583,9.25,0.003573,0.002484,0.000075,3,73,0.166667,0.01655
2488,1,2296,2,0,2,2,0,2,0,0,0,0,0.000343,0,0.000089,3,233,0,0.004839
6856,1,717,6,0,6,6,0,6,0,0,0,0,0.005072,0,0.000241,3,102,0.033333,0.088766
1050,1,6256,0,5,5,0,5,5,10,0.268884,0.316061,0,0,0.016282,0.000056,3,111,0,0
2183,1,6257,0,5,5,0,5,5,10,0.219792,0.236669,0,0,0.000422,0.000056,1,168,0.15,0
2463,1,3174,7,14,21,7,14,21,9,0.253832,0.287176,5703.822317,0.003598,0.010576,0.000096,1,168,0.052381,0.012211
6095,1,3341,6,0,6,6,0,6,0,0,0,0,0.003503,0,0.000105,1,47,0,0.009187
1052,1,6259,0,5,5,0,5,5,9,0.250167,0.272979,0,0,0.001191,0.000056,1,60,0.15,0
3938,1,6258,1,2,3,1,2,3,7,0.305798,0.340842,427.979131,0.000041,0.014191,0.000065,9,60,0.166667,0.000757
2169,1,3956,4,6,10,4,6,10,8,0.246003,0.264303,1075.915352,0.002188,0.001873,0.000078,9,60,0,0.004773
2938,1,3227,2,5,7,2,5,7,10,0.174787,0.195426,68.59299,0.000411,0.001696,0.000065,4,115,0.119048,0.003222
1054,1,6260,0,1,1,0,1,1,6,0.300532,0.336947,0,0,0.007372,0.000056,2,3,0,0
4943,1,5021,2,15,17,2,15,17,9,0.264706,0.291456,1120.001076,0.000623,0.00901,0.00011,4,217,0.025735,0.002005
1056,1,6261,0,3,3,0,3,3,8,0.242139,0.25366,0,0,0.000343,0.000056,11,143,0,0
6732,1,1288,3,0,3,3,0,3,0,0,0,0,0.000462,0,0.00018,3,131,0,0.007627
7091,1,166,7,0,7,7,0,7,0,0,0,0,0.007843,0,0.000277,8,207,0.071429,0.058061
1449,1,4061,3,9,12,3,9,12,9,0.275234,0.297873,2783.517121,0.000853,0.007123,0.000109,7,13,0.166667,0.003103
6436,1,272,16,3,19,16,3,19,5,0.384615,0.453889,5370.568747,0.011902,0.002881,0.000395,7,158,0.04386,0.077342
1078,1,5409,1,0,1,1,0,1,0,0,0,0,0.000074,0,0.000065,1,66,0,0.000862
3000,1,5005,1,1,2,1,1,2,8,0.203343,0.251256,13.177202,0.000059,0.000409,0.000063,3,175,0,0.000957
5597,1,2188,3,3,6,3,3,6,8,0.207756,0.271222,1225.993326,0.007741,0.000731,0.000072,4,32,0.033333,0.019885
6854,1,424,3,0,3,3,0,3,0,0,0,0,0.000426,0,0.000235,4,175,0,0.025062
3951,1,2481,2,0,2,2,0,2,0,0,0,0,0.004859,0,0.00007,3,175,0,0.018792
2391,1,3272,4,8,12,4,8,12,9,0.257445,0.279956,12996.04253,0.00121,0.005663,0.000087,7,4,0.022727,0.006548
2920,1,2615,5,3,8,5,3,8,7,0.248069,0.267553,2113.440214,0.025749,0.001999,0.000077,4,169,0.017857,0.043209
1064,1,6262,0,1,1,0,1,1,10,0.195518,0.205729,0,0,0.000019,0.000056,4,205,0,0
1415,1,4588,3,10,13,3,10,13,9,0.242918,0.264247,4762.215593,0.000557,0.002039,0.000112,4,205,0,0.003677
1065,1,6263,0,1,1,0,1,1,7,0.289388,0.312833,0,0,0.00283,0.000056,5,8,0,0
6329,1,2303,6,2,8,6,2,8,6,0.301987,0.34057,799.702465,0.00669,0.007485,0.000114,3,162,0.053571,0.025482
3294,1,2690,4,5,9,4,5,9,10,0.209904,0.240988,423.835788,0.001403,0.001392,0.00008,12,71,0.166667,0.008278
1067,1,6264,0,1,1,0,1,1,8,0.220906,0.238606,0,0,0.000675,0.000056,6,22,0,0
1068,1,6265,0,1,1,0,1,1,9,0.228467,0.247904,0,0,0.001688,0.000056,7,141,0,0
1069,1,6266,0,1,1,0,1,1,3,0.5,0.583333,0,0,0.000019,0.000056,4,189,0,0
1070,1,6267,0,7,7,0,7,7,11,0.215194,0.242388,0,0,0.003648,0.000056,3,15,0,0
5815,1,1244,7,0,7,7,0,7,0,0,0,0,0.007238,0,0.000119,7,15,0.047619,0.013532
6675,1,3046,3,0,3,3,0,3,0,0,0,0,0.00697,0,0.00007,3,15,0.166667,0.013631
4431,1,3079,3,0,3,3,0,3,0,0,0,0,0.006605,0,0.000073,3,82,0,0.013616
1071,1,6268,0,1,1,0,1,1,1,1,1,0,0,0.000315,0.000056,5,168,0,0
6522,1,760,5,0,5,5,0,5,0,0,0,0,0.009268,0,0.000148,5,168,0.15,0.092934
1073,1,6269,0,2,2,0,2,2,9,0.23791,0.261507,0,0,0.004922,0.000056,1,178,0.5,0
1074,1,6270,0,2,2,0,2,2,8,0.252665,0.266245,0,0,0.000352,0.000056,3,58,0,0
2094,1,3995,2,2,4,2,2,4,7,0.308271,0.343304,189.120526,0.004309,0.012663,0.00008,3,58,0,0.005131
1075,1,6271,0,1,1,0,1,1,8,0.25624,0.270013,0,0,0.000379,0.000056,7,21,0,0
2048,1,5793,1,0,1,1,0,1,0,0,0,0,0.000506,0,0.000063,7,21,0,0.000944
1077,1,6272,0,2,2,0,2,2,8,0.274166,0.29145,0,0,0.002788,0.000056,4,75,0,0
1079,1,6273,0,2,2,0,2,2,8,0.276013,0.30356,0,0,0.005,0.000056,3,94,0,0
2341,1,3987,2,4,6,2,4,6,7,0.252475,0.274313,692.873912,0.004467,0.001835,0.00008,4,94,0.033333,0.005131
1080,1,6274,0,5,5,0,5,5,10,0.275376,0.315087,0,0,0.01818,0.000056,2,154,0.05,0
1081,1,6276,0,4,4,0,4,4,8,0.232095,0.244165,0,0,0.000849,0.000056,3,169,0,0
1369,1,6275,1,4,5,1,4,5,9,0.191096,0.212186,24.14063,0.000029,0.001818,0.000067,7,169,0,0.000757
1672,1,764,3,0,3,3,0,3,0,0,0,0,0.005068,0,0.000108,4,239,0,0.078203
4511,1,711,3,0,3,3,0,3,0,0,0,0,0.00122,0,0.000096,4,91,0,0.006738
4153,1,2977,4,1,5,4,1,5,2,0.666667,0.75,24.907372,0.000728,0.000735,0.000127,14,83,0,0.007411
4455,1,3217,4,3,7,4,3,7,10,0.209649,0.239052,588.861804,0.000814,0.00111,0.000091,4,18,0.142857,0.005626
6046,1,1343,6,0,6,6,0,6,0,0,0,0,0.002287,0,0.000184,4,63,0.1,0.023304
2359,1,4005,5,2,7,5,2,7,9,0.231619,0.249282,2399.947755,0.000458,0.000343,0.000105,1,212,0,0.004497
3003,1,5406,1,0,1,1,0,1,0,0,0,0,0.000295,0,0.000065,3,209,0,0.001044
3961,1,1435,5,6,11,5,6,11,10,0.187214,0.208259,7221.615462,0.002294,0.005559,0.000139,1,209,0.036364,0.013024
4777,1,3904,3,1,4,3,1,4,7,0.305104,0.33919,1546.849815,0.000752,0.012207,0.000077,6,83,0,0.003203
5885,1,3308,2,0,2,2,0,2,0,0,0,0,0.015064,0,0.000064,6,205,0,0.020206
4037,1,1980,7,2,9,7,2,9,8,0.246305,0.280881,811.372363,0.02497,0.00255,0.000081,4,205,0.111111,0.057553
5137,1,2634,2,2,4,2,2,4,6,0.305882,0.345726,380.971129,0.001995,0.00762,0.000065,6,205,0,0.008572
4110,1,3627,2,4,6,2,4,6,8,0.215633,0.289687,160.179657,0.000803,0.001713,0.000062,7,205,0.033333,0.003319
1212,1,5249,1,1,2,1,1,2,10,0.192953,0.23775,14.561111,0.000125,0.000336,0.00006,6,205,0,0.000851
5800,1,1495,2,1,3,2,1,3,3,0.5,0.547619,133.924873,0.000855,0.001218,0.000079,6,205,0,0.00764
6093,1,1706,3,0,3,3,0,3,0,0,0,0,0.018259,0,0.000071,6,205,0.166667,0.033773
1087,1,6277,0,1,1,0,1,1,10,0.199775,0.213884,0,0,0.00003,0.000056,10,102,0,0
5410,1,3399,2,5,7,2,5,7,9,0.239191,0.26636,2939.26365,0.015417,0.005703,0.000063,4,120,0.071429,0.020492
2622,1,4025,2,3,5,2,3,5,9,0.258278,0.283466,935.244292,0.000492,0.008513,0.000078,9,135,0,0.002293
5915,1,365,6,0,6,6,0,6,0,0,0,0,0.006972,0,0.000431,9,208,0.033333,0.03193
3249,1,2805,6,12,18,6,12,18,8,0.27233,0.299406,3402.240247,0.013032,0.007582,0.000081,9,160,0.04902,0.023658
2726,1,4052,2,7,9,2,7,9,11,0.225385,0.251106,819.521383,0.002338,0.002461,0.000072,9,81,0,0.002707
5691,1,978,9,1,10,9,1,10,1,1,1,452.143918,0.005392,0.000001,0.000222,2,166,0.033333,0.018713
1091,1,6278,0,3,3,0,3,3,10,0.188927,0.210567,0,0,0.002558,0.000056,9,208,0,0
1093,1,6279,0,1,1,0,1,1,8,0.203306,0.22169,0,0,0.00018,0.000056,7,239,0,0
1095,1,6280,0,1,1,0,1,1,10,0.220644,0.236872,0,0,0.000367,0.000056,4,111,0,0
1096,1,6281,0,3,3,0,3,3,12,0.178121,0.189751,0,0,0.000276,0.000056,6,220,0,0
4371,1,2666,3,1,4,3,1,4,5,0.4,0.4475,22.771429,0.007186,0.00166,0.000086,6,220,0.083333,0.010928
1097,1,6282,0,2,2,0,2,2,10,0.220369,0.234648,0,0,0.000664,0.000056,10,110,0,0
1098,1,6283,0,1,1,0,1,1,12,0.168369,0.174636,0,0,0,0.000056,4,136,0,0
6308,1,4922,1,0,1,1,0,1,0,0,0,0,0.00003,0,0.000072,4,227,0,0.00098
1101,1,6285,0,2,2,0,2,2,8,0.274024,0.291213,0,0,0.002074,0.000056,4,31,0,0
2537,1,6284,1,0,1,1,0,1,0,0,0,0,0.000071,0,0.000079,4,31,0,0.000757
1102,1,6286,0,4,4,0,4,4,9,0.271247,0.304366,0,0,0.00703,0.000056,3,207,0,0
6864,1,2367,3,0,3,3,0,3,0,0,0,0,0.005531,0,0.000079,3,207,0,0.020086
5723,1,831,4,1,5,4,1,5,1,1,1,2024.360249,0.009461,0.000635,0.000114,5,103,0,0.086762
6896,1,1173,9,0,9,9,0,9,0,0,0,0,0.014671,0,0.000302,1,229,0.055556,0.05431
4616,1,2593,2,0,2,2,0,2,0,0,0,0,0.004321,0,0.000076,3,244,0,0.006263
5733,1,1141,3,0,3,3,0,3,0,0,0,0,0.004484,0,0.000136,3,131,0,0.011177
2384,1,4044,1,3,4,1,3,4,9,0.284447,0.326015,56.001051,0.004297,0.017163,0.000057,6,43,0.166667,0.004374
5501,1,906,8,1,9,8,1,9,4,0.433333,0.480769,1086.424859,0.016414,0.000327,0.000181,3,236,0.041667,0.055456
1731,1,4043,1,3,4,1,3,4,9,0.284449,0.325975,105.885135,0.004297,0.017113,0.000057,3,47,0.166667,0.004374
1738,1,4042,1,2,3,1,2,3,2,0.666667,0.75,10.871241,0.004297,0.001093,0.000057,3,233,0.166667,0.004374
3974,1,2707,4,1,5,4,1,5,8,0.240142,0.260418,680.993206,0.007295,0.001826,0.000073,9,172,0.05,0.018397
3976,1,2081,6,7,13,6,7,13,9,0.305954,0.347959,3898.242777,0.017145,0.027331,0.00011,3,92,0.089744,0.054869
6080,1,1098,10,1,11,10,1,11,5,0.364865,0.411728,455.406966,0.038499,0.00262,0.000275,5,176,0.090909,0.117409
5948,1,3269,3,0,3,3,0,3,0,0,0,0,0.004536,0,0.000103,7,4,0.166667,0.006955
3804,1,4041,1,2,3,1,2,3,8,0.255976,0.273444,37.26527,0.004297,0.00198,0.000057,8,66,0.166667,0.004374
3973,1,4040,1,1,2,1,1,2,1,1,1,2.979972,0.004297,0.000688,0.000057,9,45,0,0.004374
2859,1,3121,4,4,8,4,4,8,9,0.27163,0.305005,1147.854669,0.016916,0.009994,0.000064,3,191,0.196429,0.021797
6417,1,295,4,0,4,4,0,4,0,0,0,0,0.015102,0,0.00011,7,130,0.083333,0.036505
5102,1,1920,2,0,2,2,0,2,0,0,0,0,0.009941,0,0.000067,3,1,0.5,0.034407
4655,1,3755,2,4,6,2,4,6,8,0.225257,0.242806,189.977679,0.009442,0.005607,0.00006,9,151,0.166667,0.010648
2192,1,4039,1,2,3,1,2,3,7,0.247254,0.262699,42.420657,0.004297,0.000271,0.000057,3,208,0,0.004374
4687,1,4038,1,0,1,1,0,1,0,0,0,0,0.004297,0,0.000057,3,45,0,0.004374
3597,1,1682,5,1,6,5,1,6,8,0.264706,0.300265,279.976641,0.014172,0.003209,0.00009,4,170,0.066667,0.058547
3055,1,4037,2,4,6,2,4,6,7,0.319351,0.355856,530.590982,0.004457,0.016493,0.00007,3,60,0.1,0.005483
5785,1,691,4,1,5,4,1,5,1,1,1,1046.416427,0.010261,0.000044,0.000138,3,168,0.15,0.050827
7019,1,4035,1,0,1,1,0,1,0,0,0,0,0.004297,0,0.000057,3,45,0,0.004374
4221,1,2998,5,1,6,5,1,6,10,0.170192,0.184766,198.781254,0.023281,0.000204,0.000076,4,246,0.066667,0.03383
4892,1,1482,5,2,7,5,2,7,7,0.269958,0.301121,1405.605485,0.011568,0.002157,0.000117,3,136,0.047619,0.051876
6722,1,415,11,0,11,11,0,11,0,0,0,0,0.022904,0,0.000218,3,91,0.081818,0.171501
6003,1,1921,4,0,4,4,0,4,0,0,0,0,0.013349,0,0.000091,3,13,0.083333,0.050301
6031,1,1818,2,1,3,2,1,3,4,0.4,0.520833,306.728284,0.009941,0.000079,0.000067,3,201,0.166667,0.034407
3562,1,4031,1,0,1,1,0,1,0,0,0,0,0.004297,0,0.000057,3,45,0,0.004374
734,1,1679,2,0,2,2,0,2,0,0,0,0,0.006125,0,0.00007,3,7,0,0.017876
5147,1,1314,4,1,5,4,1,5,2,0.6,0.666667,55.840197,0.010532,0.001124,0.000098,3,134,0.05,0.045886
4690,1,1900,3,0,3,3,0,3,0,0,0,0,0.015086,0,0.00007,3,1,0.333333,0.04068
3659,1,3722,3,1,4,3,1,4,9,0.212471,0.228688,191.884095,0.01233,0.000919,0.000062,3,219,0.083333,0.0149
4475,1,4028,1,2,3,1,2,3,2,0.75,0.833333,186.307276,0.004297,0.000123,0.000057,3,67,0,0.004374
3364,1,4024,1,1,2,1,1,2,7,0.236638,0.25145,66.425951,0.004297,0.001457,0.000057,3,85,0,0.004374
2454,1,4023,2,4,6,2,4,6,9,0.284231,0.313734,2075.694549,0.00438,0.008449,0.000072,9,151,0.166667,0.005131
5826,1,595,11,1,12,11,1,12,1,1,1,1511.825916,0.023234,0.000063,0.000317,9,72,0.05303,0.159787
3155,1,1737,3,1,4,3,1,4,1,1,1,1260.870168,0.022431,0.000022,0.000068,3,81,0.166667,0.037296
6981,1,106,8,2,10,8,2,10,2,0.666667,0.75,3642.6617,0.015607,0.001179,0.00035,4,84,0.133333,0.063294
6751,1,1487,6,0,6,6,0,6,0,0,0,0,0.010899,0,0.000101,4,103,0,0.022526
2268,1,4021,1,1,2,1,1,2,9,0.26778,0.298465,0,0.004297,0.004848,0.000057,3,1,0.5,0.004374
5821,1,1893,2,0,2,2,0,2,0,0,0,0,0.009941,0,0.000067,3,1,0.5,0.034407
4047,1,4020,1,0,1,1,0,1,0,0,0,0,0.004297,0,0.000057,3,45,0,0.004374
4923,1,855,9,1,10,9,1,10,8,0.220736,0.242325,1158.876717,0.033549,0.002317,0.000113,9,81,0.122222,0.078249
3546,1,3172,2,1,3,2,1,3,12,0.180155,0.219234,282.852237,0.005328,0.000371,0.000059,3,217,0,0.007201
3822,1,2988,3,7,10,3,7,10,7,0.331073,0.370273,765.211346,0.026372,0.025569,0.000063,9,169,0.1,0.03305
2307,1,3294,2,1,3,2,1,3,9,0.26778,0.298465,0,0.019236,0.004848,0.000061,3,1,0.333333,0.023729
6362,1,1138,10,1,11,10,1,11,1,1,1,902.773663,0.025495,0.000009,0.000282,3,233,0.081818,0.071672
4495,1,1976,3,2,5,3,2,5,8,0.207182,0.264556,1299.387627,0.015086,0.000645,0.00007,3,70,0.2,0.04068
5592,1,296,4,0,4,4,0,4,0,0,0,0,0.015727,0,0.000146,7,169,0.166667,0.129571
2019,1,3386,3,18,21,3,18,21,8,0.319058,0.357637,8336.019105,0.021067,0.038216,0.000063,3,221,0.12619,0.026377
5847,1,734,4,0,4,4,0,4,0,0,0,0,0.019501,0,0.000104,3,1,0.25,0.127931
4603,1,1888,4,0,4,4,0,4,0,0,0,0,0.010002,0,0.000189,9,224,0.166667,0.037663
3837,1,4019,2,4,6,2,4,6,9,0.216504,0.230069,1192.197769,0.004347,0.00033,0.000067,6,55,0,0.005236
5170,1,1886,6,1,7,6,1,7,1,1,1,421.457709,0.01828,0.000063,0.000099,9,140,0.047619,0.047545
5869,1,2783,2,1,3,2,1,3,5,0.364865,0.411728,7.085244,0.008094,0.00262,0.000062,9,5,0.166667,0.016278
3446,1,4017,1,0,1,1,0,1,0,0,0,0,0.004297,0,0.000057,3,45,0,0.004374
2462,1,3875,2,2,4,2,2,4,11,0.209942,0.222488,277.44684,0.004413,0.000142,0.000066,4,36,0.083333,0.005485
5776,1,1355,11,1,12,11,1,12,1,1,1,262.594806,0.01951,0.000822,0.000159,3,143,0.05303,0.065173
5867,1,4012,1,0,1,1,0,1,0,0,0,0,0.004297,0,0.000057,3,45,0,0.004374
1191,1,4010,1,3,4,1,3,4,9,0.213611,0.228177,307.917553,0.004297,0.002207,0.000057,1,24,0,0.004374
5399,1,4009,1,0,1,1,0,1,0,0,0,0,0.004297,0,0.000057,3,45,0,0.004374
5871,1,1884,2,1,3,2,1,3,1,1,1,1709,0.009941,0,0.000067,3,1,0.166667,0.034407
4490,1,3486,4,2,6,4,2,6,7,0.306727,0.341689,920.960286,0.00966,0.013039,0.000083,1,78,0.033333,0.013261
357,1,1946,3,0,3,3,0,3,0,0,0,0,0.012475,0,0.000069,3,1,0.166667,0.04161
2748,1,3376,2,8,10,2,8,10,9,0.27343,0.309218,1872.783236,0.004302,0.015527,0.000082,3,2,0.044444,0.006325
4229,1,4008,1,2,3,1,2,3,9,0.269111,0.300562,49.36907,0.004297,0.005285,0.000057,3,48,0.166667,0.004374
2515,1,2839,3,2,5,3,2,5,9,0.270291,0.301516,2927.235392,0.006573,0.004988,0.000074,3,199,0.05,0.014013
6573,1,2338,2,2,4,2,2,4,8,0.217928,0.240683,1021.482835,0.009097,0.000642,0.000064,3,143,0.083333,0.022209
447,1,4001,1,4,5,1,4,5,9,0.27156,0.303952,208.986369,0.004297,0.006644,0.000057,14,57,0.05,0.004374
5413,1,1970,4,0,4,4,0,4,0,0,0,0,0.011976,0,0.000119,3,1,0.083333,0.042346
6309,1,1894,3,0,3,3,0,3,0,0,0,0,0.013325,0,0.000074,3,1,0.166667,0.048961
2050,1,3999,1,1,2,1,1,2,7,0.305104,0.33919,16.337901,0.004297,0.012207,0.000057,3,10,0,0.004374
6130,1,298,7,1,8,7,1,8,5,0.364865,0.411728,86.395871,0.03919,0.00262,0.000131,9,169,0.160714,0.095829
7059,1,1836,2,2,4,2,2,4,7,0.306262,0.341255,473.524582,0.009941,0.012417,0.000067,3,168,0.166667,0.034407
2970,1,3997,1,3,4,1,3,4,9,0.268735,0.300562,59.640353,0.004297,0.005893,0.000057,3,76,0.083333,0.004374
2092,1,3996,1,1,2,1,1,2,8,0.223168,0.238584,0,0.004297,0.001458,0.000057,3,240,0.5,0.004374
5009,1,2373,2,0,2,2,0,2,0,0,0,0,0.009097,0,0.000064,3,45,0,0.022209
2995,1,2327,3,3,6,3,3,6,9,0.284378,0.325875,1274.840874,0.024036,0.017095,0.000067,3,110,0.133333,0.041564
2790,1,3715,2,3,5,2,3,5,9,0.270287,0.301631,39.217553,0.007184,0.006067,0.000059,3,171,0.25,0.008626
4644,1,1246,6,5,11,6,5,11,10,0.168506,0.193143,10761.54993,0.007611,0.000826,0.000088,1,229,0.009091,0.028062
7092,1,3994,1,0,1,1,0,1,0,0,0,0,0.004297,0,0.000057,3,45,0,0.004374
5462,1,1948,2,0,2,2,0,2,0,0,0,0,0.009941,0,0.000067,3,1,0.5,0.034407
2018,1,1990,3,0,3,3,0,3,0,0,0,0,0.009974,0,0.000087,2,80,0.166667,0.035563
3026,1,2318,9,6,15,9,6,15,8,0.270415,0.308941,15036.32764,0.038561,0.017831,0.000092,3,46,0.07619,0.074215
3399,1,3989,1,6,7,1,6,7,9,0.299698,0.330349,576.223913,0.004297,0.016687,0.000057,7,68,0.02381,0.004374
6875,1,2768,2,0,2,2,0,2,0,0,0,0,0.008094,0,0.000062,9,45,0.5,0.016278
2356,1,2665,4,5,9,4,5,9,10,0.283385,0.320602,10411.53596,0.019467,0.012451,0.000064,3,169,0.180556,0.024221
6769,1,3986,3,0,3,3,0,3,0,0,0,0,0.004535,0,0.000064,14,230,0.166667,0.006642
5242,1,1308,8,2,10,8,2,10,3,0.5,0.595238,1454.04841,0.001687,0.000885,0.000179,7,135,0.055556,0.019936
6972,1,320,7,1,8,7,1,8,1,1,1,3443,0.00391,0,0.000635,7,218,0.017857,0.026661
1105,1,6287,0,8,8,0,8,8,11,0.233714,0.251698,0,0,0.002803,0.000056,5,236,0.142857,0
6336,1,789,5,0,5,5,0,5,0,0,0,0,0.000361,0,0.000216,5,236,0.05,0.011739
1106,1,6289,0,5,5,0,5,5,9,0.203879,0.219307,0,0,0.000836,0.000056,3,47,0,0
5185,1,6288,1,1,2,1,1,2,3,0.5,0.583333,4,0.000028,0.000758,0.000065,3,47,0,0.000757
1107,1,6291,0,7,7,0,7,7,8,0.272052,0.289646,0,0,0.003435,0.000056,7,167,0.02381,0
1246,1,6290,1,5,6,1,5,6,9,0.253077,0.283696,292.661164,0.000117,0.01638,0.000062,7,34,0.1,0.000757
3369,1,2788,2,3,5,2,3,5,9,0.223411,0.238749,1081.711721,0.003914,0.001057,0.000068,9,231,0.05,0.01266
5884,1,116,4,0,4,4,0,4,0,0,0,0,0.00853,0,0.000485,7,167,0.25,0.062644
7078,1,2098,3,0,3,3,0,3,0,0,0,0,0.000396,0,0.000121,14,68,0.166667,0.005636
1618,1,4220,4,17,21,4,17,21,9,0.227772,0.255539,909.663973,0.000688,0.002888,0.000068,14,199,0.038095,0.003847
1109,1,6292,0,6,6,0,6,6,11,0.234186,0.265359,0,0,0.005017,0.000056,9,83,0,0
4982,1,4883,1,0,1,1,0,1,0,0,0,0,0.000238,0,0.00006,2,171,0,0.001068
5004,1,1598,5,6,11,5,6,11,8,0.247253,0.311733,3014.323454,0.002231,0.002423,0.000096,14,125,0.018182,0.014773
4222,1,2039,3,1,4,3,1,4,9,0.156534,0.163945,211.431238,0.002931,0.000023,0.000073,5,102,0.083333,0.005347
3036,1,3123,4,4,8,4,4,8,7,0.312405,0.347433,833.482311,0.004414,0.013317,0.000073,9,32,0.053571,0.008649
3582,1,2087,3,1,4,3,1,4,6,0.280335,0.319154,21.47563,0.001696,0.00099,0.000095,1,94,0.25,0.006896
1114,1,6294,0,6,6,0,6,6,8,0.267121,0.284085,0,0,0.001795,0.000056,4,212,0,0
4862,1,6293,1,0,1,1,0,1,0,0,0,0,0.000061,0,0.000063,4,212,0,0.000757
6084,1,6295,0,10,10,0,10,10,8,0.273206,0.292505,0,0,0.008003,0.000056,10,65,0.011111,0
3715,1,2022,8,3,11,8,3,11,11,0.263483,0.314955,2020.615751,0.008136,0.01407,0.000105,9,174,0.109091,0.041151
1117,1,6296,0,2,2,0,2,2,4,0.451613,0.517857,0,0,0.000436,0.000056,3,188,0,0
1118,1,6297,0,2,2,0,2,2,7,0.289736,0.313395,0,0,0.002837,0.000056,14,57,0,0
4236,1,2637,4,1,5,4,1,5,8,0.226504,0.24532,113.764084,0.001586,0.000432,0.000085,10,56,0.25,0.007078
1121,1,6298,0,2,2,0,2,2,10,0.23194,0.250122,0,0,0.001218,0.000056,9,9,0,0
3041,1,4319,2,1,3,2,1,3,8,0.23708,0.253256,187.481474,0.000337,0.000785,0.000086,9,9,0,0.001613
1122,1,6299,0,1,1,0,1,1,8,0.266263,0.282219,0,0,0.001021,0.000056,9,195,0,0
1123,1,6300,0,3,3,0,3,3,8,0.246225,0.258325,0,0,0.000534,0.000056,10,80,0.166667,0
6555,1,287,4,0,4,4,0,4,0,0,0,0,0.001197,0,0.000252,9,80,0,0.048556
1125,1,6301,0,3,3,0,3,3,13,0.193636,0.218437,0,0,0.002131,0.000056,5,215,0.166667,0
4450,1,1773,5,3,8,5,3,8,8,0.243565,0.275023,2008.574331,0.015454,0.005289,0.000165,5,215,0.035714,0.027976
1127,1,6302,0,3,3,0,3,3,9,0.218882,0.231129,0,0,0.000054,0.000056,2,130,0,0
2028,1,4122,2,5,7,2,5,7,8,0.250746,0.269792,689.221241,0.000475,0.003282,0.000074,9,130,0.02381,0.001648
1128,1,6303,0,3,3,0,3,3,8,0.272232,0.291395,0,0,0.002301,0.000056,3,202,0,0
1130,1,6304,0,1,1,0,1,1,8,0.211244,0.233708,0,0,0.000832,0.000056,1,78,0,0
1131,1,6305,0,2,2,0,2,2,7,0.30545,0.340119,0,0,0.012382,0.000056,3,15,0,0
1135,1,6306,0,1,1,0,1,1,10,0.194625,0.206051,0,0,0.00005,0.000056,1,4,0,0
1655,1,3799,2,8,10,2,8,10,9,0.241505,0.264566,2468.938802,0.001483,0.002368,0.000106,1,4,0.077778,0.002971
1136,1,6307,0,3,3,0,3,3,8,0.270684,0.292245,0,0,0.002489,0.000056,4,7,0.166667,0
3698,1,6308,0,1,1,0,1,1,2,0.666667,0.75,0,0,0.001559,0.000056,10,156,0,0
1740,1,5462,1,2,3,1,2,3,7,0.289606,0.313233,5.015873,0.000221,0.002893,0.000072,5,231,0.166667,0.000851
1139,1,6309,0,1,1,0,1,1,8,0.256528,0.275567,0,0,0.002469,0.000056,9,52,0,0
4339,1,197,7,0,7,7,0,7,0,0,0,0,0.028278,0,0.000217,9,210,0.119048,0.135474
3103,1,2629,2,5,7,2,5,7,11,0.168955,0.191362,96.155763,0.002933,0.00115,0.000062,4,186,0.238095,0.009047
6407,1,471,4,1,5,4,1,5,5,0.364865,0.411728,658.531083,0.007131,0.00262,0.000139,9,176,0.05,0.019568
5862,1,311,6,2,8,6,2,8,3,0.529412,0.592593,4020.4801,0.004467,0.000911,0.000161,4,50,0.071429,0.029262
6705,1,1623,13,4,17,13,4,17,6,0.305019,0.347328,4860.470387,0.025678,0.008797,0.000231,4,20,0.055147,0.072621
4954,1,1705,4,0,4,4,0,4,0,0,0,0,0.019963,0,0.000076,4,120,0.083333,0.036477
1211,1,3050,2,0,2,2,0,2,0,0,0,0,0.001856,0,0.00006,7,21,0,0.003339
3372,1,3663,1,4,5,1,4,5,12,0.183944,0.229757,54.82909,0.001063,0.001926,0.000057,4,15,0.05,0.001325
7110,1,104,9,0,9,9,0,9,0,0,0,0,0.025145,0,0.001696,4,169,0.111111,0.105533
5827,1,621,10,0,10,10,0,10,0,0,0,0,0.021437,0,0.000194,3,94,0.022222,0.059855
6294,1,2358,4,0,4,4,0,4,0,0,0,0,0.001505,0,0.000136,4,50,0,0.008669
3833,1,2829,4,6,10,4,6,10,8,0.275042,0.299812,1418.165648,0.015252,0.008073,0.00007,4,32,0.133333,0.026591
2077,1,4228,1,5,6,1,5,6,12,0.19982,0.220713,266.587742,0.000136,0.001187,0.000059,14,68,0,0.001103
2346,1,4223,1,1,2,1,1,2,1,1,1,0,0.000136,0.000044,0.000059,10,68,0.5,0.001103
6173,1,2420,6,0,6,6,0,6,0,0,0,0,0.015631,0,0.000127,10,132,0.166667,0.026446
3351,1,4221,1,3,4,1,3,4,7,0.236012,0.26173,15.039591,0.000136,0.001193,0.000059,10,132,0.333333,0.001103
3061,1,3331,3,0,3,3,0,3,0,0,0,0,0.015093,0,0.00011,5,68,0,0.021215
1323,1,4217,1,7,8,1,7,8,8,0.243718,0.258188,1083.009156,0.000136,0.00164,0.000059,14,42,0.017857,0.001103
3090,1,3926,3,4,7,3,4,7,10,0.220106,0.241075,1487.186663,0.000245,0.003545,0.000086,4,232,0.02381,0.00332
2746,1,3657,2,2,4,2,2,4,13,0.160541,0.190071,586.780378,0.000848,0.000331,0.000077,4,169,0,0.002105
3884,1,3654,1,7,8,1,7,8,10,0.234698,0.258379,1418.026755,0.000123,0.003676,0.000061,4,20,0.142857,0.001116
6042,1,304,10,0,10,10,0,10,0,0,0,0,0.021451,0,0.000405,10,56,0.088889,0.149179
1151,1,6311,0,4,4,0,4,4,8,0.229744,0.246487,0,0,0.001701,0.000056,5,228,0.083333,0
5819,1,6310,1,1,2,1,1,2,8,0.236842,0.287487,0,0.000058,0.001216,0.000067,5,228,0.5,0.000757
1153,1,6312,0,1,1,0,1,1,9,0.191288,0.199893,0,0,0.000136,0.000056,14,57,0,0
1154,1,6313,0,1,1,0,1,1,11,0.174023,0.190683,0,0,0.000331,0.000056,4,233,0,0
1155,1,6314,0,2,2,0,2,2,9,0.218479,0.243173,0,0,0.001892,0.000056,10,187,0,0
1344,1,6315,0,1,1,0,1,1,9,0.19777,0.216355,0,0,0.0001,0.000056,8,117,0,0
3985,1,6316,0,2,2,0,2,2,8,0.269733,0.294395,0,0,0.006345,0.000056,3,1,0,0
4403,1,1688,3,1,4,3,1,4,8,0.196953,0.212066,619.948426,0.003215,0.000539,0.000084,3,48,0,0.015728
6314,1,427,6,0,6,6,0,6,0,0,0,0,0.006866,0,0.000276,10,18,0.033333,0.119958
1159,1,6317,0,1,1,0,1,1,8,0.246015,0.257653,0,0,0.000234,0.000056,10,80,0,0
1160,1,6319,0,4,4,0,4,4,7,0.265918,0.328538,0,0,0.000718,0.000056,7,66,0.083333,0
6298,1,3892,3,0,3,3,0,3,0,0,0,0,0.000235,0,0.000103,7,66,0,0.002562
2994,1,6318,1,2,3,1,2,3,7,0.254753,0.303376,8,0.000024,0.00047,0.000067,7,66,0.166667,0.000757
1161,1,6321,0,6,6,0,6,6,8,0.230726,0.265113,0,0,0.005095,0.000056,7,47,0,0
5359,1,6320,1,0,1,1,0,1,0,0,0,0,0.000173,0,0.000063,7,47,0,0.000757
4962,1,976,8,1,9,8,1,9,1,1,1,2561,0.003067,0,0.000187,7,47,0.027778,0.029021
6610,1,3598,1,0,1,1,0,1,0,0,0,0,0.001169,0,0.00006,2,205,0,0.000851
2918,1,4190,1,0,1,1,0,1,0,0,0,0,0.000035,0,0.000062,14,80,0,0.001061
5003,1,2201,2,0,2,2,0,2,0,0,0,0,0.00342,0,0.00007,14,80,0,0.015615
6920,1,3959,1,0,1,1,0,1,0,0,0,0,0.001435,0,0.000057,9,157,0,0.001527
4440,1,3952,1,0,1,1,0,1,0,0,0,0,0.001435,0,0.000057,9,157,0,0.001527
5729,1,5730,1,0,1,1,0,1,0,0,0,0,0.000023,0,0.000068,5,90,0,0.000851
159,1,6322,0,3,3,0,3,3,12,0.211066,0.251206,0,0,0.012786,0.000056,4,213,0,0
2642,1,3244,3,4,7,3,4,7,8,0.229807,0.256095,316.744752,0.015995,0.004159,0.000066,9,72,0.095238,0.021405
6078,1,446,11,1,12,11,1,12,1,1,1,855.45064,0.009677,0.000107,0.000348,4,182,0.045455,0.122513
2587,1,4504,1,0,1,1,0,1,0,0,0,0,0.001122,0,0.000057,4,97,0,0.001763
6494,1,889,11,1,12,11,1,12,1,1,1,2527.657143,0.00969,0.00009,0.00032,3,98,0.05303,0.031977
2038,1,4502,1,4,5,1,4,5,8,0.279754,0.297864,259.842514,0.001122,0.003732,0.000057,4,108,0.2,0.001763
6728,1,102,5,1,6,5,1,6,2,0.555556,0.6,403.633899,0.012421,0.001072,0.000295,9,15,0.1,0.047506
3408,1,2976,3,0,3,3,0,3,0,0,0,0,0.001535,0,0.00007,4,112,0,0.006872
2317,1,4496,1,1,2,1,1,2,2,0.555556,0.6,5.333806,0.001122,0.001072,0.000057,3,97,0,0.001763
2571,1,3078,2,3,5,2,3,5,11,0.243037,0.282768,2240.780317,0.007115,0.014866,0.00006,4,97,0.15,0.012686
5660,1,1825,4,1,5,4,1,5,5,0.293333,0.348485,1082.99213,0.01295,0.000642,0.000116,4,140,0.1,0.045695
4858,1,2470,3,2,5,3,2,5,7,0.307312,0.342102,811.917645,0.00654,0.012983,0.000069,4,97,0.05,0.022764
5106,1,2363,6,2,8,6,2,8,7,0.255556,0.300538,1489.305706,0.02835,0.002266,0.0001,4,175,0.035714,0.055771
6657,1,1307,6,0,6,6,0,6,0,0,0,0,0.007495,0,0.0002,7,110,0.033333,0.020126
5026,1,4484,1,3,4,1,3,4,12,0.195012,0.215307,67.317645,0.001122,0.000982,0.000057,4,155,0.083333,0.001763
6048,1,3620,9,1,10,9,1,10,3,0.5,0.583333,115.709839,0.001907,0.000172,0.000177,4,136,0.022222,0.010652
2067,1,4483,1,3,4,1,3,4,3,0.538462,0.666667,19.21539,0.001122,0.001446,0.000057,3,39,0,0.001763
1281,1,4482,1,1,2,1,1,2,3,0.5,0.611111,13.125,0.001122,0.000166,0.000057,12,143,0,0.001763
4420,1,1260,10,2,12,10,2,12,8,0.229148,0.254023,3390.131127,0.005675,0.001819,0.000171,4,169,0.037879,0.02256
1171,1,6323,0,1,1,0,1,1,3,0.5,0.583333,0,0,0.000958,0.000056,4,202,0,0
1172,1,6324,0,2,2,0,2,2,10,0.154774,0.162795,0,0,0.000006,0.000056,14,45,0,0
2693,1,4420,1,4,5,1,4,5,9,0.283537,0.321618,52.004735,0.001106,0.012972,0.000058,8,154,0.05,0.00115
5370,1,861,5,1,6,5,1,6,7,0.252085,0.270203,61.960122,0.008298,0.001956,0.000107,4,85,0.266667,0.0244
3251,1,3650,3,1,4,3,1,4,8,0.205546,0.220552,98.190563,0.001602,0.00014,0.000068,10,146,0,0.005898
3547,1,3789,3,7,10,3,7,10,11,0.24886,0.269533,509.062928,0.00173,0.008971,0.000066,9,47,0.022222,0.004971
1176,1,6325,0,2,2,0,2,2,10,0.218371,0.234516,0,0,0.001611,0.000056,3,1,0,0
3606,1,1997,2,0,2,2,0,2,0,0,0,0,0.005699,0,0.000089,3,1,0,0.030789
4938,1,1541,6,0,6,6,0,6,0,0,0,0,0.003633,0,0.000134,1,161,0.1,0.014882
1181,1,6326,0,2,2,0,2,2,7,0.246126,0.264563,0,0,0.001525,0.000056,3,233,0,0
1183,1,6327,0,4,4,0,4,4,9,0.213631,0.228574,0,0,0.002589,0.000056,10,188,0,0
1584,1,3243,3,9,12,3,9,12,8,0.260358,0.282129,8430.575771,0.015393,0.004203,0.000075,11,143,0,0.021068
4316,1,4216,3,2,5,3,2,5,10,0.163611,0.183899,43.131981,0.000522,0.000436,0.000072,14,42,0.1,0.002581
5744,1,937,7,1,8,7,1,8,7,0.258065,0.321726,570.88281,0.017726,0.001517,0.000181,4,204,0.017857,0.040239
1187,1,6328,0,2,2,0,2,2,10,0.22057,0.242744,0,0,0.001493,0.000056,7,243,0,0
6544,1,671,5,1,6,5,1,6,1,1,1,597.294155,0.001486,0.000068,0.000302,7,243,0.066667,0.022589
1188,1,6329,0,1,1,0,1,1,7,0.289388,0.312833,0,0,0.00283,0.000056,5,8,0,0
3707,1,6331,0,2,2,0,2,2,10,0.168561,0.199929,0,0,0.000154,0.000056,10,226,0,0
3611,1,6330,1,0,1,1,0,1,0,0,0,0,0.000005,0,0.000079,10,226,0,0.000757
1192,1,6333,0,4,4,0,4,4,11,0.184808,0.196645,0,0,0.000269,0.000056,11,237,0.083333,0
1325,1,6332,1,2,3,1,2,3,11,0.189094,0.202738,100.729007,0.000009,0.001464,0.000067,11,237,0.166667,0.000757
1194,1,6334,0,1,1,0,1,1,1,1,1,0,0,0.000209,0.000056,3,226,0,0
5919,1,1091,4,0,4,4,0,4,0,0,0,0,0.006142,0,0.000208,3,226,0,0.034384
1196,1,6335,0,1,1,0,1,1,10,0.166983,0.190837,0,0,0.000154,0.000056,10,226,0,0
1199,1,6336,0,3,3,0,3,3,7,0.290483,0.314618,0,0,0.005247,0.000056,8,117,0,0
5297,1,4713,1,0,1,1,0,1,0,0,0,0,0.000028,0,0.000069,11,179,0,0.000962
5279,1,4712,1,1,2,1,1,2,3,0.5,0.611111,15,0.000028,0,0.000069,1,91,0,0.000962
1202,1,6337,0,2,2,0,2,2,10,0.195213,0.207217,0,0,0.000422,0.000056,6,93,0.5,0
384,1,6338,0,6,6,0,6,6,7,0.285689,0.304477,0,0,0.004374,0.000056,7,53,0.166667,0
6131,1,527,7,1,8,7,1,8,2,0.666667,0.75,607.240962,0.003921,0.000555,0.000238,7,53,0.053571,0.039695
3783,1,2444,8,0,8,8,0,8,0,0,0,0,0.007057,0,0.000107,9,72,0.071429,0.029096
4736,1,4609,2,1,3,2,1,3,4,0.428571,0.490741,11.658333,0.000277,0.000245,0.000068,10,178,0,0.001847
3428,1,4359,3,3,6,3,3,6,8,0.265729,0.285523,712.469395,0.003129,0.001384,0.000068,9,178,0.1,0.006065
1206,1,6339,0,1,1,0,1,1,4,0.388889,0.464286,0,0,0.001173,0.000056,11,231,0,0
1931,1,4494,1,0,1,1,0,1,0,0,0,0,0,0,0.000087,7,214,0,0.001004
2945,1,4365,5,4,9,5,4,9,8,0.277778,0.329266,349.465839,0.002861,0.003755,0.00013,3,210,0,0.006552
6743,1,512,9,1,10,9,1,10,2,0.555556,0.6,168.72332,0.001102,0.001072,0.000206,14,148,0.122222,0.021291
3748,1,2401,3,0,3,3,0,3,0,0,0,0,0.001417,0,0.000103,3,221,0.166667,0.006475
2733,1,4083,1,3,4,1,3,4,10,0.18333,0.210952,10.882576,0.000185,0.002024,0.000065,10,34,0.166667,0.000899
2480,1,3930,3,4,7,3,4,7,14,0.159892,0.173593,303.982137,0.000995,0.00114,0.000071,14,65,0.047619,0.004012
2483,1,4000,1,2,3,1,2,3,9,0.191436,0.200702,26.611652,0.000226,0.000958,0.000068,14,57,0,0.001063
1215,1,6340,0,2,2,0,2,2,10,0.217864,0.235086,0,0,0.002023,0.000056,3,9,0,0
1216,1,6341,0,1,1,0,1,1,11,0.165628,0.177073,0,0,0.000002,0.000056,14,39,0,0
5672,1,358,9,1,10,9,1,10,1,1,1,862.523645,0.001932,0.000269,0.000249,1,80,0.022222,0.046664
5559,1,2624,2,0,2,2,0,2,0,0,0,0,0.000312,0,0.000085,2,80,0,0.004486
6994,1,6342,0,2,2,0,2,2,14,0.153528,0.187188,0,0,0.000651,0.000056,2,80,0,0
1219,1,6343,0,5,5,0,5,5,9,0.280452,0.312167,0,0,0.014913,0.000056,3,122,0,0
6806,1,827,11,1,12,11,1,12,1,1,1,32.126194,0.00714,0.000688,0.000387,3,43,0.022727,0.048777
5178,1,3097,2,6,8,2,6,8,8,0.259275,0.281287,1406.044842,0.002018,0.002903,0.000064,7,51,0.053571,0.005272
1222,1,6344,0,2,2,0,2,2,9,0.194214,0.206092,0,0,0.000788,0.000056,4,239,0.5,0
1223,1,6345,0,2,2,0,2,2,10,0.189445,0.199782,0,0,0.000957,0.000056,9,45,0,0
1225,1,6346,0,2,2,0,2,2,9,0.195367,0.207955,0,0,0.000274,0.000056,1,37,0,0
2496,1,2842,3,1,4,3,1,4,10,0.218772,0.238129,945.379479,0.017632,0.001795,0.000067,9,123,0.083333,0.028954
4515,1,2182,4,3,7,4,3,7,9,0.175,0.239531,278.312632,0.015604,0.000826,0.000087,11,69,0,0.022541
3866,1,2562,3,0,3,3,0,3,0,0,0,0,0.006806,0,0.000071,4,123,0,0.015452
2455,1,3114,2,2,4,2,2,4,7,0.245189,0.262794,2358.702782,0.000491,0.001117,0.000075,5,123,0,0.001912
4195,1,4121,1,4,5,1,4,5,8,0.242896,0.262716,44.607143,0.000473,0.003973,0.000058,9,83,0.05,0.000891
2770,1,4257,2,0,2,2,0,2,0,0,0,0,0.003051,0,0.000062,3,130,0,0.004387
1228,1,6347,0,1,1,0,1,1,3,0.466667,0.52381,0,0,0.000055,0.000056,3,47,0,0
6587,1,249,3,0,3,3,0,3,0,0,0,0,0.002916,0,0.000254,5,152,0,0.028071
6586,1,4156,1,0,1,1,0,1,0,0,0,0,0.001504,0,0.000058,9,152,0,0.001966
4055,1,3311,2,1,3,2,1,3,8,0.246055,0.266334,75.914284,0.016443,0.002603,0.000062,5,152,0.166667,0.021321
2754,1,3471,2,3,5,2,3,5,8,0.26341,0.298316,764.052559,0.016443,0.014846,0.000062,5,42,0.1,0.021321
3001,1,3348,2,4,6,2,4,6,8,0.258623,0.284668,235.501956,0.016443,0.007548,0.000062,5,73,0.166667,0.021321
4252,1,1735,3,0,3,3,0,3,0,0,0,0,0.019638,0,0.000069,5,152,0.166667,0.034888
5950,1,1128,3,2,5,3,2,5,5,0.323944,0.405797,149.923411,0.011836,0.001613,0.000068,5,162,0,0.024854
1594,1,4153,1,4,5,1,4,5,2,0.833333,0.9,134.764134,0.001504,0.000068,0.000058,5,103,0,0.001966
3660,1,4149,1,1,2,1,1,2,1,1,1,36,0.001504,0.000002,0.000058,5,154,0,0.001966
4985,1,1124,4,3,7,4,3,7,7,0.257206,0.306568,785.170743,0.004794,0.003177,0.000127,5,9,0.02381,0.017241
7103,1,1726,3,0,3,3,0,3,0,0,0,0,0.000155,0,0.000098,1,174,0,0.005239
5374,1,4872,1,0,1,1,0,1,0,0,0,0,0.000356,0,0.000066,1,39,0,0.000851
1444,1,6014,2,0,2,2,0,2,0,0,0,0,0.000145,0,0.000073,5,204,0.5,0.0019
1234,1,6348,0,7,7,0,7,7,11,0.183063,0.196445,0,0,0.000774,0.000056,14,148,0.285714,0
2276,1,1066,7,3,10,7,3,10,6,0.329412,0.402976,266.697787,0.000524,0.000806,0.000142,14,148,0.188889,0.010028
4005,1,3763,2,2,4,2,2,4,7,0.265487,0.329206,22.946486,0.000169,0.000201,0.000068,14,166,0.166667,0.001901
4864,1,3645,4,9,13,4,9,13,10,0.188944,0.210395,1043.303759,0.000389,0.002674,0.000079,14,148,0.128205,0.004355
6900,1,663,5,0,5,5,0,5,0,0,0,0,0.016699,0,0.000123,10,102,0.05,0.035822
2228,1,1026,8,1,9,8,1,9,6,0.300532,0.336947,491.481145,0.005287,0.007372,0.00018,7,68,0.055556,0.04481
6109,1,6350,0,4,4,0,4,4,7,0.29347,0.317745,0,0,0.004757,0.000056,14,83,0,0
1778,1,6349,1,6,7,1,6,7,8,0.267308,0.288837,199.437697,0.000162,0.003246,0.000067,1,83,0.02381,0.000757
1239,1,6351,0,1,1,0,1,1,1,1,1,0,0,0.000513,0.000056,5,68,0,0
1358,1,6356,0,4,4,0,4,4,9,0.203376,0.216772,0,0,0.001284,0.000056,3,12,0.083333,0
3244,1,6353,3,4,7,3,4,7,9,0.215205,0.229106,1433.454267,0.00014,0.00186,0.000119,3,12,0.214286,0.002558
1842,1,6355,1,10,11,1,10,11,9,0.245034,0.26422,1027.842708,0.000044,0.002786,0.000067,3,12,0.081818,0.000757
1241,1,6357,0,1,1,0,1,1,7,0.289388,0.312833,0,0,0.00283,0.000056,5,8,0,0
6110,1,6358,0,3,3,0,3,3,9,0.261444,0.282143,0,0,0.006223,0.000056,7,169,0.333333,0
2429,1,4506,1,2,3,1,2,3,7,0.245267,0.262972,359.352089,0.000077,0.002145,0.000068,4,151,0.166667,0.00101
6957,1,263,10,1,11,10,1,11,1,1,1,889.625675,0.030262,0.000184,0.000329,9,151,0.090909,0.160492
1243,1,6359,0,2,2,0,2,2,7,0.290751,0.315226,0,0,0.004625,0.000056,5,8,0.5,0
1244,1,6361,0,3,3,0,3,3,9,0.260899,0.283311,0,0,0.002995,0.000056,3,94,0.166667,0
1368,1,6360,1,1,2,1,1,2,9,0.260725,0.282667,0,0.000102,0.002263,0.000071,3,94,0.5,0.000757
1245,1,6362,0,1,1,0,1,1,2,0.666667,0.75,0,0,0.000088,0.000056,5,66,0,0
1248,1,6363,0,1,1,0,1,1,10,0.218772,0.238129,0,0,0.001795,0.000056,5,142,0,0
1249,1,6364,0,2,2,0,2,2,9,0.221024,0.235914,0,0,0.00019,0.000056,9,168,0,0
677,1,6365,0,6,6,0,6,6,8,0.26744,0.284512,0,0,0.001693,0.000056,6,51,0.066667,0
4469,1,2524,6,0,6,6,0,6,0,0,0,0,0.003787,0,0.000095,7,12,0.033333,0.016993
1252,1,6367,0,1,1,0,1,1,2,0.6,0.666667,0,0,0,0.000056,8,154,0,0
2327,1,6366,1,2,3,1,2,3,1,1,1,2,0,0.000168,0.000103,8,154,0,0.000757
6207,1,6368,0,1,1,0,1,1,9,0.19414,0.201691,0,0,0.000164,0.000056,3,131,0,0
1253,1,6369,0,6,6,0,6,6,8,0.248529,0.265357,0,0,0.004521,0.000056,9,16,0.133333,0
5926,1,1284,8,2,10,8,2,10,5,0.282609,0.391026,195.048842,0.009325,0.00107,0.00016,1,16,0.111111,0.027799
4285,1,2556,4,2,6,4,2,6,11,0.174681,0.196351,1665.83792,0.001389,0.000531,0.000114,4,67,0.066667,0.009291
3718,1,6370,0,1,1,0,1,1,10,0.220263,0.234176,0,0,0.000656,0.000056,10,24,0,0
1258,1,6371,0,1,1,0,1,1,1,1,1,0,0,0.000011,0.000056,3,235,0,0
1260,1,6372,0,1,1,0,1,1,5,0.364865,0.411728,0,0,0.00262,0.000056,7,5,0,0
1263,1,6373,0,1,1,0,1,1,8,0.248137,0.262888,0,0,0.00032,0.000056,3,130,0,0
1264,1,6374,0,1,1,0,1,1,11,0.181539,0.193514,0,0,0.000077,0.000056,1,62,0,0
3334,1,2569,2,3,5,2,3,5,9,0.274336,0.307445,9055.004099,0.000513,0.005392,0.000067,4,53,0,0.004499
2637,1,3304,3,1,4,3,1,4,9,0.258737,0.276982,16118.21107,0.001001,0.001654,0.000067,14,65,0.166667,0.00725
6011,1,887,11,3,14,11,3,14,2,0.8,0.875,335.471864,0.00168,0.00048,0.000184,14,65,0.126374,0.025075
311,1,4815,2,4,6,2,4,6,8,0.266097,0.287515,1269.568147,0.000352,0.002579,0.000061,14,65,0.166667,0.001924
1266,1,6375,0,1,1,0,1,1,3,0.5,0.533333,0,0,0.000249,0.000056,9,143,0,0
7013,1,91,9,0,9,9,0,9,0,0,0,0,0.001634,0,0.000787,10,178,0.041667,0.030454
6792,1,3134,3,1,4,3,1,4,9,0.199954,0.212545,283.272375,0.001977,0.000106,0.000091,3,134,0.083333,0.006875
2703,1,4415,1,3,4,1,3,4,1,1,1,66.877381,0.000469,0.000272,0.000057,7,53,0,0.001432
2760,1,2880,2,3,5,2,3,5,11,0.22659,0.245542,442.054533,0.000611,0.001126,0.000064,9,34,0.05,0.002875
1901,1,3889,2,7,9,2,7,9,8,0.251311,0.271003,570.57309,0.001701,0.006064,0.000059,1,149,0.027778,0.004074
1271,1,6377,0,4,4,0,4,4,10,0.22517,0.250989,0,0,0.001883,0.000056,3,231,0,0
1852,1,6376,2,1,3,2,1,3,7,0.23428,0.254566,32.179149,0.000096,0.000643,0.000077,3,231,0,0.001514
1272,1,6378,0,5,5,0,5,5,7,0.301089,0.329852,0,0,0.018547,0.000056,9,143,0.05,0
1273,1,6379,0,1,1,0,1,1,10,0.215911,0.226363,0,0,0.000029,0.000056,7,13,0,0
5822,1,2438,3,0,3,3,0,3,0,0,0,0,0.002531,0,0.00007,1,168,0,0.011092
5041,1,1811,6,1,7,6,1,7,7,0.254682,0.28771,149.453072,0.001145,0.000425,0.000119,14,29,0.02381,0.012969
5309,1,3780,5,4,9,5,4,9,11,0.182293,0.202685,438.764229,0.001925,0.000564,0.000079,14,42,0.041667,0.00687
1279,1,6380,0,1,1,0,1,1,10,0.1821,0.189572,0,0,0.000167,0.000056,14,12,0,0
5942,1,6383,0,5,5,0,5,5,8,0.267311,0.290688,0,0,0.004246,0.000056,8,80,0,0
2293,1,6382,1,2,3,1,2,3,8,0.257061,0.276763,381.683151,0.000144,0.002795,0.000065,8,80,0,0.000757
1357,1,6381,1,4,5,1,4,5,9,0.229632,0.24704,101.469342,0.000144,0.002037,0.000065,8,80,0,0.000757
2182,1,4259,4,1,5,4,1,5,7,0.236641,0.255086,18.58631,0.004334,0.001408,0.000074,9,80,0,0.006964
1282,1,6384,0,1,1,0,1,1,7,0.305104,0.33919,0,0,0.012207,0.000056,9,10,0,0
3068,1,3394,4,5,9,4,5,9,11,0.225115,0.244955,601.972294,0.002932,0.003596,0.000074,9,127,0.027778,0.00702
1912,1,2966,3,0,3,3,0,3,0,0,0,0,0.004021,0,0.000105,8,154,0,0.010268
5766,1,361,5,3,8,5,3,8,6,0.269231,0.31994,518.651134,0.002977,0.001879,0.00014,9,239,0.053571,0.025582
1284,1,6386,0,7,7,0,7,7,9,0.191129,0.213242,0,0,0.001744,0.000056,4,18,0,0
4604,1,6385,1,0,1,1,0,1,0,0,0,0,0.000059,0,0.000062,4,18,0,0.000757
1285,1,6387,0,4,4,0,4,4,10,0.288252,0.323911,0,0,0.017622,0.000056,9,7,0.083333,0
1286,1,6388,0,1,1,0,1,1,7,0.305104,0.33919,0,0,0.012207,0.000056,9,10,0,0
1287,1,6389,0,1,1,0,1,1,1,1,1,0,0,0.000021,0.000056,7,5,0,0
4183,1,2451,2,0,2,2,0,2,0,0,0,0,0.000627,0,0.00011,7,5,0,0.003994
1288,1,6390,0,3,3,0,3,3,10,0.226249,0.241695,0,0,0.000978,0.000056,4,200,0,0
1289,1,6391,0,1,1,0,1,1,9,0.260725,0.282667,0,0,0.002263,0.000056,3,94,0,0
1293,1,6392,0,1,1,0,1,1,9,0.205379,0.223587,0,0,0.000363,0.000056,4,120,0,0
5197,1,1965,4,2,6,4,2,6,9,0.209821,0.237707,434.853836,0.00583,0.00326,0.000101,4,103,0.033333,0.033242
3661,1,2974,4,5,9,4,5,9,4,0.478261,0.651515,1460.29776,0.002713,0.001394,0.000107,3,102,0.027778,0.009943
2656,1,4176,2,2,4,2,2,4,4,0.428571,0.569444,24.87619,0.000205,0.000254,0.000083,4,136,0,0.002128
1297,1,6393,0,3,3,0,3,3,8,0.26373,0.283318,0,0,0.002224,0.000056,4,178,0,0
6396,1,4146,1,0,1,1,0,1,0,0,0,0,0.000785,0,0.00006,1,213,0,0.000986
3644,1,4144,1,1,2,1,1,2,3,0.444444,0.541667,17.727778,0.000785,0.000007,0.00006,7,213,0,0.000986
5256,1,786,6,1,7,6,1,7,1,1,1,35.878791,0.003035,0.000688,0.000194,3,42,0.02381,0.035316
1300,1,6394,0,1,1,0,1,1,7,0.19281,0.223487,0,0,0.000006,0.000056,3,96,0,0
1301,1,6395,0,3,3,0,3,3,9,0.228758,0.242429,0,0,0.000591,0.000056,2,166,0.166667,0
6794,1,551,3,0,3,3,0,3,0,0,0,0,0.000043,0,0.000504,2,166,0.166667,0.012998
5834,1,1254,10,1,11,10,1,11,1,1,1,941.121419,0.003181,0.000047,0.000255,6,43,0,0.019689
1305,1,6396,0,1,1,0,1,1,3,0.5,0.583333,0,0,0.000382,0.000056,9,123,0,0
6933,1,2251,3,0,3,3,0,3,0,0,0,0,0.000238,0,0.000116,10,166,0.166667,0.003547
1307,1,6397,0,1,1,0,1,1,6,0.300532,0.336947,0,0,0.007372,0.000056,2,3,0,0
1741,1,3969,3,3,6,3,3,6,6,0.340909,0.471111,30.116898,0.001428,0.00037,0.000066,14,32,0.166667,0.003708
7109,1,49,18,0,18,18,0,18,0,0,0,0,0.009043,0,0.001682,1,145,0.045752,0.086768
3494,1,2979,2,1,3,2,1,3,11,0.157817,0.169092,288.919631,0.000503,0.000078,0.000066,1,209,0,0.004006
286,1,5711,2,1,3,2,1,3,1,1,1,5,0.000349,0,0.000075,15,73,0,0.001707
5177,1,5709,1,2,3,1,2,3,2,0.666667,0.75,5.474727,0.000311,0.000299,0.000059,1,73,0,0.00095
5310,1,1916,2,0,2,2,0,2,0,0,0,0,0.005955,0,0.000069,3,73,0.5,0.030982
1309,1,6398,0,2,2,0,2,2,7,0.301352,0.328342,0,0,0.005092,0.000056,3,8,0,0
1313,1,6399,0,4,4,0,4,4,7,0.265202,0.280777,0,0,0.001745,0.000056,1,65,0,0
1242,1,1610,4,0,4,4,0,4,0,0,0,0,0.003924,0,0.000127,4,6,0.083333,0.023006
7096,1,433,5,0,5,5,0,5,0,0,0,0,0.000844,0,0.000317,1,118,0.05,0.01872
4188,1,4114,2,2,4,2,2,4,9,0.209302,0.235514,53.16216,0.000156,0.000134,0.00007,14,130,0,0.002343
3184,1,2864,2,2,4,2,2,4,8,0.264388,0.283776,713.206227,0.007225,0.004156,0.000066,3,61,0,0.010682
2873,1,6400,0,1,1,0,1,1,8,0.25624,0.270013,0,0,0.000379,0.000056,7,21,0,0
3969,1,1162,12,1,13,12,1,13,6,0.318182,0.369841,274.878858,0.005137,0.004187,0.000209,14,87,0.051282,0.047728
6255,1,3686,5,1,6,5,1,6,3,0.5,0.611111,29.892857,0.000404,0.000285,0.000154,14,42,0.1,0.005178
1324,1,6401,0,2,2,0,2,2,8,0.218357,0.239952,0,0,0.000281,0.000056,1,57,0.5,0
1326,1,6402,0,1,1,0,1,1,8,0.210963,0.227765,0,0,0.000306,0.000056,4,233,0,0
5851,1,732,6,3,9,6,3,9,8,0.271394,0.317375,1920.779093,0.025899,0.004269,0.000104,7,239,0.083333,0.106169
3895,1,1966,4,4,8,4,4,8,7,0.316623,0.3532,1975.956258,0.007753,0.014742,0.000098,1,16,0.053571,0.035371
3303,1,2275,4,1,5,4,1,5,11,0.143876,0.158513,2584.079201,0.005641,0.000088,0.000107,4,209,0.1,0.023044
4468,1,2269,2,3,5,2,3,5,7,0.259887,0.320704,553.480525,0.004313,0.000748,0.000066,9,235,0.1,0.016074
5832,1,757,12,0,12,12,0,12,0,0,0,0,0.013223,0,0.000228,9,231,0.030303,0.117369
4465,1,3473,2,1,3,2,1,3,9,0.215613,0.240801,120.42619,0.000322,0.000225,0.000115,7,71,0.166667,0.002336
1333,1,6403,0,2,2,0,2,2,6,0.309524,0.419231,0,0,0.000292,0.000056,3,131,0,0
3300,1,2570,6,2,8,6,2,8,10,0.198477,0.210448,8183.309199,0.000715,0.000883,0.000197,4,120,0,0.009898
5460,1,359,5,0,5,5,0,5,0,0,0,0,0.00212,0,0.000176,4,233,0.05,0.022093
1380,1,4490,1,6,7,1,6,7,10,0.197175,0.214948,673.029102,0.000549,0.00137,0.000058,9,45,0,0.001116
2080,1,4214,1,1,2,1,1,2,9,0.191288,0.199893,12.170988,0.000153,0.000136,0.000062,14,57,0,0.001173
1761,1,4212,1,6,7,1,6,7,8,0.303949,0.332448,1806.447835,0.000153,0.01868,0.000062,4,96,0.02381,0.001173
1338,1,6404,0,3,3,0,3,3,8,0.274227,0.293234,0,0,0.003456,0.000056,6,146,0.166667,0
5799,1,4395,1,1,2,1,1,2,5,0.315789,0.422222,10.5,0,0.000065,0.000123,3,33,0,0.000851
3362,1,5743,1,0,1,1,0,1,0,0,0,0,0.000117,0,0.00006,1,187,0,0.000851
6791,1,380,11,5,16,11,5,16,4,0.55,0.689394,782.144571,0.007665,0.002578,0.000196,1,215,0.1125,0.039691
1342,1,6406,0,6,6,0,6,6,12,0.247722,0.269383,0,0,0.002272,0.000056,5,63,0,0
2885,1,2606,2,4,6,2,4,6,9,0.269201,0.30108,8962.301244,0.001947,0.005143,0.000068,4,143,0,0.008478
6735,1,121,4,0,4,4,0,4,0,0,0,0,0.015722,0,0.000531,5,63,0.083333,0.061553
3101,1,6405,1,0,1,1,0,1,0,0,0,0,0.000077,0,0.000063,5,63,0,0.000757
1343,1,6407,0,6,6,0,6,6,8,0.244941,0.264752,0,0,0.002152,0.000056,4,75,0.033333,0
1156,1,6408,0,1,1,0,1,1,1,1,1,0,0,0.0008,0.000056,5,82,0,0
5223,1,1852,7,1,8,7,1,8,2,0.666667,0.75,26.43019,0.001845,0.000114,0.000131,10,32,0.107143,0.008985
1558,1,4650,1,4,5,1,4,5,9,0.244438,0.282633,402.262087,0.000078,0.012816,0.00006,10,214,0.05,0.000981
3008,1,4646,1,0,1,1,0,1,0,0,0,0,0.000078,0,0.00006,10,32,0,0.000981
1346,1,6409,0,10,10,0,10,10,7,0.321884,0.355985,0,0,0.025,0.000056,14,63,0.055556,0
3374,1,943,2,0,2,2,0,2,0,0,0,0,0.003398,0,0.000074,14,63,0,0.022279
1347,1,6411,0,4,4,0,4,4,9,0.224741,0.253497,0,0,0.010164,0.000056,2,56,0,0
3891,1,6410,1,0,1,1,0,1,0,0,0,0,0.000346,0,0.000067,2,56,0,0.000757
3695,1,3687,2,2,4,2,2,4,8,0.216532,0.22902,2117.953627,0.000047,0.001254,0.000103,1,45,0,0.001815
6505,1,745,4,0,4,4,0,4,0,0,0,0,0.001007,0,0.000246,5,236,0.083333,0.020063
3073,1,2291,3,1,4,3,1,4,9,0.26778,0.298465,6802.80544,0.004244,0.004848,0.000072,3,70,0,0.018397
2305,1,3295,2,1,3,2,1,3,7,0.252796,0.292583,29.810001,0.01537,0.002263,0.000064,5,236,0.166667,0.021425
5105,1,2912,3,2,5,3,2,5,6,0.246951,0.282716,207.435501,0.000459,0.000365,0.000091,5,146,0.1,0.004695
4162,1,1125,3,0,3,3,0,3,0,0,0,0,0.018566,0,0.000071,5,236,0.166667,0.034992
224,1,4078,6,0,6,6,0,6,0,0,0,0,0.000607,0,0.000216,3,150,0,0.006212
2099,1,4586,1,2,3,1,2,3,9,0.196476,0.213788,29.552051,0.000431,0.000591,0.00006,5,174,0,0.00207
4944,1,1100,2,1,3,2,1,3,8,0.200472,0.215159,235.691904,0.001218,0.000531,0.00007,14,39,0,0.007451
1353,1,6412,0,3,3,0,3,3,12,0.178509,0.191048,0,0,0.000045,0.000056,1,96,0,0
3384,1,37,10,0,10,10,0,10,0,0,0,0,0.003487,0,0.000581,1,78,0.088889,0.040493
5704,1,6413,0,1,1,0,1,1,10,0.200812,0.214746,0,0,0.000693,0.000056,9,58,0,0
6764,1,617,3,0,3,3,0,3,0,0,0,0,0.005091,0,0.000165,8,80,0,0.084916
3239,1,4519,2,0,2,2,0,2,0,0,0,0,0.000219,0,0.000078,2,118,0,0.001822
3732,1,6414,0,7,7,0,7,7,10,0.207495,0.224921,0,0,0.004502,0.000056,5,66,0.02381,0
1361,1,6415,0,1,1,0,1,1,8,0.193783,0.207884,0,0,0.000185,0.000056,1,216,0,0
1362,1,6416,0,2,2,0,2,2,8,0.27631,0.298947,0,0,0.013228,0.000056,9,10,0,0
1363,1,6417,0,1,1,0,1,1,1,1,1,0,0,0.000046,0.000056,1,149,0,0
1366,1,6418,0,2,2,0,2,2,10,0.238414,0.257858,0,0,0.00237,0.000056,3,38,0,0
1370,1,6420,0,3,3,0,3,3,7,0.305776,0.34102,0,0,0.012247,0.000056,10,168,0,0
2501,1,3928,2,1,3,2,1,3,1,1,1,17.783333,0.000755,0.000201,0.000075,10,168,0,0.002046
4149,1,6419,1,0,1,1,0,1,0,0,0,0,0.000417,0,0.000071,10,168,0,0.000757
1371,1,6421,0,2,2,0,2,2,9,0.267821,0.298753,0,0,0.005045,0.000056,3,1,0.5,0
4017,1,1985,2,0,2,2,0,2,0,0,0,0,0.005816,0,0.000089,3,1,0.5,0.030789
1372,1,6422,0,1,1,0,1,1,10,0.209459,0.221707,0,0,0.000021,0.000056,4,217,0,0
1373,1,6423,0,5,5,0,5,5,7,0.306811,0.336697,0,0,0.019454,0.000056,5,66,0.1,0
1374,1,6425,0,2,2,0,2,2,7,0.289447,0.313032,0,0,0.002833,0.000056,5,8,0,0
4026,1,6424,1,0,1,1,0,1,0,0,0,0,0.000096,0,0.000079,5,8,0,0.000757
1375,1,6426,0,5,5,0,5,5,11,0.201108,0.218175,0,0,0.000388,0.000056,6,223,0.25,0
4929,1,921,12,9,21,12,9,21,8,0.233083,0.28851,10798.89474,0.003567,0.001342,0.000186,6,223,0.104762,0.033698
3004,1,2879,5,11,16,5,11,16,8,0.271028,0.294846,5566.390123,0.000755,0.003351,0.000098,6,223,0.104167,0.005995
3015,1,2878,4,5,9,4,5,9,9,0.207301,0.251735,168.039015,0.000452,0.000843,0.000084,6,223,0.152778,0.004757
5558,1,781,2,0,2,2,0,2,0,0,0,0,0.005007,0,0.000091,9,127,0,0.076734
5251,1,2343,2,1,3,2,1,3,1,1,1,819.235317,0.000959,0.000098,0.000072,3,243,0,0.005283
1377,1,6427,0,1,1,0,1,1,7,0.305104,0.33919,0,0,0.012207,0.000056,9,10,0,0
1379,1,6428,0,1,1,0,1,1,8,0.22707,0.238023,0,0,0.000303,0.000056,9,210,0,0
3560,1,3704,2,0,2,2,0,2,0,0,0,0,0.005192,0,0.000067,9,45,0,0.007144
1381,1,6429,0,2,2,0,2,2,8,0.208791,0.267654,0,0,0.000424,0.000056,3,233,0,0
2958,1,4409,1,1,2,1,1,2,1,1,1,114,0.000993,0.000003,0.000059,3,80,0,0.001702
1905,1,4407,1,0,1,1,0,1,0,0,0,0,0.000993,0,0.000059,10,80,0,0.001702
2801,1,4406,1,0,1,1,0,1,0,0,0,0,0.000993,0,0.000059,10,80,0,0.001702
3668,1,1704,7,7,14,7,7,14,11,0.218679,0.256796,3228.436415,0.020908,0.01545,0.000114,1,175,0.115385,0.04524
6085,1,4405,1,0,1,1,0,1,0,0,0,0,0.000993,0,0.000059,10,80,0,0.001702
1695,1,4404,1,8,9,1,8,9,9,0.242343,0.263606,142.142123,0.000993,0.002216,0.000059,10,148,0.041667,0.001702
3764,1,4403,1,0,1,1,0,1,0,0,0,0,0.000993,0,0.000059,10,80,0,0.001702
6622,1,1304,2,0,2,2,0,2,0,0,0,0,0.000997,0,0.000105,7,80,0,0.003914
2915,1,2724,2,0,2,2,0,2,0,0,0,0,0.001688,0,0.000068,10,80,0,0.006379
2592,1,4402,1,3,4,1,3,4,9,0.278592,0.309751,757.952075,0.000993,0.015026,0.000059,5,68,0,0.001702
4142,1,2130,3,4,7,3,4,7,7,0.25124,0.278229,405.474556,0.004458,0.00982,0.000067,10,244,0.166667,0.012552
4996,1,2775,2,2,4,2,2,4,8,0.202381,0.22091,38.102407,0.003014,0.001655,0.000065,3,80,0.083333,0.008885
3487,1,4401,1,0,1,1,0,1,0,0,0,0,0.000993,0,0.000059,10,80,0,0.001702
1383,1,6430,0,2,2,0,2,2,10,0.182679,0.224671,0,0,0.001516,0.000056,3,240,0,0
1385,1,6431,0,4,4,0,4,4,8,0.274732,0.304186,0,0,0.015843,0.000056,9,236,0.166667,0
4875,1,1368,5,1,6,5,1,6,3,0.454545,0.533333,413.87959,0.002783,0.000026,0.000107,7,12,0,0.021202
3738,1,6432,0,3,3,0,3,3,10,0.202557,0.213847,0,0,0.000161,0.000056,2,151,0,0
6406,1,170,8,0,8,8,0,8,0,0,0,0,0.007365,0,0.000283,10,132,0.071429,0.106419
1389,1,6433,0,1,1,0,1,1,11,0.201246,0.219661,0,0,0.000178,0.000056,10,24,0,0
2735,1,4733,2,6,8,2,6,8,8,0.245333,0.321403,112.56118,0.000048,0.0019,0.000096,11,237,0,0.002006
5347,1,1789,3,2,5,3,2,5,3,0.5,0.611111,540.164626,0.000839,0.000452,0.000076,11,143,0.1,0.006904
4387,1,4694,1,7,8,1,7,8,9,0.203343,0.235108,133.256989,0.000085,0.001308,0.000064,12,90,0.125,0.001262
1393,1,6434,0,6,6,0,6,6,7,0.284605,0.308588,0,0,0.015124,0.000056,4,145,0.033333,0
3629,1,3095,5,2,7,5,2,7,6,0.285714,0.338889,87.63343,0.003732,0.001163,0.000097,7,94,0,0.008769
3058,1,2493,3,3,6,3,3,6,8,0.221978,0.235232,795.77057,0.001491,0.002546,0.000072,3,221,0.166667,0.004994
1845,1,4792,1,5,6,1,5,6,8,0.270369,0.300418,1287.682519,0.000165,0.018593,0.000062,9,221,0.2,0.000851
2189,1,3968,4,7,11,4,7,11,8,0.225487,0.248722,519.450355,0.001282,0.000989,0.000077,14,201,0.118182,0.004975
2450,1,2890,3,14,17,3,14,17,9,0.227686,0.250224,2551.141735,0.000528,0.001669,0.000074,14,34,0.066176,0.004776
1499,1,6435,0,1,1,0,1,1,7,0.289388,0.312833,0,0,0.00283,0.000056,5,8,0,0
3570,1,2542,2,5,7,2,5,7,7,0.313272,0.351017,252.85276,0.001868,0.017749,0.000066,9,69,0.142857,0.004089
2082,1,3489,2,4,6,2,4,6,10,0.255802,0.27408,55.407012,0.001532,0.005502,0.000062,9,198,0.166667,0.004964
6863,1,707,11,1,12,11,1,12,1,1,1,251.071544,0.003977,0.000034,0.000299,9,43,0.060606,0.03155
3874,1,2339,5,1,6,5,1,6,8,0.211169,0.226948,56.194226,0.009237,0.00118,0.000095,9,32,0.033333,0.029824
2012,1,3895,1,1,2,1,1,2,2,0.571429,0.625,644,0.001232,0,0.000057,7,66,0,0.002642
3359,1,3890,1,1,2,1,1,2,10,0.18729,0.20024,82.067322,0.001232,0.000378,0.000057,9,43,0,0.002642
6895,1,254,12,1,13,12,1,13,1,1,1,260.312575,0.002174,0.000264,0.001037,12,174,0.038462,0.032758
1403,1,6436,0,2,2,0,2,2,11,0.19633,0.211297,0,0,0.000543,0.000056,4,233,0,0
1405,1,6437,0,1,1,0,1,1,8,0.231716,0.255724,0,0,0.001313,0.000056,4,192,0,0
6571,1,326,5,0,5,5,0,5,0,0,0,0,0.022369,0,0.00037,5,134,0.05,0.103031
1409,1,6438,0,2,2,0,2,2,12,0.154311,0.163461,0,0,0.000583,0.000056,14,42,0,0
1410,1,6439,0,4,4,0,4,4,7,0.288634,0.313907,0,0,0.010254,0.000056,5,174,0.083333,0
3782,1,1755,3,0,3,3,0,3,0,0,0,0,0.000533,0,0.000096,5,174,0,0.004513
1411,1,6440,0,10,10,0,10,10,7,0.307318,0.33193,0,0,0.019656,0.000056,2,166,0.066667,0
5783,1,1798,2,2,4,2,2,4,6,0.304582,0.342625,14.416212,0.001175,0.007854,0.000071,2,166,0.166667,0.00633
1412,1,6441,0,1,1,0,1,1,11,0.205776,0.219383,0,0,0.000087,0.000056,3,207,0,0
2208,1,4074,1,4,5,1,4,5,8,0.255524,0.272945,1164.802874,0.00245,0.001766,0.000058,9,6,0.05,0.002606
1940,1,4073,1,2,3,1,2,3,8,0.211009,0.24442,132.718687,0.00245,0.000743,0.000058,5,231,0,0.002606
3558,1,2254,2,2,4,2,2,4,3,0.545455,0.638889,693.065304,0.002918,0.000164,0.000067,14,188,0,0.009755
6421,1,1271,4,1,5,4,1,5,2,0.666667,0.75,150.996341,0.003755,0.000121,0.00016,7,111,0.1,0.017555
6226,1,4071,2,0,2,2,0,2,0,0,0,0,0.002623,0,0.000068,7,122,0,0.003838
1735,1,4070,1,2,3,1,2,3,7,0.256746,0.274415,36.373792,0.00245,0.002176,0.000058,9,21,0.166667,0.002606
4847,1,1320,6,1,7,6,1,7,5,0.318471,0.352,477.993173,0.005688,0.000437,0.000159,7,21,0.214286,0.025469
6327,1,230,8,0,8,8,0,8,0,0,0,0,0.025038,0,0.000207,4,104,0.125,0.178807
2059,1,4069,1,5,6,1,5,6,9,0.276143,0.307372,20.939699,0.00245,0.016924,0.000058,7,5,0.166667,0.002606
6342,1,4067,1,0,1,1,0,1,0,0,0,0,0.00245,0,0.000058,7,21,0,0.002606
5108,1,4066,1,1,2,1,1,2,7,0.266598,0.294701,21.420829,0.00245,0.001948,0.000058,7,21,0,0.002606
5788,1,740,5,3,8,5,3,8,6,0.302544,0.343584,2349.653553,0.020036,0.008364,0.000111,2,162,0.178571,0.134786
3734,1,3051,2,1,3,2,1,3,2,0.6,0.666667,91.056216,0.003243,0.000089,0.000061,7,21,0.166667,0.00462
4341,1,2454,4,6,10,4,6,10,9,0.243355,0.265579,1016.04434,0.003385,0.004596,0.000092,7,112,0.122222,0.008907
6158,1,4060,1,0,1,1,0,1,0,0,0,0,0.00245,0,0.000058,7,21,0,0.002606
3946,1,4059,2,1,3,2,1,3,5,0.347222,0.399333,54.758416,0.005093,0.001466,0.00006,3,130,0,0.005943
2000,1,4058,2,3,5,2,3,5,9,0.204382,0.225676,672.944989,0.002467,0.000594,0.000084,7,53,0.1,0.003585
3312,1,3205,2,2,4,2,2,4,9,0.289306,0.325186,390.078635,0.017389,0.012974,0.000062,6,21,0.166667,0.021961
4367,1,4056,1,0,1,1,0,1,0,0,0,0,0.00245,0,0.000058,7,21,0,0.002606
5471,1,1313,5,1,6,5,1,6,5,0.364865,0.411728,83.195078,0.008711,0.00262,0.000173,7,94,0.1,0.045805
6760,1,4055,1,0,1,1,0,1,0,0,0,0,0.00245,0,0.000058,7,21,0,0.002606
5957,1,2968,3,1,4,3,1,4,1,1,1,40.557435,0.004994,0.000132,0.000088,14,16,0.083333,0.011876
6402,1,1944,4,2,6,4,2,6,6,0.297924,0.336544,267.117647,0.014915,0.009339,0.00008,3,75,0.133333,0.057656
2716,1,4054,1,1,2,1,1,2,8,0.256528,0.275567,0,0.00245,0.002469,0.000058,7,21,0.5,0.002606
7080,1,4053,3,0,3,3,0,3,0,0,0,0,0.00292,0,0.000105,8,21,0,0.00412
2285,1,1702,3,2,5,3,2,5,8,0.226592,0.265525,1817.731138,0.000259,0.000312,0.000128,5,236,0.05,0.005982
6425,1,4587,1,0,1,1,0,1,0,0,0,0,0.000069,0,0.000065,4,205,0,0.001122
1416,1,6442,0,1,1,0,1,1,2,0.666667,0.75,0,0,0.000014,0.000056,8,34,0,0
6498,1,5473,2,1,3,2,1,3,1,1,1,1,0.000425,0.000061,0.000105,8,34,0.166667,0.001707
1418,1,6443,0,1,1,0,1,1,8,0.236364,0.251597,0,0,0.000204,0.000056,4,50,0,0
1419,1,6445,0,7,7,0,7,7,9,0.29361,0.325371,0,0,0.009995,0.000056,3,4,0.095238,0
5705,1,6444,1,1,2,1,1,2,1,1,1,0,0.00034,0.000012,0.000062,3,4,0.5,0.000757
2897,1,4112,2,2,4,2,2,4,9,0.237559,0.259551,685.609128,0.000499,0.008811,0.000065,3,4,0.083333,0.002044
5903,1,972,4,0,4,4,0,4,0,0,0,0,0.000341,0,0.000328,3,4,0.083333,0.004492
1421,1,6446,0,2,2,0,2,2,10,0.216574,0.230976,0,0,0.000441,0.000056,1,204,0,0
1423,1,6447,0,2,2,0,2,2,7,0.290751,0.315226,0,0,0.004625,0.000056,5,8,0.5,0
1424,1,6448,0,6,6,0,6,6,8,0.280172,0.299942,0,0,0.003677,0.000056,4,232,0.033333,0
5924,1,4248,2,0,2,2,0,2,0,0,0,0,0.000105,0,0.000071,7,109,0.5,0.002234
3882,1,4539,1,0,1,1,0,1,0,0,0,0,0.001276,0,0.000059,1,202,0,0.001548
4768,1,1460,6,6,12,6,6,12,8,0.214118,0.241484,1726.264062,0.003151,0.001739,0.000123,9,61,0.098485,0.019803
3208,1,3811,1,0,1,1,0,1,0,0,0,0,0.000162,0,0.00006,9,61,0,0.001148
4599,1,816,4,1,5,4,1,5,1,1,1,1969.92404,0.000195,0.000009,0.000125,14,55,0.15,0.013651
2893,1,3885,1,0,1,1,0,1,0,0,0,0,0.000069,0,0.000062,1,78,0,0.001144
2420,1,3884,2,4,6,2,4,6,9,0.273994,0.317238,561.511711,0.000563,0.013527,0.000065,9,83,0.066667,0.003016
1432,1,6449,0,1,1,0,1,1,8,0.274074,0.293148,0,0,0.003428,0.000056,10,138,0,0
1843,1,2507,4,6,10,4,6,10,7,0.259716,0.289095,1257.648683,0.006978,0.004201,0.000106,4,53,0.088889,0.016109
1435,1,6450,0,5,5,0,5,5,7,0.302407,0.331436,0,0,0.010753,0.000056,3,76,0.2,0
1437,1,6452,0,6,6,0,6,6,11,0.204384,0.224031,0,0,0.003366,0.000056,5,102,0.033333,0
1916,1,6451,1,5,6,1,5,6,10,0.241102,0.259445,1529.453867,0.000114,0.000783,0.000063,5,102,0.066667,0.000757
4283,1,2540,2,0,2,2,0,2,0,0,0,0,0.00041,0,0.000074,5,102,0,0.003695
2121,1,3830,2,6,8,2,6,8,8,0.288453,0.312657,5596.381671,0.001009,0.006834,0.000091,9,209,0.053571,0.00219
1440,1,6453,0,1,1,0,1,1,8,0.248137,0.262888,0,0,0.00032,0.000056,3,130,0,0
4724,1,4376,2,0,2,2,0,2,0,0,0,0,0.002718,0,0.000071,14,115,0,0.004193
305,1,5349,1,0,1,1,0,1,0,0,0,0,0.000075,0,0.000068,14,115,0,0.000856
1828,1,4479,1,2,3,1,2,3,6,0.293791,0.327971,46.714067,0.000652,0.008047,0.000058,3,40,0,0.001568
6017,1,4478,1,0,1,1,0,1,0,0,0,0,0.000652,0,0.000058,3,40,0,0.001568
3397,1,2688,2,9,11,2,9,11,9,0.278746,0.315437,9989.399796,0.000779,0.01106,0.00008,4,98,0.009091,0.003017
2619,1,4477,1,0,1,1,0,1,0,0,0,0,0.000652,0,0.000058,3,40,0,0.001568
2318,1,4476,1,1,2,1,1,2,7,0.267054,0.2886,26.070059,0.000652,0.001149,0.000058,3,40,0,0.001568
4785,1,4475,1,1,2,1,1,2,7,0.266598,0.294701,8.648184,0.000652,0.001948,0.000058,3,40,0,0.001568
5111,1,4473,1,2,3,1,2,3,9,0.267863,0.29885,221.768488,0.000652,0.005128,0.000058,3,40,0,0.001568
2173,1,3164,4,4,8,4,4,8,9,0.270665,0.295172,5015.167093,0.027874,0.003486,0.000067,3,175,0.053571,0.036517
3812,1,2938,2,3,5,2,3,5,9,0.207838,0.22443,969.182496,0.000793,0.00164,0.000088,5,114,0,0.005186
6450,1,1736,3,0,3,3,0,3,0,0,0,0,0.000654,0,0.000162,3,81,0,0.005527
2223,1,4470,1,2,3,1,2,3,10,0.19667,0.205409,45.233218,0.000652,0.000767,0.000058,5,130,0,0.001568
3834,1,4469,1,0,1,1,0,1,0,0,0,0,0.000652,0,0.000058,3,40,0,0.001568
2867,1,4468,1,3,4,1,3,4,9,0.218391,0.254236,107.676829,0.000652,0.000076,0.000058,4,68,0,0.001568
2479,1,4467,1,3,4,1,3,4,10,0.235395,0.251248,235.207181,0.000652,0.000669,0.000058,6,40,0.083333,0.001568
5640,1,4466,2,0,2,2,0,2,0,0,0,0,0.001018,0,0.000062,3,213,0,0.002524
1443,1,6454,0,3,3,0,3,3,8,0.231893,0.252707,0,0,0.002151,0.000056,7,57,0.166667,0
3940,1,6455,0,2,2,0,2,2,6,0.309783,0.358187,0,0,0.001702,0.000056,9,221,0,0
4338,1,487,3,2,5,3,2,5,5,0.376238,0.432456,51.975449,0.00124,0.002495,0.000099,9,221,0.1,0.009189
1788,1,6456,0,4,4,0,4,4,8,0.214964,0.240384,0,0,0.002263,0.000056,9,80,0.083333,0
3780,1,2999,3,0,3,3,0,3,0,0,0,0,0.001408,0,0.000092,2,80,0,0.00641
1446,1,6457,0,1,1,0,1,1,7,0.275267,0.292445,0,0,0.001753,0.000056,3,49,0,0
1447,1,6458,0,2,2,0,2,2,7,0.238414,0.255193,0,0,0.000461,0.000056,10,111,0,0
3540,1,1465,4,1,5,4,1,5,1,1,1,1531,0.001939,0,0.000113,10,111,0,0.011902
3877,1,5371,1,1,2,1,1,2,2,0.666667,0.75,2.333333,0.00009,0.000051,0.00006,5,243,0,0.000851
4880,1,4308,1,1,2,1,1,2,1,1,1,4.552677,0.000213,0.000005,0.000065,12,71,0,0.001043
5383,1,1775,2,0,2,2,0,2,0,0,0,0,0.000617,0,0.000082,5,217,0,0.007221
1450,1,6459,0,2,2,0,2,2,9,0.241339,0.269547,0,0,0.00499,0.000056,3,1,0,0
1387,1,6460,0,3,3,0,3,3,9,0.233309,0.261975,0,0,0.013143,0.000056,1,105,0.166667,0
1453,1,6461,0,4,4,0,4,4,8,0.215447,0.2427,0,0,0.003412,0.000056,7,40,0.083333,0
4567,1,3816,2,2,4,2,2,4,7,0.270526,0.303002,220.444403,0.000786,0.004568,0.000072,7,40,0.166667,0.001827
1455,1,6462,0,9,9,0,9,9,8,0.273251,0.298351,0,0,0.007397,0.000056,6,5,0.138889,0
7093,1,4089,2,20,22,2,20,22,9,0.262454,0.290932,1919.898692,0.000307,0.012539,0.000068,10,34,0.08658,0.001874
4304,1,4085,1,0,1,1,0,1,0,0,0,0,0.000207,0,0.000063,9,34,0,0.001117
1458,1,6463,0,2,2,0,2,2,7,0.274083,0.303507,0,0,0.005207,0.000056,9,224,0.5,0
6691,1,6464,0,5,5,0,5,5,8,0.282155,0.307325,0,0,0.006917,0.000056,7,133,0.1,0
1459,1,6465,0,1,1,0,1,1,1,1,1,0,0,0.000232,0.000056,4,89,0,0
1460,1,6466,0,2,2,0,2,2,8,0.227999,0.245689,0,0,0.001566,0.000056,1,62,0,0
2550,1,6468,0,5,5,0,5,5,8,0.19972,0.210956,0,0,0.000442,0.000056,1,110,0.05,0
3769,1,6467,1,3,4,1,3,4,7,0.246964,0.263197,1261,0.000015,0.004896,0.000065,9,110,0.083333,0.000757
5465,1,4339,2,4,6,2,4,6,5,0.307692,0.429167,51.632699,0.000022,0.000535,0.000081,1,110,0.033333,0.00176
1463,1,6470,0,5,5,0,5,5,9,0.233024,0.247408,0,0,0.000434,0.000056,1,131,0.15,0
5662,1,2283,3,0,3,3,0,3,0,0,0,0,0.000224,0,0.000139,1,131,0.333333,0.003527
3983,1,2286,2,2,4,2,2,4,9,0.212423,0.224334,1088.530508,0.003399,0.001253,0.000073,1,131,0.083333,0.015311
2652,1,6469,1,1,2,1,1,2,1,1,1,0,0.000015,0.000008,0.000065,1,131,0.5,0.000757
5321,1,1218,15,7,22,15,7,22,4,0.47619,0.608333,1586.54281,0.005015,0.003053,0.000262,4,186,0.136364,0.052752
5741,1,1154,3,1,4,3,1,4,5,0.283019,0.355556,0,0.000652,0.001245,0.000102,4,173,0.25,0.004859
5985,1,1670,7,0,7,7,0,7,0,0,0,0,0.008736,0,0.000107,3,53,0.071429,0.035168
1465,1,6471,0,1,1,0,1,1,11,0.214207,0.231107,0,0,0.000549,0.000056,3,121,0,0
1466,1,6473,0,2,2,0,2,2,7,0.264355,0.289705,0,0,0.002001,0.000056,10,34,0,0
4260,1,6472,2,1,3,2,1,3,3,0.5,0.583333,8,0.000068,0.000169,0.000126,10,34,0,0.001514
6538,1,4965,1,0,1,1,0,1,0,0,0,0,0.000103,0,0.000059,12,90,0,0.001267
3674,1,2813,3,3,6,3,3,6,7,0.237701,0.254253,1680.098752,0.015227,0.001912,0.000071,12,90,0.033333,0.022472
5289,1,4964,2,2,4,2,2,4,13,0.137093,0.15358,637.451516,0.000103,0.000228,0.000106,12,186,0,0.002024
3030,1,4963,1,0,1,1,0,1,0,0,0,0,0.000103,0,0.000059,12,90,0,0.001267
3481,1,4962,1,2,3,1,2,3,8,0.212701,0.22342,13.404301,0.000103,0.000263,0.000059,12,90,0.166667,0.001267
4433,1,2126,3,0,3,3,0,3,0,0,0,0,0.000943,0,0.000092,2,90,0,0.00482
1468,1,6475,0,3,3,0,3,3,10,0.253972,0.288714,0,0,0.006031,0.000056,14,57,0.166667,0
1889,1,6474,1,1,2,1,1,2,11,0.141735,0.147895,8.611111,0.000205,0.000007,0.000071,14,57,0,0.000757
5960,1,1889,5,2,7,5,2,7,3,0.529412,0.592593,134.061108,0.00045,0.000467,0.000188,7,112,0,0.007976
2302,1,3571,1,2,3,1,2,3,10,0.25049,0.274581,57.677546,0.001832,0.004262,0.000058,9,72,0.333333,0.002647
3461,1,2324,2,3,5,2,3,5,10,0.213109,0.244435,1847.667568,0.006631,0.004676,0.000065,7,226,0.1,0.020482
4657,1,743,2,0,2,2,0,2,0,0,0,0,0.006592,0,0.000088,9,10,0.5,0.078338
3828,1,873,9,5,14,9,5,14,6,0.308946,0.344765,3349.780161,0.016886,0.016997,0.000152,9,76,0.115385,0.061898
1973,1,6476,0,2,2,0,2,2,7,0.299425,0.323378,0,0,0.003149,0.000056,3,130,0,0
1474,1,6477,0,6,6,0,6,6,7,0.302169,0.331125,0,0,0.017653,0.000056,8,66,0.133333,0
1476,1,6478,0,4,4,0,4,4,7,0.295324,0.321376,0,0,0.00532,0.000056,4,116,0,0
3158,1,4186,4,2,6,4,2,6,9,0.268641,0.299822,2682.566295,0.001473,0.004867,0.00009,2,134,0.066667,0.003936
4459,1,5611,1,0,1,1,0,1,0,0,0,0,0.000288,0,0.000063,14,134,0,0.000851
1479,1,6479,0,1,1,0,1,1,9,0.193305,0.209263,0,0,0.000192,0.000056,5,244,0,0
2841,1,3852,1,2,3,1,2,3,8,0.264092,0.283407,20.734153,0.001299,0.004242,0.000059,1,105,0,0.002487
3315,1,3848,2,4,6,2,4,6,11,0.158909,0.20678,393.018826,0.001342,0.001315,0.000075,3,197,0,0.00349
5252,1,3628,3,0,3,3,0,3,0,0,0,0,0.000878,0,0.000079,4,112,0.166667,0.004987
3511,1,3592,2,0,2,2,0,2,0,0,0,0,0.000745,0,0.000082,3,131,0,0.003881
6725,1,2292,3,0,3,3,0,3,0,0,0,0,0.001033,0,0.000105,4,233,0,0.009565
4038,1,3026,6,6,12,6,6,12,8,0.252296,0.274869,2425.301622,0.000746,0.002087,0.000159,7,61,0.015152,0.007575
3025,1,3270,4,3,7,4,3,7,6,0.26601,0.316358,140.103579,0.001013,0.001369,0.000132,7,4,0.095238,0.005341
3817,1,3796,2,0,2,2,0,2,0,0,0,0,0.000669,0,0.000072,7,103,0,0.003197
1592,1,3974,1,3,4,1,3,4,9,0.266589,0.288681,1166.630994,0.000494,0.002658,0.000059,3,111,0.083333,0.001872
5956,1,830,5,0,5,5,0,5,0,0,0,0,0.018682,0,0.000195,5,103,0.1,0.042425
1994,1,2406,3,1,4,3,1,4,3,0.444444,0.541667,283.676202,0.000767,0.000039,0.000088,10,188,0,0.00453
3035,1,3162,3,8,11,3,8,11,7,0.285612,0.308126,2638.307226,0.022569,0.00817,0.000065,10,228,0.045455,0.030548
6971,1,6480,0,1,1,0,1,1,9,0.260725,0.282667,0,0,0.002263,0.000056,3,94,0,0
1488,1,6481,0,5,5,0,5,5,7,0.296033,0.321077,0,0,0.010639,0.000056,5,110,0.25,0
1489,1,6482,0,1,1,0,1,1,9,0.26778,0.298465,0,0,0.004848,0.000056,3,1,0,0
2053,1,6483,0,2,2,0,2,2,8,0.204626,0.233261,0,0,0.000919,0.000056,3,81,0,0
4818,1,1558,5,1,6,5,1,6,7,0.252796,0.292583,163.545285,0.025386,0.002263,0.000101,3,81,0.1,0.044014
1452,1,3517,2,0,2,2,0,2,0,0,0,0,0.000116,0,0.000091,3,173,0,0.002895
2076,1,6485,0,1,1,0,1,1,4,0.4,0.486111,0,0,0,0.000056,4,234,0,0
3128,1,6484,1,2,3,1,2,3,3,0.555556,0.666667,5,0,0.000724,0.000103,4,234,0,0.000757
1496,1,6486,0,6,6,0,6,6,9,0.291639,0.334839,0,0,0.020935,0.000056,3,122,0.1,0
2084,1,6487,0,1,1,0,1,1,8,0.256528,0.275567,0,0,0.002469,0.000056,9,52,0,0
1500,1,6488,0,1,1,0,1,1,11,0.221306,0.242219,0,0,0.001025,0.000056,9,92,0,0
3092,1,6489,0,2,2,0,2,2,8,0.24821,0.263124,0,0,0.000396,0.000056,11,210,0,0
3029,1,3801,1,1,2,1,1,2,1,1,1,2.861111,0.000163,0.000175,0.00006,3,15,0,0.001268
2578,1,3035,3,3,6,3,3,6,10,0.253671,0.274402,2832.091899,0.006616,0.002517,0.000067,4,94,0.033333,0.014193
6082,1,2869,2,0,2,2,0,2,0,0,0,0,0.007369,0,0.000071,3,209,0,0.0103
3929,1,2667,3,3,6,3,3,6,7,0.279968,0.312897,411.664994,0.012515,0.00411,0.000074,9,209,0.133333,0.016573
1505,1,6490,0,1,1,0,1,1,10,0.162988,0.174097,0,0,0.00058,0.000056,10,62,0,0
3736,1,3917,1,0,1,1,0,1,0,0,0,0,0.000237,0,0.00006,9,33,0,0.001632
6930,1,401,14,0,14,14,0,14,0,0,0,0,0.042193,0,0.000207,5,127,0.076923,0.209952
1513,1,6491,0,6,6,0,6,6,8,0.295857,0.31995,0,0,0.007682,0.000056,3,200,0.066667,0
1514,1,6493,0,5,5,0,5,5,9,0.268315,0.300225,0,0,0.004909,0.000056,3,15,0.05,0
5689,1,2246,3,1,4,3,1,4,1,1,1,5.28563,0.001127,0.000859,0.000124,3,15,0.083333,0.004966
6602,1,2247,2,2,4,2,2,4,2,0.583333,0.642857,959.569322,0.000167,0.00111,0.00013,3,15,0.083333,0.002686
4063,1,6492,1,1,2,1,1,2,9,0.209203,0.22583,9.764312,0.000167,0.001048,0.000065,3,15,0,0.000757
5769,1,3526,2,0,2,2,0,2,0,0,0,0,0.000348,0,0.000072,3,15,0,0.002259
7102,1,4428,1,0,1,1,0,1,0,0,0,0,0.000261,0,0.000062,1,16,0,0.001164
1518,1,6494,0,1,1,0,1,1,11,0.224111,0.23803,0,0,0.000569,0.000056,7,172,0,0
1519,1,6495,0,4,4,0,4,4,10,0.192584,0.213443,0,0,0.002261,0.000056,10,214,0,0
1559,1,3840,1,2,3,1,2,3,10,0.18728,0.206305,34.393445,0.000584,0.001371,0.000065,1,216,0,0.001247
1522,1,6496,0,1,1,0,1,1,2,0.571429,0.625,0,0,0.000243,0.000056,3,209,0,0
6635,1,2499,3,3,6,3,3,6,1,1,1,586.169384,0.007153,0.000068,0.000129,3,209,0.033333,0.010835
5507,1,6177,1,0,1,1,0,1,0,0,0,0,0.000097,0,0.000063,10,173,0,0.000851
3647,1,3158,5,3,8,5,3,8,2,0.666667,0.75,1037.204598,0.002317,0.000525,0.000096,9,178,0.035714,0.006364
4523,1,1295,3,3,6,3,3,6,3,0.5,0.611111,112.452465,0.000407,0.000606,0.000099,1,72,0,0.007302
1525,1,6497,0,1,1,0,1,1,12,0.185413,0.194724,0,0,0.000135,0.000056,10,204,0,0
1641,1,3809,1,8,9,1,8,9,10,0.218328,0.242323,586.487507,0.00009,0.001297,0.000067,7,244,0.013889,0.001196
1718,1,3823,1,8,9,1,8,9,8,0.292499,0.318625,2332.116807,0.00066,0.012869,0.000058,9,172,0.138889,0.001362
3319,1,2815,6,12,18,6,12,18,9,0.255795,0.284252,7620.391315,0.006797,0.007199,0.000084,9,172,0.029412,0.024717
4771,1,2835,2,2,4,2,2,4,8,0.213259,0.235054,59.205627,0.00288,0.002151,0.000063,9,175,0.166667,0.01007
5320,1,109,6,0,6,6,0,6,0,0,0,0,0.009947,0,0.000502,7,217,0.166667,0.074945
6175,1,6498,0,3,3,0,3,3,10,0.253794,0.280668,0,0,0.004855,0.000056,9,223,0.166667,0
5110,1,914,7,3,10,7,3,10,7,0.256125,0.304886,1295.044685,0.015448,0.002297,0.00014,6,223,0.211111,0.027996
5195,1,4453,2,0,2,2,0,2,0,0,0,0,0.000124,0,0.000087,3,174,0,0.001914
1710,1,4451,1,3,4,1,3,4,8,0.228153,0.237536,3.178824,0.000104,0.001694,0.000063,5,174,0.166667,0.001157
1819,1,4450,2,2,4,2,2,4,7,0.295118,0.315156,8878.013941,0.000162,0.003824,0.000081,5,174,0.166667,0.002031
4806,1,2676,2,0,2,2,0,2,0,0,0,0,0.001696,0,0.000065,5,174,0,0.006228
1887,1,4449,1,1,2,1,1,2,2,0.666667,0.75,0,0.000104,0.000004,0.000063,5,174,0.5,0.001157
4254,1,1734,4,2,6,4,2,6,9,0.200297,0.219246,284.85518,0.010853,0.001589,0.000079,11,231,0,0.025438
2584,1,3836,2,0,2,2,0,2,0,0,0,0,0.001605,0,0.000085,5,175,0,0.003798
2942,1,4488,1,1,2,1,1,2,10,0.174561,0.189401,138.930952,0.000013,0,0.000086,14,12,0,0.001519
2151,1,4087,2,5,7,2,5,7,9,0.236613,0.255767,2210.941022,0.000439,0.000819,0.000088,10,34,0.02381,0.002483
1538,1,6499,0,3,3,0,3,3,7,0.245267,0.263254,0,0,0.001789,0.000056,3,93,0.166667,0
6351,1,813,3,0,3,3,0,3,0,0,0,0,0.000688,0,0.000128,3,93,0,0.019616
5226,1,1592,7,1,8,7,1,8,1,1,1,380.641289,0.01909,0.000122,0.000111,9,132,0.071429,0.07299
6653,1,217,5,1,6,5,1,6,1,1,1,19.534529,0.008488,0.000297,0.000499,7,217,0.2,0.039345
1060,1,5020,1,0,1,1,0,1,0,0,0,0,0.000306,0,0.000062,4,217,0,0.000974
6885,1,108,5,0,5,5,0,5,0,0,0,0,0.008729,0,0.000909,7,217,0.35,0.0658
4168,1,1578,6,5,11,6,5,11,7,0.307837,0.344307,7469.964188,0.022539,0.01379,0.000119,8,209,0.018182,0.055244
6987,1,2,4,0,4,4,0,4,0,0,0,0,0.007944,0,0.001165,3,217,0,0.01732
3766,1,5019,1,1,2,1,1,2,10,0.192953,0.23775,29.616591,0.000306,0.000336,0.000062,6,217,0,0.000974
1541,1,6500,0,1,1,0,1,1,7,0.203846,0.233693,0,0,0.000012,0.000056,10,173,0,0
2145,1,3937,1,2,3,1,2,3,9,0.227696,0.242032,1541.725305,0.000434,0.0004,0.000059,7,214,0,0.001461
4861,1,1223,5,3,8,5,3,8,7,0.26477,0.292444,2964.382722,0.004994,0.002212,0.000093,7,53,0.071429,0.02468
5732,1,1316,4,3,7,4,3,7,7,0.264865,0.324879,581.371756,0.001555,0.000577,0.000111,7,218,0.190476,0.023924
4782,1,1322,5,5,10,5,5,10,7,0.311733,0.347654,11996.62593,0.005374,0.013216,0.000099,7,201,0.066667,0.031088
3133,1,3027,2,1,3,2,1,3,2,0.6,0.666667,11.84942,0.000434,0.000504,0.000137,7,122,0,0.002462
2856,1,4692,1,1,2,1,1,2,9,0.258737,0.276982,1644.113216,0.00009,0.001654,0.000064,7,73,0,0.000868
2263,1,2870,3,1,4,3,1,4,7,0.262637,0.285655,32.838146,0.007475,0.001998,0.000072,7,73,0.083333,0.011151
6629,1,3850,2,4,6,2,4,6,11,0.199488,0.216696,1133.639351,0.00011,0.000754,0.000075,7,60,0.066667,0.00233
2940,1,5482,1,0,1,1,0,1,0,0,0,0,0.000086,0,0.000061,7,145,0,0.000851
1549,1,6501,0,6,6,0,6,6,8,0.235148,0.254179,0,0,0.002489,0.000056,1,100,0.033333,0
3773,1,6503,0,2,2,0,2,2,8,0.266504,0.306684,0,0,0.003212,0.000056,9,86,0,0
1957,1,6502,1,0,1,1,0,1,0,0,0,0,0.000109,0,0.000079,9,86,0,0.000757
6409,1,4564,2,0,2,2,0,2,0,0,0,0,0.000259,0,0.000095,3,140,0,0.001667
3576,1,3602,2,6,8,2,6,8,8,0.194215,0.220775,271.531346,0.000887,0.001704,0.000088,9,130,0,0.002579
4224,1,1909,5,0,5,5,0,5,0,0,0,0,0.010897,0,0.000093,9,92,0.2,0.051127
1758,1,4649,1,2,3,1,2,3,9,0.252899,0.271509,142.376786,0.000436,0.001103,0.000068,10,214,0,0.000864
3162,1,3761,3,5,8,3,5,8,13,0.188122,0.20612,1526.011799,0.000498,0.001027,0.000078,14,47,0.017857,0.003376
6381,1,4647,1,0,1,1,0,1,0,0,0,0,0.000106,0,0.00006,14,32,0,0.001064
1561,1,6504,0,2,2,0,2,2,9,0.264941,0.28505,0,0,0.003571,0.000056,7,54,0,0
1562,1,6505,0,1,1,0,1,1,5,0.323077,0.35873,0,0,0.00009,0.000056,1,44,0,0
6041,1,1394,4,2,6,4,2,6,4,0.454545,0.504167,350.206538,0.002655,0.001972,0.000122,1,44,0.1,0.015909
1563,1,6506,0,3,3,0,3,3,7,0.288773,0.312355,0,0,0.003078,0.000056,9,81,0,0
5130,1,1471,6,3,9,6,3,9,6,0.279412,0.395614,859.321218,0.002542,0.002004,0.000114,1,146,0.083333,0.015751
6840,1,569,3,0,3,3,0,3,0,0,0,0,0.000864,0,0.000463,6,220,0.166667,0.012308
4052,1,2231,3,5,8,3,5,8,7,0.260013,0.290368,1414.271277,0.000657,0.002609,0.000146,7,82,0.053571,0.005716
1569,1,6507,0,3,3,0,3,3,10,0.260142,0.293121,0,0,0.00579,0.000056,7,1,0,0
3086,1,2469,2,1,3,2,1,3,7,0.266598,0.294701,16.518612,0.004997,0.001948,0.000078,7,1,0.166667,0.018592
1570,1,6508,0,3,3,0,3,3,10,0.218838,0.235501,0,0,0.002883,0.000056,9,160,0.333333,0
1571,1,6509,0,1,1,0,1,1,11,0.182887,0.21077,0,0,0.000198,0.000056,1,100,0,0
2611,1,6510,0,1,1,0,1,1,9,0.218807,0.244625,0,0,0.000097,0.000056,3,210,0,0
2623,1,6512,0,7,7,0,7,7,7,0.284366,0.304678,0,0,0.005223,0.000056,3,152,0.02381,0
5651,1,1838,3,0,3,3,0,3,0,0,0,0,0.000777,0,0.000133,3,152,0,0.004447
5675,1,629,4,2,6,4,2,6,5,0.415094,0.475,2435.974935,0.006241,0.001712,0.000148,9,152,0.1,0.095065
2682,1,6511,1,2,3,1,2,3,9,0.213214,0.227109,36.046964,0.000178,0.000425,0.000062,3,152,0,0.000757
4948,1,1719,11,8,19,11,8,19,7,0.247168,0.28623,5744.738201,0.003159,0.001061,0.000154,14,65,0.052632,0.021345
1574,1,6513,0,1,1,0,1,1,7,0.305104,0.33919,0,0,0.012207,0.000056,9,10,0,0
2163,1,3329,3,7,10,3,7,10,8,0.274765,0.296551,3192.435675,0.018081,0.007805,0.000064,9,75,0.044444,0.023696
1577,1,6514,0,6,6,0,6,6,8,0.285313,0.311483,0,0,0.017882,0.000056,4,115,0.1,0
5202,1,1149,11,0,11,11,0,11,0,0,0,0,0.003221,0,0.000238,4,88,0.118182,0.030226
6612,1,1577,3,0,3,3,0,3,0,0,0,0,0.016022,0,0.00009,8,209,0.166667,0.024481
4739,1,4562,1,0,1,1,0,1,0,0,0,0,0.000059,0,0.000063,1,99,0,0.001035
1581,1,6515,0,2,2,0,2,2,10,0.19455,0.209506,0,0,0.000474,0.000056,7,29,0,0
2673,1,6516,0,2,2,0,2,2,6,0.309524,0.419231,0,0,0.000496,0.000056,3,131,0,0
2681,1,6517,0,7,7,0,7,7,7,0.301674,0.322323,0,0,0.007519,0.000056,1,91,0.02381,0
1585,1,6518,0,4,4,0,4,4,7,0.294118,0.318569,0,0,0.007709,0.000056,5,114,0.25,0
5436,1,2891,3,0,3,3,0,3,0,0,0,0,0.000175,0,0.000114,7,53,0,0.003338
7094,1,3849,3,0,3,3,0,3,0,0,0,0,0.000097,0,0.000101,7,53,0,0.002834
3649,1,3043,3,2,5,3,2,5,8,0.224633,0.244881,274.41683,0.006226,0.001169,0.000092,4,67,0.1,0.014165
1589,1,6519,0,2,2,0,2,2,9,0.240621,0.25902,0,0,0.001565,0.000056,7,59,0,0
3308,1,4252,1,0,1,1,0,1,0,0,0,0,0.00024,0,0.00006,6,93,0,0.001579
1997,1,645,5,0,5,5,0,5,0,0,0,0,0.016899,0,0.00017,5,93,0.05,0.053356
7044,1,7,7,0,7,7,0,7,0,0,0,0,0.008509,0,0.000566,3,158,0.02381,0.10127
5097,1,4251,1,0,1,1,0,1,0,0,0,0,0.00024,0,0.00006,6,93,0,0.001579
4546,1,2216,2,3,5,2,3,5,8,0.264941,0.285617,561.716606,0.003624,0.001902,0.000068,6,93,0.15,0.016133
6524,1,3833,2,0,2,2,0,2,0,0,0,0,0.001331,0,0.000065,6,93,0.5,0.004386
5643,1,941,2,0,2,2,0,2,0,0,0,0,0.001678,0,0.000086,6,93,0.5,0.014633
891,1,2264,3,0,3,3,0,3,0,0,0,0,0.000361,0,0.000097,6,151,0.166667,0.005014
2844,1,4250,1,5,6,1,5,6,10,0.224838,0.246506,296.622475,0.00024,0.004416,0.00006,9,93,0.033333,0.001579
4325,1,2895,2,3,5,2,3,5,7,0.25,0.325153,72.166059,0.000503,0.000444,0.000082,1,223,0,0.002308
1805,1,4003,1,5,6,1,5,6,7,0.310107,0.346576,22.182456,0.000474,0.013799,0.00006,1,208,0.033333,0.001175
4746,1,1745,4,3,7,4,3,7,8,0.206039,0.239871,772.301162,0.001519,0.000559,0.000091,6,223,0.238095,0.01038
4586,1,2745,7,2,9,7,2,9,9,0.187328,0.225047,355.751421,0.002671,0.000668,0.000105,1,240,0.041667,0.01712
4881,1,4002,2,0,2,2,0,2,0,0,0,0,0.000475,0,0.000085,1,229,0,0.002055
4136,1,783,6,1,7,6,1,7,2,0.6,0.666667,150.312177,0.011552,0.001124,0.000132,3,125,0.119048,0.103744
7058,1,4152,1,0,1,1,0,1,0,0,0,0,0.000002,0,0.000068,5,103,0,0.000923
5578,1,4151,1,1,2,1,1,2,1,1,1,6.566667,0.000002,0.000061,0.000068,5,103,0,0.000923
6633,1,4150,1,0,1,1,0,1,0,0,0,0,0.000002,0,0.000068,5,103,0,0.000923
3723,1,2317,2,3,5,2,3,5,9,0.245104,0.272277,739.871616,0.000674,0.001555,0.000078,3,46,0,0.006307
1597,1,6520,0,1,1,0,1,1,9,0.196935,0.214525,0,0,0.000882,0.000056,4,84,0,0
2826,1,3128,2,1,3,2,1,3,2,0.571429,0.625,48.051373,0.005238,0.000127,0.00006,3,175,0,0.007186
6304,1,309,8,0,8,8,0,8,0,0,0,0,0.03626,0,0.000181,5,169,0.089286,0.168866
6081,1,3488,2,6,8,2,6,8,10,0.219169,0.238465,1456.354334,0.002944,0.003644,0.000063,1,78,0.017857,0.005658
4830,1,4373,1,0,1,1,0,1,0,0,0,0,0.002643,0,0.000058,3,130,0,0.003337
4280,1,3492,2,3,5,2,3,5,8,0.245447,0.268703,1685.262981,0.002737,0.002197,0.000073,1,62,0.05,0.004783
5679,1,4371,1,0,1,1,0,1,0,0,0,0,0.002643,0,0.000058,3,130,0,0.003337
789,1,4370,1,3,4,1,3,4,9,0.21372,0.240644,553.861241,0.002643,0.001265,0.000058,3,197,0,0.003337
703,1,4367,1,0,1,1,0,1,0,0,0,0,0.002643,0,0.000058,3,130,0,0.003337
3129,1,3427,4,0,4,4,0,4,0,0,0,0,0.018437,0,0.000081,10,24,0.166667,0.025547
1944,1,4366,1,10,11,1,10,11,9,0.284239,0.315619,1915.259187,0.002643,0.020015,0.000058,9,100,0.090909,0.003337
2075,1,3246,2,4,6,2,4,6,8,0.280597,0.304718,4167.967069,0.017582,0.006641,0.000062,3,125,0.033333,0.022692
7024,1,888,2,0,2,2,0,2,0,0,0,0,0.002646,0,0.00033,3,130,0.5,0.006392
6220,1,4364,1,1,2,1,1,2,10,0.208684,0.222548,147.179071,0.002643,0.000502,0.000058,3,130,0,0.003337
2955,1,4363,1,0,1,1,0,1,0,0,0,0,0.002643,0,0.000058,3,130,0,0.003337
5187,1,1587,5,0,5,5,0,5,0,0,0,0,0.013363,0,0.00009,3,243,0.1,0.036314
3677,1,2471,3,0,3,3,0,3,0,0,0,0,0.009464,0,0.00007,3,130,0,0.028354
2925,1,4362,2,4,6,2,4,6,9,0.251632,0.275381,155.876029,0.002934,0.004722,0.000062,3,60,0.033333,0.004281
3188,1,3468,2,1,3,2,1,3,9,0.212402,0.231577,122.922597,0.017582,0.001547,0.000062,3,130,0,0.022692
4654,1,4361,1,5,6,1,5,6,7,0.31008,0.347334,159.960897,0.002643,0.014963,0.000058,3,130,0.033333,0.003337
6457,1,339,9,1,10,9,1,10,2,0.6,0.666667,382.18318,0.011259,0.001124,0.00018,10,56,0.066667,0.047272
1733,1,4360,1,4,5,1,4,5,9,0.222703,0.250736,210.795577,0.002643,0.001414,0.000058,1,214,0.05,0.003337
2266,1,4357,1,1,2,1,1,2,10,0.175926,0.189055,37.961422,0.002643,0.000572,0.000058,5,130,0,0.003337
2868,1,4356,1,1,2,1,1,2,7,0.245064,0.262295,299.457801,0.002643,0.001116,0.000058,3,130,0,0.003337
4517,1,4355,1,0,1,1,0,1,0,0,0,0,0.002643,0,0.000058,3,130,0,0.003337
2531,1,4354,1,6,7,1,6,7,9,0.304873,0.341754,1200.71671,0.002643,0.025826,0.000058,3,215,0.166667,0.003337
3429,1,3198,2,4,6,2,4,6,7,0.312324,0.348542,645.503631,0.017582,0.02491,0.000062,5,130,0.1,0.022692
3099,1,2972,3,2,5,3,2,5,9,0.234738,0.271829,615.863309,0.005282,0.008919,0.000067,1,190,0.05,0.011485
5893,1,1978,3,2,5,3,2,5,5,0.375,0.427778,1345.469598,0.013433,0.002702,0.000071,6,220,0.2,0.039643
3790,1,2399,4,5,9,4,5,9,8,0.243021,0.270178,2602.140007,0.004584,0.002575,0.000096,3,53,0.083333,0.010804
6523,1,1282,4,0,4,4,0,4,0,0,0,0,0.008353,0,0.000075,1,155,0.083333,0.036097
6361,1,4350,1,0,1,1,0,1,0,0,0,0,0.002643,0,0.000058,3,130,0,0.003337
4095,1,4349,1,0,1,1,0,1,0,0,0,0,0.002643,0,0.000058,3,130,0,0.003337
5978,1,834,5,0,5,5,0,5,0,0,0,0,0.011349,0,0.000132,1,76,0.05,0.046385
2118,1,4348,1,0,1,1,0,1,0,0,0,0,0.002643,0,0.000058,3,130,0,0.003337
2976,1,4346,1,0,1,1,0,1,0,0,0,0,0.002643,0,0.000058,3,130,0,0.003337
4137,1,3022,6,3,9,6,3,9,7,0.305953,0.341206,4450.785228,0.003938,0.012938,0.000148,5,130,0.027778,0.009392
2072,1,3369,2,5,7,2,5,7,8,0.231857,0.25584,2134.465442,0.017582,0.002727,0.000062,3,227,0.02381,0.022692
6967,1,2398,2,0,2,2,0,2,0,0,0,0,0.002731,0,0.000074,3,53,0.5,0.00489
5878,1,4345,1,0,1,1,0,1,0,0,0,0,0.002643,0,0.000058,3,130,0,0.003337
313,1,4344,1,0,1,1,0,1,0,0,0,0,0.002643,0,0.000058,3,130,0,0.003337
4214,1,2572,3,1,4,3,1,4,11,0.148596,0.155748,2196.665063,0.00678,0.000353,0.000072,4,209,0,0.018877
5150,1,2354,2,0,2,2,0,2,0,0,0,0,0.007443,0,0.000065,3,130,0,0.021171
2860,1,4341,2,0,2,2,0,2,0,0,0,0,0.002646,0,0.000088,3,65,0,0.004187
2813,1,4340,1,3,4,1,3,4,8,0.225352,0.245057,263.828567,0.002643,0.000194,0.000058,10,110,0.083333,0.003337
5664,1,4335,1,0,1,1,0,1,0,0,0,0,0.002643,0,0.000058,3,130,0,0.003337
5603,1,733,3,0,3,3,0,3,0,0,0,0,0.009938,0,0.00009,3,130,0.166667,0.086231
5342,1,2819,3,2,5,3,2,5,8,0.272727,0.314871,336.062318,0.001213,0.003253,0.000076,12,90,0.05,0.006737
2249,1,3815,1,3,4,1,3,4,9,0.210859,0.225525,33.547312,0.00067,0.000358,0.00006,7,202,0.083333,0.00107
1732,1,3814,1,6,7,1,6,7,8,0.275318,0.294324,565.923706,0.00067,0.003089,0.00006,10,40,0.02381,0.00107
1895,1,3813,1,1,2,1,1,2,8,0.213386,0.2339,26.380454,0.00067,0.000101,0.00006,10,108,0,0.00107
1988,1,3607,1,1,2,1,1,2,8,0.186905,0.194192,83.950021,0.001506,0.000024,0.000058,10,75,0,0.002441
5257,1,3604,1,0,1,1,0,1,0,0,0,0,0.001506,0,0.000058,4,227,0,0.002441
4729,1,3352,2,1,3,2,1,3,1,1,1,34.998395,0.001395,0.000055,0.000061,4,88,0.166667,0.002543
2906,1,3363,2,1,3,2,1,3,1,1,1,0,0.001395,0.00011,0.000061,4,88,0.5,0.002543
2193,1,1093,5,0,5,5,0,5,0,0,0,0,0.003032,0,0.0003,14,57,0,0.020464
4245,1,2162,5,3,8,5,3,8,8,0.225,0.281746,1820.522338,0.000839,0.000163,0.000181,3,42,0,0.010642
4166,1,5300,1,3,4,1,3,4,9,0.201157,0.226889,175.212486,0.000021,0.00181,0.00008,3,151,0,0.001044
7020,1,3007,2,3,5,2,3,5,8,0.262256,0.281391,2203.689684,0.000686,0.00124,0.000083,6,151,0,0.004502
1610,1,6521,0,1,1,0,1,1,7,0.289388,0.312833,0,0,0.00283,0.000056,5,8,0,0
1840,1,4247,1,4,5,1,4,5,9,0.267447,0.29106,1880.415793,0.000044,0.002766,0.000065,5,130,0,0.001258
1612,1,6522,0,1,1,0,1,1,11,0.190378,0.201858,0,0,0.000137,0.000056,14,230,0,0
4135,1,113,9,2,11,9,2,11,2,0.75,0.833333,3037.664827,0.018494,0.001752,0.000679,10,200,0.1,0.210761
2839,1,6523,0,3,3,0,3,3,7,0.302698,0.3306,0,0,0.006887,0.000056,5,8,0.166667,0
1614,1,6524,0,3,3,0,3,3,12,0.212722,0.225742,0,0,0.000222,0.000056,5,53,0,0
5037,1,2500,2,0,2,2,0,2,0,0,0,0,0.007557,0,0.000061,3,9,0,0.010806
4519,1,4641,1,0,1,1,0,1,0,0,0,0,0,0,0.000105,1,108,0,0.000857
6462,1,6525,0,2,2,0,2,2,9,0.213616,0.228392,0,0,0.000592,0.000056,3,217,0,0
1658,1,4916,1,3,4,1,3,4,10,0.220518,0.23516,266.147732,0.000137,0.000731,0.000072,8,91,0,0.000956
2692,1,3203,4,14,18,4,14,18,8,0.282496,0.308097,7226.507477,0.015734,0.012087,0.000089,9,236,0.045752,0.024696
1623,1,6526,0,4,4,0,4,4,8,0.269883,0.28707,0,0,0.00249,0.000056,9,175,0.166667,0
1626,1,6527,0,1,1,0,1,1,8,0.241874,0.256971,0,0,0.000732,0.000056,3,200,0,0
3786,1,6529,0,4,4,0,4,4,2,0.833333,0.9,0,0,0.000526,0.000056,14,78,0.25,0
3555,1,6528,1,0,1,1,0,1,0,0,0,0,0.000018,0,0.000067,14,78,0,0.000757
5925,1,3558,2,1,3,2,1,3,2,0.666667,0.75,0,0.000018,0.000016,0.000098,14,78,0.5,0.002801
6325,1,2962,4,1,5,4,1,5,1,1,1,269.983384,0.00048,0.000001,0.000183,14,78,0.15,0.006612
4429,1,3559,2,2,4,2,2,4,2,0.75,0.833333,1092.498401,0.014957,0.000017,0.000071,14,78,0.25,0.020112
5334,1,4913,1,1,2,1,1,2,9,0.219103,0.230071,88.110736,0.000252,0.000828,0.00006,1,168,0,0.001343
6829,1,690,7,0,7,7,0,7,0,0,0,0,0.001285,0,0.000303,3,168,0.047619,0.018078
1629,1,6531,0,3,3,0,3,3,9,0.194341,0.205754,0,0,0.000343,0.000056,14,230,0.166667,0
2943,1,3301,4,10,14,4,10,14,8,0.240459,0.261112,2704.046498,0.000956,0.002838,0.000106,14,230,0.186813,0.005098
2331,1,6530,2,1,3,2,1,3,9,0.184555,0.203548,22.071949,0.000285,0.000046,0.000075,14,230,0,0.001514
4951,1,4757,1,5,6,1,5,6,10,0.219543,0.238962,1599.533333,0.000007,0.000963,0.000072,7,239,0.1,0.000869
5687,1,949,9,6,15,9,6,15,4,0.371901,0.446296,1274.235053,0.001135,0.002746,0.00024,7,239,0.052381,0.02337
3176,1,5689,2,2,4,2,2,4,9,0.269111,0.300562,2546.211888,0.000126,0.005285,0.000071,7,134,0.083333,0.001701
2807,1,5688,1,1,2,1,1,2,1,1,1,0,0.000025,0.000003,0.000063,7,134,0.5,0.000944
1635,1,6533,0,10,10,0,10,10,8,0.24288,0.263281,0,0,0.002963,0.000056,10,122,0.088889,0
2441,1,6532,2,2,4,2,2,4,7,0.267163,0.288589,184.932236,0.00012,0.001839,0.000076,10,82,0,0.001514
3682,1,3265,3,4,7,3,4,7,8,0.2746,0.322321,603.600709,0.001113,0.003447,0.000077,7,112,0.047619,0.00478
1640,1,6535,0,5,5,0,5,5,9,0.222942,0.239054,0,0,0.000766,0.000056,1,178,0.05,0
3690,1,6534,1,0,1,1,0,1,0,0,0,0,0.000026,0,0.000065,1,178,0,0.000757
2326,1,3286,5,11,16,5,11,16,9,0.238707,0.260721,4999.898938,0.002863,0.003586,0.000109,7,147,0.020833,0.010588
4350,1,3804,2,0,2,2,0,2,0,0,0,0,0.000169,0,0.00007,7,244,0,0.002325
6088,1,3807,1,2,3,1,2,3,3,0.44,0.515152,11.501166,0.000044,0.000931,0.000063,1,244,0,0.000876
1642,1,6536,0,2,2,0,2,2,9,0.213265,0.227661,0,0,0.00066,0.000056,9,217,0,0
1748,1,2744,5,6,11,5,6,11,8,0.251882,0.277362,1811.568977,0.001322,0.0093,0.000082,1,137,0.1,0.009645
2492,1,5476,1,10,11,1,10,11,8,0.261609,0.29179,259.950974,0.000424,0.005255,0.000058,1,137,0.127273,0.00095
2301,1,5474,1,1,2,1,1,2,7,0.305104,0.33919,459.036691,0.000424,0.012207,0.000058,9,34,0,0.00095
6620,1,1267,4,0,4,4,0,4,0,0,0,0,0.001799,0,0.000181,8,34,0.083333,0.011505
2348,1,3646,3,12,15,3,12,15,11,0.18569,0.220874,1017.046524,0.000456,0.006324,0.000071,14,148,0.085714,0.003791
6650,1,609,3,0,3,3,0,3,0,0,0,0,0.00014,0,0.000279,14,241,0,0.006585
6430,1,3509,2,0,2,2,0,2,0,0,0,0,0.000738,0,0.000066,14,241,0,0.005067
2862,1,3507,4,2,6,4,2,6,5,0.343284,0.412319,70.121665,0.000961,0.002345,0.000131,14,241,0.033333,0.007281
1648,1,6538,0,3,3,0,3,3,10,0.179213,0.191672,0,0,0.000692,0.000056,3,134,0,0
6626,1,6537,1,0,1,1,0,1,0,0,0,0,0.000024,0,0.000071,3,134,0,0.000757
1649,1,6540,0,2,2,0,2,2,3,0.5,0.595238,0,0,0.000082,0.000056,3,210,0,0
2471,1,6539,1,0,1,1,0,1,0,0,0,0,0.000003,0,0.000079,3,210,0,0.000757
1652,1,6541,0,1,1,0,1,1,9,0.203924,0.212828,0,0,0.000026,0.000056,8,91,0,0
3844,1,2536,2,2,4,2,2,4,8,0.255912,0.273281,2297.530399,0.000755,0.001499,0.000117,8,91,0.166667,0.00393
1653,1,6542,0,1,1,0,1,1,7,0.305104,0.33919,0,0,0.012207,0.000056,9,10,0,0
1704,1,1110,5,2,7,5,2,7,1,1,1,475.725703,0.001171,0.001272,0.000163,11,133,0.02381,0.010871
5923,1,692,3,1,4,3,1,4,1,1,1,103.780004,0.000967,0.000119,0.000296,1,4,0.083333,0.01321
674,1,1583,4,0,4,4,0,4,0,0,0,0,0.002165,0,0.000156,8,91,0.166667,0.012841
3657,1,4915,1,0,1,1,0,1,0,0,0,0,0.000025,0,0.000076,8,91,0,0.000863
1662,1,6543,0,1,1,0,1,1,11,0.204166,0.216389,0,0,0.000014,0.000056,2,146,0,0
1663,1,6546,0,3,3,0,3,3,9,0.25923,0.278129,0,0,0.00166,0.000056,3,210,0,0
4189,1,6545,1,1,2,1,1,2,2,0.666667,0.75,1.5,0.000056,0.000247,0.000071,3,210,0,0.000757
6218,1,6544,2,1,3,2,1,3,3,0.416667,0.466667,13.166667,0.000095,0.000772,0.000087,3,210,0,0.001514
4974,1,724,3,2,5,3,2,5,4,0.359551,0.40625,5945.288254,0.005204,0.000173,0.000113,1,91,0,0.082812
1926,1,5344,1,0,1,1,0,1,0,0,0,0,0.00004,0,0.000066,1,72,0,0.000944
3361,1,5523,1,2,3,1,2,3,9,0.252462,0.271248,103.923786,0.000117,0.001971,0.000063,4,166,0.166667,0.000944
4965,1,6547,0,1,1,0,1,1,8,0.200472,0.215159,0,0,0.000531,0.000056,9,55,0,0
5631,1,946,8,6,14,8,6,14,7,0.294798,0.358263,7346.88585,0.003825,0.002858,0.000223,10,199,0.027473,0.035584
1669,1,6548,0,3,3,0,3,3,10,0.207051,0.223413,0,0,0.004051,0.000056,8,91,0.166667,0
1671,1,6550,0,3,3,0,3,3,9,0.268637,0.291867,0,0,0.002535,0.000056,3,94,0.166667,0
2519,1,6549,1,2,3,1,2,3,9,0.261293,0.283559,4.825359,0.000086,0.00232,0.000071,3,94,0.166667,0.000757
6189,1,6551,0,1,1,0,1,1,6,0.263736,0.309028,0,0,0.000033,0.000056,14,241,0,0
1676,1,6552,0,1,1,0,1,1,4,0.433333,0.480769,0,0,0.000327,0.000056,3,28,0,0
1677,1,6553,0,4,4,0,4,4,7,0.294745,0.320532,0,0,0.007137,0.000056,5,45,0.083333,0
5432,1,1143,4,1,5,4,1,5,4,0.375,0.458333,167.20314,0.001647,0.000795,0.000123,7,21,0.05,0.012203
1462,1,3212,5,8,13,5,8,13,9,0.217942,0.237095,7543.313786,0.016532,0.005998,0.000075,1,155,0.044872,0.025882
1680,1,6554,0,3,3,0,3,3,7,0.294043,0.318352,0,0,0.007696,0.000056,5,8,0.5,0
1681,1,6555,0,1,1,0,1,1,8,0.234153,0.249428,0,0,0.000003,0.000056,8,18,0,0
3772,1,2946,3,3,6,3,3,6,6,0.287356,0.38,302.937368,0.001463,0.000744,0.00008,1,229,0.033333,0.007357
6887,1,653,3,0,3,3,0,3,0,0,0,0,0.015463,0,0.000118,2,153,0,0.023813
3526,1,4723,1,2,3,1,2,3,9,0.231395,0.277332,13.956818,0.000345,0.007936,0.000063,2,153,0.333333,0.000857
1685,1,6556,0,2,2,0,2,2,7,0.294695,0.318911,0,0,0.00393,0.000056,6,8,0,0
1686,1,6557,0,2,2,0,2,2,7,0.232275,0.25182,0,0,0.001226,0.000056,5,83,0,0
4593,1,1127,4,0,4,4,0,4,0,0,0,0,0.022976,0,0.000097,5,83,0.083333,0.051514
1687,1,6558,0,1,1,0,1,1,1,1,1,0,0,0.000031,0.000056,1,235,0,0
1689,1,6559,0,4,4,0,4,4,9,0.245771,0.262211,0,0,0.002658,0.000056,8,47,0.083333,0
1690,1,6560,0,2,2,0,2,2,10,0.219146,0.231812,0,0,0.000078,0.000056,3,81,0.5,0
3993,1,4304,1,1,2,1,1,2,10,0.147275,0.17271,20.289487,0.000617,0.000061,0.00006,14,55,0,0.001429
4499,1,4303,1,0,1,1,0,1,0,0,0,0,0.000617,0,0.00006,9,98,0,0.001429
1693,1,6561,0,1,1,0,1,1,8,0.222793,0.235634,0,0,0.000998,0.000056,1,184,0,0
1051,1,103,9,0,9,9,0,9,0,0,0,0,0.001601,0,0.00033,10,148,0.041667,0.019367
1697,1,6562,0,2,2,0,2,2,9,0.228799,0.248927,0,0,0.001693,0.000056,7,122,0,0
3254,1,3028,2,1,3,2,1,3,3,0.444444,0.541667,392.832051,0.000143,0.000015,0.000092,7,122,0,0.002707
1698,1,6563,0,2,2,0,2,2,11,0.187682,0.198044,0,0,0.000424,0.000056,4,71,0,0
6034,1,444,7,1,8,7,1,8,1,1,1,1002.559948,0.007447,0.000009,0.0003,9,122,0.071429,0.102678
5646,1,1594,4,0,4,4,0,4,0,0,0,0,0.005604,0,0.000094,4,71,0,0.021295
5591,1,974,8,3,11,8,3,11,4,0.392857,0.522727,2825.521288,0.003152,0.000896,0.000232,1,145,0.054545,0.034137
2467,1,4653,1,2,3,1,2,3,6,0.27907,0.344444,18.006667,0.000308,0.000027,0.000059,1,229,0,0.001255
2442,1,225,9,1,10,9,1,10,1,1,1,686.603139,0.007271,0.000509,0.000366,9,210,0.088889,0.065523
1703,1,6564,0,2,2,0,2,2,11,0.170944,0.179386,0,0,0.000707,0.000056,14,229,0,0
1705,1,6565,0,1,1,0,1,1,9,0.181487,0.194326,0,0,0.000164,0.000056,3,202,0,0
1706,1,6566,0,1,1,0,1,1,3,0.428571,0.5,0,0,0.000082,0.000056,6,220,0,0
6288,1,3900,2,0,2,2,0,2,0,0,0,0,0.000493,0,0.000088,5,207,0,0.002345
1712,1,6568,0,3,3,0,3,3,7,0.291572,0.316031,0,0,0.004291,0.000056,5,8,0,0
1918,1,6567,1,0,1,1,0,1,0,0,0,0,0.000146,0,0.000071,5,8,0,0.000757
1863,1,1864,6,1,7,6,1,7,8,0.231716,0.255724,582.080592,0.018458,0.001313,0.000102,4,162,0.071429,0.040484
2132,1,3698,1,2,3,1,2,3,7,0.308475,0.342909,163.002234,0.000353,0.012543,0.000058,6,93,0,0.001172
3287,1,3695,1,1,2,1,1,2,9,0.204574,0.238889,0,0.000353,0.000489,0.000058,14,65,0.5,0.001172
6324,1,1715,2,0,2,2,0,2,0,0,0,0,0.000389,0,0.000074,14,65,0.5,0.003639
2432,1,3984,1,0,1,1,0,1,0,0,0,0,0.000285,0,0.000059,4,189,0,0.001256
2131,1,3983,2,9,11,2,9,11,10,0.221425,0.237668,784.210428,0.000559,0.001065,0.000062,7,153,0.009091,0.002013
1716,1,6569,0,3,3,0,3,3,7,0.294143,0.318463,0,0,0.005575,0.000056,5,9,0.166667,0
3492,1,6570,0,2,2,0,2,2,7,0.305367,0.340008,0,0,0.012227,0.000056,7,10,0,0
2950,1,3086,2,0,2,2,0,2,0,0,0,0,0.000572,0,0.000096,7,10,0,0.002175
1719,1,6571,0,2,2,0,2,2,9,0.194372,0.204591,0,0,0.000217,0.000056,2,160,0,0
3955,1,5047,1,1,2,1,1,2,1,1,1,4,0.000006,0,0.00009,10,229,0,0.00095
2549,1,4260,1,5,6,1,5,6,9,0.294946,0.327027,323.020653,0.000554,0.012564,0.000058,3,129,0.233333,0.001168
5357,1,2791,3,0,3,3,0,3,0,0,0,0,0.005303,0,0.000068,9,129,0.5,0.016849
3032,1,2232,5,0,5,5,0,5,0,0,0,0,0.002101,0,0.000122,9,12,0.05,0.010587
6002,1,6572,0,2,2,0,2,2,10,0.193718,0.205744,0,0,0.000104,0.000056,14,57,0,0
5803,1,1896,5,5,10,5,5,10,6,0.31586,0.360993,1866.014599,0.007612,0.009646,0.000136,14,207,0.055556,0.017018
2708,1,4116,1,0,1,1,0,1,0,0,0,0,0.000159,0,0.000058,14,230,0,0.001287
3174,1,4111,2,0,2,2,0,2,0,0,0,0,0.000612,0,0.000064,14,230,0,0.002044
1724,1,6573,0,3,3,0,3,3,10,0.172355,0.19443,0,0,0.00165,0.000056,1,178,0,0
4194,1,3862,3,2,5,3,2,5,7,0.234375,0.284603,770.990747,0.001361,0.000411,0.000082,1,178,0,0.005525
3870,1,2516,3,1,4,3,1,4,9,0.212471,0.228688,154.136595,0.002106,0.000919,0.000075,4,143,0.083333,0.006764
4751,1,5506,1,1,2,1,1,2,3,0.5,0.611111,1.5,0.000185,0.000166,0.000062,12,143,0,0.000851
3483,1,5278,1,1,2,1,1,2,1,1,1,2.5,0.000041,0.000022,0.000062,3,229,0,0.000856
5414,1,3907,4,2,6,4,2,6,5,0.354839,0.423485,62.473917,0.000331,0.001352,0.000151,3,229,0.066667,0.003937
1728,1,6574,0,4,4,0,4,4,8,0.275229,0.306578,0,0,0.016176,0.000056,5,68,0.166667,0
1729,1,6575,0,1,1,0,1,1,6,0.300532,0.336947,0,0,0.007372,0.000056,2,3,0,0
3803,1,6576,0,3,3,0,3,3,7,0.289971,0.313836,0,0,0.003146,0.000056,5,244,0.166667,0
3522,1,2118,2,3,5,2,3,5,7,0.241888,0.272677,1278.0227,0.001714,0.00093,0.00008,3,47,0,0.009431
5773,1,1182,3,2,5,3,2,5,5,0.277108,0.343478,1564.412259,0.000181,0.001153,0.000136,14,67,0,0.006178
4919,1,3861,2,4,6,2,4,6,6,0.314286,0.39798,374.886676,0.000062,0.000317,0.000103,1,214,0.033333,0.002229
5846,1,2395,5,1,6,5,1,6,1,1,1,1.885747,0.002999,0.000251,0.000087,1,225,0.2,0.012396
3386,1,6214,1,2,3,1,2,3,6,0.308,0.345743,50.440575,0.000096,0.007666,0.000068,2,135,0,0.000851
6176,1,1817,3,1,4,3,1,4,1,1,1,72.302888,0.006634,0.000487,0.0001,3,233,0.083333,0.033689
6252,1,4140,1,0,1,1,0,1,0,0,0,0,0.000224,0,0.000064,9,206,0,0.001597
6307,1,4139,1,0,1,1,0,1,0,0,0,0,0.000224,0,0.000064,9,206,0,0.001597
3297,1,2647,5,5,10,5,5,10,7,0.309875,0.346511,2054.34532,0.001684,0.014395,0.000137,9,206,0.022222,0.009781
1742,1,6577,0,5,5,0,5,5,10,0.16979,0.182858,0,0,0.001339,0.000056,1,145,0.25,0
1743,1,6580,0,2,2,0,2,2,12,0.142354,0.147567,0,0,0,0.000056,4,120,0,0
2608,1,6579,1,0,1,1,0,1,0,0,0,0,0,0,0.000079,4,120,0,0.000757
2581,1,6578,1,1,2,1,1,2,11,0.165718,0.17262,1252,0,0.000024,0.000079,4,120,0,0.000757
1744,1,6581,0,4,4,0,4,4,8,0.286868,0.307495,0,0,0.005846,0.000056,3,172,0.166667,0
5901,1,1960,2,0,2,2,0,2,0,0,0,0,0.005843,0,0.000077,3,1,0,0.030789
6339,1,6583,0,8,8,0,8,8,8,0.276488,0.318029,0,0,0.013321,0.000056,14,55,0.035714,0
2734,1,6582,1,3,4,1,3,4,9,0.304011,0.339482,243.594175,0.000453,0.015442,0.000061,3,55,0.083333,0.000757
3223,1,1499,3,1,4,3,1,4,6,0.300532,0.336947,743.455012,0.005983,0.007372,0.000088,3,55,0,0.025381
2712,1,3263,2,3,5,2,3,5,3,0.583333,0.690476,246.882785,0.000843,0.000627,0.00007,12,46,0,0.003002
1750,1,6584,0,9,9,0,9,9,11,0.210835,0.230645,0,0,0.00342,0.000056,7,102,0.013889,0
1751,1,6585,0,4,4,0,4,4,11,0.26155,0.319207,0,0,0.016599,0.000056,10,33,0,0
3474,1,3747,2,2,4,2,2,4,7,0.251041,0.266564,342.549382,0.000241,0.00141,0.000075,7,18,0.166667,0.002409
1755,1,6586,0,14,14,0,14,14,9,0.251682,0.276388,0,0,0.008035,0.000056,10,223,0.06044,0
4167,1,1942,10,8,18,10,8,18,8,0.23739,0.261597,9529.182582,0.009623,0.00488,0.000155,10,34,0.114379,0.050966
4215,1,489,4,1,5,4,1,5,1,1,1,234.053845,0.002439,0.000139,0.000112,10,223,0,0.010783
1756,1,6587,0,3,3,0,3,3,12,0.175927,0.188009,0,0,0.00116,0.000056,4,200,0,0
1757,1,6588,0,1,1,0,1,1,9,0.206837,0.219394,0,0,0.00001,0.000056,7,71,0,0
1759,1,6589,0,2,2,0,2,2,9,0.218396,0.231507,0,0,0.000686,0.000056,3,140,0,0
1760,1,6592,0,7,7,0,7,7,10,0.18838,0.206484,0,0,0.002074,0.000056,14,212,0,0
1922,1,6591,1,3,4,1,3,4,9,0.224027,0.261043,199.832913,0.000071,0.007612,0.000062,14,62,0,0.000757
1763,1,6593,0,1,1,0,1,1,1,1,1,0,0,0.000003,0.000056,4,175,0,0
6331,1,1520,2,0,2,2,0,2,0,0,0,0,0.000077,0,0.000144,4,175,0,0.004582
1764,1,6594,0,4,4,0,4,4,8,0.249903,0.26594,0,0,0.00125,0.000056,1,190,0.083333,0
4015,1,2453,6,12,18,6,12,18,9,0.250814,0.285428,4732.78723,0.003808,0.011078,0.000116,7,5,0.068627,0.018269
1767,1,6595,0,1,1,0,1,1,9,0.216319,0.22936,0,0,0.001386,0.000056,9,178,0,0
1768,1,6596,0,6,6,0,6,6,8,0.277217,0.297679,0,0,0.003353,0.000056,1,37,0,0
6608,1,6597,0,1,1,0,1,1,9,0.239152,0.253725,0,0,0.001917,0.000056,9,54,0,0
3307,1,4029,1,2,3,1,2,3,2,0.6,0.666667,26.628571,0.000556,0.001149,0.00006,11,210,0.166667,0.001279
1770,1,6599,0,3,3,0,3,3,11,0.186385,0.197069,0,0,0.000228,0.000056,10,134,0.166667,0
2349,1,6598,1,5,6,1,5,6,10,0.227555,0.244618,1610.3,0.000008,0.002319,0.000071,10,134,0.033333,0.000757
1771,1,6600,0,2,2,0,2,2,9,0.211765,0.233752,0,0,0.000135,0.000056,7,53,0,0
583,1,4369,2,6,8,2,6,8,8,0.265911,0.30603,822.228682,0.000048,0.001831,0.000096,7,53,0.017857,0.00176
1772,1,6602,0,2,2,0,2,2,3,0.533333,0.604167,0,0,0.000301,0.000056,14,230,0,0
4578,1,6601,1,0,1,1,0,1,0,0,0,0,0.00001,0,0.000079,14,230,0,0.000757
5277,1,3569,1,0,1,1,0,1,0,0,0,0,0.014939,0,0.000059,5,8,0,0.019355
4684,1,3568,1,0,1,1,0,1,0,0,0,0,0.014939,0,0.000059,5,8,0,0.019355
4394,1,3567,1,0,1,1,0,1,0,0,0,0,0.014939,0,0.000059,5,8,0,0.019355
4405,1,3565,1,1,2,1,1,2,7,0.252796,0.292583,0,0.014939,0.002263,0.000059,5,8,0.5,0.019355
3514,1,3564,1,0,1,1,0,1,0,0,0,0,0.014939,0,0.000059,5,8,0,0.019355
3051,1,3563,1,1,2,1,1,2,5,0.333333,0.411111,116.988477,0.014939,0.000139,0.000059,5,57,0,0.019355
6228,1,2297,2,0,2,2,0,2,0,0,0,0,0.015177,0,0.000088,5,233,0,0.023437
3529,1,3562,2,2,4,2,2,4,4,0.413793,0.5,198.242771,0.014972,0.000382,0.000072,2,186,0,0.020212
6232,1,3561,1,2,3,1,2,3,1,1,1,696.3557,0.014939,0.000309,0.000059,9,130,0,0.019355
3496,1,3560,1,2,3,1,2,3,9,0.215066,0.231407,266.020071,0.014939,0.002675,0.000059,5,217,0.166667,0.019355
4430,1,3557,1,0,1,1,0,1,0,0,0,0,0.014939,0,0.000059,5,8,0,0.019355
6241,1,1071,4,0,4,4,0,4,0,0,0,0,0.016398,0,0.000152,4,18,0.083333,0.035208
4831,1,3556,2,0,2,2,0,2,0,0,0,0,0.017827,0,0.000062,3,8,0,0.023607
328,1,3555,1,0,1,1,0,1,0,0,0,0,0.014939,0,0.000059,5,8,0,0.019355
1769,1,2736,3,2,5,3,2,5,10,0.225294,0.250332,509.902046,0.022194,0.003743,0.00008,3,190,0.15,0.030239
2678,1,3516,2,4,6,2,4,6,10,0.275434,0.310073,3070.907101,0.016031,0.017381,0.000064,3,226,0.133333,0.022162
2178,1,3506,1,1,2,1,1,2,9,0.212186,0.225108,266.020071,0.014939,0.000412,0.000059,5,217,0,0.019355
3579,1,3505,1,1,2,1,1,2,1,1,1,356.992594,0.014939,0.000005,0.000059,5,115,0,0.019355
6276,1,3504,1,0,1,1,0,1,0,0,0,0,0.014939,0,0.000059,5,8,0,0.019355
2704,1,3500,1,1,2,1,1,2,4,0.384615,0.433333,81.126671,0.014939,0.00026,0.000059,10,80,0,0.019355
5363,1,3496,1,0,1,1,0,1,0,0,0,0,0.014939,0,0.000059,5,8,0,0.019355
1806,1,3495,1,0,1,1,0,1,0,0,0,0,0.014939,0,0.000059,5,8,0,0.019355
3593,1,3485,1,0,1,1,0,1,0,0,0,0,0.014939,0,0.000059,5,8,0,0.019355
5368,1,1483,2,0,2,2,0,2,0,0,0,0,0.016058,0,0.000076,5,8,0.5,0.032756
1817,1,3482,1,2,3,1,2,3,8,0.244693,0.260725,1538.916049,0.014939,0.002188,0.000059,6,22,0.166667,0.019355
3608,1,2778,2,2,4,2,2,4,10,0.219564,0.239419,1555.220335,0.016961,0.001967,0.000065,3,240,0.083333,0.026538
2010,1,3481,1,4,5,1,4,5,10,0.251096,0.275669,1601.162358,0.014939,0.002824,0.000059,9,188,0,0.019355
2730,1,2599,3,0,3,3,0,3,0,0,0,0,0.016931,0,0.000073,4,239,0,0.028173
6589,1,3479,1,0,1,1,0,1,0,0,0,0,0.014939,0,0.000059,5,8,0,0.019355
6328,1,3478,1,2,3,1,2,3,8,0.247194,0.268642,0,0.014939,0.004866,0.000059,5,8,0.5,0.019355
4349,1,3477,1,4,5,1,4,5,9,0.210718,0.227551,3767.636551,0.014939,0.002472,0.000059,3,71,0.05,0.019355
6332,1,772,5,0,5,5,0,5,0,0,0,0,0.021791,0,0.000128,9,165,0.1,0.10888
3639,1,3469,1,0,1,1,0,1,0,0,0,0,0.014939,0,0.000059,5,8,0,0.019355
6338,1,542,6,0,6,6,0,6,0,0,0,0,0.021433,0,0.000444,9,244,0.066667,0.12321
6341,1,3467,1,1,2,1,1,2,1,1,1,293.291484,0.014939,0.000057,0.000059,9,8,0,0.019355
1881,1,3466,1,0,1,1,0,1,0,0,0,0,0.014939,0,0.000059,5,8,0,0.019355
4551,1,910,4,0,4,4,0,4,0,0,0,0,0.025904,0,0.000093,3,208,0.166667,0.071922
5431,1,666,2,0,2,2,0,2,0,0,0,0,0.015736,0,0.000091,5,8,0,0.032371
3667,1,1563,2,0,2,2,0,2,0,0,0,0,0.018134,0,0.000067,5,8,0.5,0.032922
2783,1,3443,1,2,3,1,2,3,11,0.199047,0.2188,660.241639,0.014939,0.002484,0.000059,5,114,0.166667,0.019355
1892,1,3441,1,3,4,1,3,4,9,0.245101,0.2686,432.023077,0.014939,0.004491,0.000059,5,114,0.166667,0.019355
1898,1,3439,1,2,3,1,2,3,9,0.217688,0.237453,0,0.014939,0.002306,0.000059,5,91,0.5,0.019355
2795,1,3438,1,1,2,1,1,2,8,0.226504,0.24532,155.374471,0.014939,0.000432,0.000059,5,56,0,0.019355
5455,1,3437,1,0,1,1,0,1,0,0,0,0,0.014939,0,0.000059,5,8,0,0.019355
2797,1,2654,2,1,3,2,1,3,8,0.246055,0.266334,2085.951978,0.016809,0.002603,0.000064,5,89,0.166667,0.027076
6380,1,261,14,0,14,14,0,14,0,0,0,0,0.034531,0,0.000522,4,153,0.049451,0.177087
2929,1,259,3,0,3,3,0,3,0,0,0,0,0.017992,0,0.000217,5,8,0.166667,0.070719
5482,1,2967,2,2,4,2,2,4,7,0.316347,0.351168,509.421914,0.017473,0.014362,0.000062,5,156,0.083333,0.026559
1933,1,3430,2,3,5,2,3,5,10,0.232405,0.247701,507.55656,0.017827,0.002851,0.000062,14,39,0.05,0.023607
2837,1,3428,2,5,7,2,5,7,8,0.262797,0.284435,5409.244967,0.014958,0.003956,0.000086,1,210,0.095238,0.020399
3749,1,2415,7,5,12,7,5,12,8,0.263297,0.284155,1977.755544,0.02537,0.002627,0.000089,1,122,0.022727,0.038608
6445,1,2568,4,0,4,4,0,4,0,0,0,0,0.015966,0,0.000096,3,204,0,0.025756
3755,1,3426,1,0,1,1,0,1,0,0,0,0,0.014939,0,0.000059,5,8,0,0.019355
5602,1,1452,3,0,3,3,0,3,0,0,0,0,0.015245,0,0.000114,5,223,0.333333,0.026755
6471,1,1757,3,6,9,3,6,9,10,0.223617,0.247429,4182.404119,0.020004,0.004723,0.000071,4,112,0.166667,0.040644
4667,1,3424,1,1,2,1,1,2,7,0.252796,0.292583,0,0.014939,0.002263,0.000059,5,8,0.5,0.019355
4678,1,3419,2,0,2,2,0,2,0,0,0,0,0.015426,0,0.000067,2,82,0,0.02129
6490,1,780,3,0,3,3,0,3,0,0,0,0,0.021034,0,0.000106,8,8,0.166667,0.102775
276,1,1709,2,5,7,2,5,7,6,0.329201,0.37378,1519.014436,0.018134,0.01146,0.000067,5,182,0.166667,0.032922
5563,1,737,4,1,5,4,1,5,6,0.300532,0.336947,1698.75605,0.018177,0.007372,0.000252,5,13,0.1,0.04183
5553,1,777,7,3,10,7,3,10,4,0.391304,0.486111,11670.72761,0.02182,0.001297,0.000194,5,214,0.055556,0.114815
6500,1,1109,7,0,7,7,0,7,0,0,0,0,0.016397,0,0.000287,11,9,0.047619,0.032268
4701,1,1187,6,1,7,6,1,7,7,0.252796,0.292583,234.627903,0.021361,0.002263,0.000159,9,68,0.166667,0.056133
4343,1,1527,2,0,2,2,0,2,0,0,0,0,0.016058,0,0.000076,5,8,0.5,0.032756
4705,1,2800,2,1,3,2,1,3,8,0.221557,0.273069,0,0.015286,0.001508,0.000068,3,152,0.333333,0.021642
2498,1,3388,1,3,4,1,3,4,8,0.259537,0.287408,0,0.014939,0.01177,0.000059,5,142,0.25,0.019355
6532,1,135,5,1,6,5,1,6,2,0.6,0.666667,576.220766,0.021364,0.001124,0.000278,3,125,0.1,0.089196
2025,1,3383,1,1,2,1,1,2,1,1,1,424.189782,0.014939,0.000011,0.000059,3,81,0,0.019355
4733,1,3382,1,0,1,1,0,1,0,0,0,0,0.014939,0,0.000059,5,8,0,0.019355
2031,1,3381,1,10,11,1,10,11,7,0.29899,0.327866,3733.770796,0.014939,0.01234,0.000059,10,152,0.081818,0.019355
3851,1,1710,2,2,4,2,2,4,7,0.266129,0.3136,408.31307,0.018134,0.002443,0.000067,3,76,0.25,0.032922
6551,1,759,3,0,3,3,0,3,0,0,0,0,0.025693,0,0.000093,5,8,0.166667,0.105969
2042,1,3378,1,2,3,1,2,3,10,0.214914,0.231621,959.629227,0.014939,0.000146,0.000059,3,2,0,0.019355
2045,1,3375,1,1,2,1,1,2,3,0.466667,0.52381,94.517767,0.014939,0.000687,0.000059,5,8,0,0.019355
4758,1,2669,3,0,3,3,0,3,0,0,0,0,0.022423,0,0.000068,3,218,0,0.031278
3954,1,3373,1,1,2,1,1,2,11,0.1982,0.218599,0,0.014939,0.002036,0.000059,5,8,0.5,0.019355
4766,1,2763,4,3,7,4,3,7,7,0.256757,0.30683,871.710207,0.033215,0.003827,0.000068,5,156,0.142857,0.045873
6580,1,3371,1,0,1,1,0,1,0,0,0,0,0.014939,0,0.000059,5,8,0,0.019355
2827,1,3370,1,0,1,1,0,1,0,0,0,0,0.014939,0,0.000059,5,8,0,0.019355
3907,1,2131,2,0,2,2,0,2,0,0,0,0,0.015725,0,0.000065,5,8,0,0.02465
5299,1,3347,1,2,3,1,2,3,8,0.262062,0.280669,703.817353,0.014939,0.001102,0.000059,6,8,0,0.019355
2122,1,3345,1,1,2,1,1,2,9,0.26778,0.298465,0,0.014939,0.004848,0.000059,3,1,0.5,0.019355
4807,1,3344,1,0,1,1,0,1,0,0,0,0,0.014939,0,0.000059,5,8,0,0.019355
3934,1,3343,3,2,5,3,2,5,7,0.257336,0.303906,53.162975,0.022973,0.003428,0.000065,5,212,0.15,0.029881
6146,1,1126,2,0,2,2,0,2,0,0,0,0,0.018134,0,0.000067,5,8,0.5,0.032922
6161,1,3340,1,0,1,1,0,1,0,0,0,0,0.014939,0,0.000059,5,8,0,0.019355
2135,1,3339,1,0,1,1,0,1,0,0,0,0,0.014939,0,0.000059,5,8,0,0.019355
2138,1,3338,1,11,12,1,11,12,7,0.29725,0.325545,8489.910074,0.014939,0.025045,0.000059,3,179,0.106061,0.019355
6652,1,3336,1,0,1,1,0,1,0,0,0,0,0.014939,0,0.000059,5,8,0,0.019355
2679,1,3334,1,0,1,1,0,1,0,0,0,0,0.014939,0,0.000059,5,8,0,0.019355
3958,1,3333,1,3,4,1,3,4,1,1,1,1096.193831,0.014939,0.000161,0.000059,5,47,0,0.019355
6672,1,231,7,0,7,7,0,7,0,0,0,0,0.021106,0,0.000396,5,68,0.047619,0.10168
2167,1,3328,1,1,2,1,1,2,10,0.218772,0.238129,0,0.014939,0.001795,0.000059,5,8,0.5,0.019355
2191,1,3323,1,2,3,1,2,3,8,0.275815,0.293778,5548.966033,0.014939,0.004107,0.000059,5,28,0.166667,0.019355
4870,1,1054,3,3,6,3,3,6,10,0.207555,0.236329,279.657097,0.015613,0.002975,0.000083,1,103,0.133333,0.025639
6707,1,2280,3,1,4,3,1,4,1,1,1,1154,0.019089,0,0.000075,5,120,0,0.036139
1516,1,3322,1,1,2,1,1,2,9,0.200646,0.213574,479.062821,0.014939,0.000134,0.000059,5,175,0,0.019355
3105,1,3320,1,0,1,1,0,1,0,0,0,0,0.014939,0,0.000059,5,8,0,0.019355
5807,1,748,6,1,7,6,1,7,6,0.300532,0.336947,1833.993296,0.024092,0.007372,0.000136,3,153,0.119048,0.119258
3536,1,3319,1,1,2,1,1,2,4,0.428571,0.490741,155.220541,0.014939,0.000245,0.000059,10,203,0,0.019355
5809,1,3318,2,0,2,2,0,2,0,0,0,0,0.014958,0,0.000083,5,188,0,0.020112
3119,1,2633,5,11,16,5,11,16,10,0.250973,0.292501,4607.549512,0.02272,0.018029,0.00008,9,232,0.020833,0.035773
6739,1,260,4,0,4,4,0,4,0,0,0,0,0.019123,0,0.000231,3,215,0.333333,0.067017
5820,1,3317,1,1,2,1,1,2,7,0.197674,0.259664,226.812614,0.014939,0.000163,0.000059,5,8,0,0.019355
2237,1,3316,1,1,2,1,1,2,7,0.258065,0.321726,0,0.014939,0.001517,0.000059,5,8,0.5,0.019355
3139,1,3314,1,1,2,1,1,2,8,0.246055,0.266334,0,0.014939,0.002603,0.000059,5,8,0.5,0.019355
4926,1,1733,2,2,4,2,2,4,1,1,1,632.598266,0.018134,0.001035,0.000067,1,39,0.166667,0.032922
6185,1,1562,3,0,3,3,0,3,0,0,0,0,0.018155,0,0.000114,5,8,0.166667,0.033679
5983,1,1780,4,0,4,4,0,4,0,0,0,0,0.018261,0,0.00011,4,63,0.166667,0.035494
4073,1,3310,2,2,4,2,2,4,1,1,1,338.035238,0.015193,0.000302,0.000063,14,16,0.083333,0.020514
4089,1,3144,3,5,8,3,5,8,8,0.216772,0.234217,1473.018952,0.016102,0.003337,0.000072,11,240,0.071429,0.023076
3959,1,1551,2,2,4,2,2,4,7,0.254464,0.298789,1246.752005,0.016058,0.0024,0.000076,5,122,0.166667,0.032756
6800,1,896,4,0,4,4,0,4,0,0,0,0,0.018156,0,0.000107,9,227,0,0.048397
6804,1,722,6,0,6,6,0,6,0,0,0,0,0.021361,0,0.000265,3,210,0.033333,0.108348
6827,1,1955,6,3,9,6,3,9,1,1,1,3535.010114,0.024713,0.000441,0.0001,5,34,0.041667,0.067817
5013,1,3287,1,4,5,1,4,5,10,0.209356,0.227539,1951.819927,0.014939,0.000308,0.000059,7,112,0.05,0.019355
5031,1,3276,1,0,1,1,0,1,0,0,0,0,0.014939,0,0.000059,5,8,0,0.019355
5034,1,3275,5,1,6,5,1,6,1,1,1,149.225821,0.015118,0.000016,0.000132,5,96,0,0.022777
4157,1,3274,1,0,1,1,0,1,0,0,0,0,0.014939,0,0.000059,5,8,0,0.019355
6880,1,1344,3,0,3,3,0,3,0,0,0,0,0.016919,0,0.000115,4,200,0,0.034899
4160,1,1484,3,0,3,3,0,3,0,0,0,0,0.016149,0,0.000084,5,202,0.166667,0.033513
1398,1,3267,1,1,2,1,1,2,7,0.252796,0.292583,0,0.014939,0.002263,0.000059,5,8,0.5,0.019355
5959,1,604,4,0,4,4,0,4,0,0,0,0,0.023158,0,0.000105,5,139,0.083333,0.057192
6888,1,1122,6,0,6,6,0,6,0,0,0,0,0.022428,0,0.000107,3,81,0.066667,0.063793
3299,1,3256,1,1,2,1,1,2,10,0.218772,0.238129,0,0.014939,0.001795,0.000059,5,8,0.5,0.019355
6924,1,685,6,0,6,6,0,6,0,0,0,0,0.027821,0,0.000135,3,217,0.066667,0.134042
4206,1,1919,4,0,4,4,0,4,0,0,0,0,0.028212,0,0.000077,3,207,0.083333,0.060203
2411,1,3255,1,0,1,1,0,1,0,0,0,0,0.014939,0,0.000059,5,8,0,0.019355
2414,1,3254,1,3,4,1,3,4,7,0.223077,0.320608,1202.105783,0.014939,0.00016,0.000059,3,213,0.083333,0.019355
5115,1,681,4,2,6,4,2,6,9,0.228608,0.258427,14421.78517,0.023385,0.002347,0.000102,9,244,0.066667,0.111921
5596,1,3251,1,0,1,1,0,1,0,0,0,0,0.014939,0,0.000059,5,8,0,0.019355
5121,1,3250,1,0,1,1,0,1,0,0,0,0,0.014939,0,0.000059,5,8,0,0.019355
4235,1,2214,5,4,9,5,4,9,6,0.309724,0.345323,4079.524246,0.020123,0.013915,0.000093,5,236,0.069444,0.044173
5143,1,2923,4,2,6,4,2,6,2,0.75,0.833333,357.865376,0.022296,0.000587,0.000122,3,47,0,0.031419
4243,1,1188,2,1,3,2,1,3,8,0.261867,0.279944,4833.898161,0.015189,0.001101,0.000074,6,43,0,0.022586
2459,1,3240,2,1,3,2,1,3,9,0.26778,0.298465,0,0.017827,0.004848,0.000062,3,1,0.333333,0.023607
2461,1,2677,2,1,3,2,1,3,3,0.5,0.611111,56.775738,0.016531,0.000285,0.000062,5,201,0,0.024427
4532,1,3239,2,1,3,2,1,3,8,0.237431,0.253481,236.999007,0.015431,0.000291,0.000064,5,207,0,0.02085
6427,1,3238,2,1,3,2,1,3,2,0.6,0.666667,9.989675,0.020085,0.001124,0.000062,3,70,0.166667,0.025629
6066,1,3237,1,0,1,1,0,1,0,0,0,0,0.014939,0,0.000059,5,8,0,0.019355
7001,1,3234,2,3,5,2,3,5,8,0.227249,0.24534,857.009911,0.015018,0.001876,0.000085,5,91,0.15,0.021306
3391,1,2943,3,2,5,3,2,5,8,0.258795,0.2928,451.682316,0.015203,0.008771,0.000085,2,204,0.1,0.022589
4277,1,1115,3,1,4,3,1,4,8,0.261867,0.279944,826.015952,0.019176,0.001101,0.000075,6,125,0.083333,0.034836
3914,1,3231,1,3,4,1,3,4,10,0.220943,0.241984,338.106441,0.014939,0.002192,0.000059,5,96,0.083333,0.019355
7031,1,14,5,0,5,5,0,5,0,0,0,0,0.017892,0,0.00156,5,40,0.05,0.047903
6560,1,1934,2,0,2,2,0,2,0,0,0,0,0.014959,0,0.000089,3,229,0,0.021856
1636,1,3221,1,2,3,1,2,3,9,0.267904,0.298898,37.64521,0.014939,0.005347,0.000059,3,108,0.166667,0.019355
6951,1,3220,1,0,1,1,0,1,0,0,0,0,0.014939,0,0.000059,5,8,0,0.019355
5206,1,1628,3,1,4,3,1,4,7,0.258065,0.321726,66.184412,0.015537,0.001517,0.000121,3,75,0.083333,0.024527
6690,1,3219,1,0,1,1,0,1,0,0,0,0,0.014939,0,0.000059,5,8,0,0.019355
6127,1,3218,1,8,9,1,8,9,9,0.291018,0.324695,3464.245277,0.014939,0.010047,0.000059,8,117,0.055556,0.019355
5217,1,3033,4,2,6,4,2,6,8,0.231691,0.246463,1503.884388,0.016447,0.001536,0.000078,9,179,0.066667,0.024953
2544,1,3214,2,2,4,2,2,4,8,0.281567,0.30613,8306.973544,0.015137,0.004866,0.000068,5,129,0.083333,0.021331
1531,1,3207,1,0,1,1,0,1,0,0,0,0,0.014939,0,0.000059,5,8,0,0.019355
6558,1,3206,2,0,2,2,0,2,0,0,0,0,0.015059,0,0.000069,5,178,0,0.020112
4821,1,2014,2,0,2,2,0,2,0,0,0,0,0.018324,0,0.000067,5,8,0,0.033909
5720,1,4064,1,0,1,1,0,1,0,0,0,0,0.000477,0,0.000059,7,68,0,0.001378
2546,1,4063,1,0,1,1,0,1,0,0,0,0,0.000477,0,0.000059,7,68,0,0.001378
4248,1,4062,1,2,3,1,2,3,8,0.216333,0.238973,3.416051,0.000477,0.000555,0.000059,7,68,0.166667,0.001378
6398,1,3701,2,0,2,2,0,2,0,0,0,0,0.005623,0,0.000062,7,68,0,0.007652
1736,1,2458,2,3,5,2,3,5,7,0.261277,0.283241,5349.053232,0.002537,0.003241,0.000065,7,68,0.3,0.009883
5311,1,2452,2,1,3,2,1,3,5,0.364865,0.411728,0,0.000854,0.00262,0.000067,7,68,0.333333,0.003388
4565,1,2595,4,2,6,4,2,6,6,0.255034,0.290789,337.698015,0.00033,0.001378,0.000154,4,204,0,0.006567
3989,1,3090,4,2,6,4,2,6,1,1,1,341.581877,0.003196,0.000332,0.000072,10,91,0.033333,0.009729
1779,1,6603,0,1,1,0,1,1,8,0.266263,0.282219,0,0,0.001021,0.000056,9,195,0,0
1780,1,6604,0,1,1,0,1,1,10,0.192953,0.23775,0,0,0.000336,0.000056,6,93,0,0
1786,1,6605,0,5,5,0,5,5,8,0.294233,0.320749,0,0,0.007998,0.000056,3,70,0,0
1787,1,6606,0,6,6,0,6,6,7,0.308302,0.345646,0,0,0.013297,0.000056,4,110,0,0
3346,1,2418,2,0,2,2,0,2,0,0,0,0,0.00146,0,0.000067,4,110,0,0.003782
1384,1,1369,4,0,4,4,0,4,0,0,0,0,0.00572,0,0.00015,4,244,0,0.015165
5988,1,1939,5,0,5,5,0,5,0,0,0,0,0.018715,0,0.000106,3,233,0.2,0.062474
3355,1,3759,1,0,1,1,0,1,0,0,0,0,0.005146,0,0.000058,9,195,0,0.006274
3120,1,3080,4,1,5,4,1,5,5,0.269231,0.333333,32.513768,0.018402,0.000717,0.000071,4,59,0.15,0.027481
4877,1,1204,5,2,7,5,2,7,3,0.5,0.611111,2281.270453,0.006497,0.001166,0.000142,9,2,0.02381,0.023691
6156,1,2200,3,1,4,3,1,4,8,0.200472,0.215159,219.356339,0.008544,0.000531,0.000085,9,135,0,0.021984
4007,1,2658,2,1,3,2,1,3,1,1,1,62.993678,0.005427,0.000213,0.000065,4,116,0.166667,0.008262
3626,1,3753,1,1,2,1,1,2,7,0.260638,0.30277,45.872204,0.005146,0.000309,0.000058,10,214,0,0.006274
5129,1,1666,2,0,2,2,0,2,0,0,0,0,0.006763,0,0.00008,3,17,0,0.024178
2222,1,3751,1,1,2,1,1,2,1,1,1,113.182858,0.005146,0.00017,0.000058,3,2,0,0.006274
6495,1,3750,1,0,1,1,0,1,0,0,0,0,0.005146,0,0.000058,9,195,0,0.006274
6311,1,1089,2,0,2,2,0,2,0,0,0,0,0.00525,0,0.000129,9,143,0,0.010556
2035,1,3745,1,7,8,1,7,8,9,0.265785,0.293252,588.642931,0.005146,0.015757,0.000058,3,39,0.089286,0.006274
6099,1,3036,2,0,2,2,0,2,0,0,0,0,0.005999,0,0.000065,9,2,0,0.009717
2582,1,3741,1,3,4,1,3,4,10,0.22644,0.245434,841.66432,0.005146,0.000266,0.000058,5,227,0,0.006274
4410,1,3738,1,2,3,1,2,3,8,0.256433,0.272719,30.237638,0.005146,0.002285,0.000058,9,117,0.166667,0.006274
4463,1,3737,2,0,2,2,0,2,0,0,0,0,0.005579,0,0.000065,10,214,0.5,0.007557
2786,1,2807,2,3,5,2,3,5,9,0.266424,0.301316,3247.027576,0.007366,0.015494,0.000063,9,165,0.15,0.014981
2534,1,2758,3,2,5,3,2,5,7,0.270526,0.303002,22.632957,0.012774,0.004568,0.000066,3,207,0.3,0.017089
6923,1,194,6,0,6,6,0,6,0,0,0,0,0.017677,0,0.000175,3,125,0.133333,0.105249
3750,1,644,7,0,7,7,0,7,0,0,0,0,0.011536,0,0.000257,9,232,0.047619,0.055809
3515,1,3990,1,1,2,1,1,2,3,0.454545,0.533333,9.416667,0.000121,0.000166,0.000066,5,114,0,0.001584
1790,1,6607,0,1,1,0,1,1,1,1,1,0,0,0.000066,0.000056,4,183,0,0
4030,1,6608,0,7,7,0,7,7,8,0.279706,0.310296,0,0,0.023537,0.000056,3,213,0.119048,0
6642,1,705,8,0,8,8,0,8,0,0,0,0,0.002516,0,0.000486,3,213,0,0.034731
1794,1,6609,0,1,1,0,1,1,1,1,1,0,0,0.000006,0.000056,12,186,0,0
5967,1,1332,3,0,3,3,0,3,0,0,0,0,0.00018,0,0.000164,12,186,0,0.007373
5994,1,1911,3,1,4,3,1,4,3,0.5,0.611111,25.583427,0.000632,0.000285,0.000113,1,102,0,0.004842
1796,1,6610,0,2,2,0,2,2,9,0.216722,0.242475,0,0,0.000659,0.000056,1,57,0,0
4061,1,6612,0,4,4,0,4,4,6,0.274419,0.331921,0,0,0.001077,0.000056,10,18,0.166667,0
5144,1,6611,1,0,1,1,0,1,0,0,0,0,0.000037,0,0.000067,10,18,0,0.000757
3539,1,2626,3,3,6,3,3,6,6,0.272727,0.326023,82.391581,0.000284,0.001322,0.000093,4,18,0.033333,0.004154
1799,1,6613,0,3,3,0,3,3,7,0.310964,0.344783,0,0,0.013831,0.000056,7,66,0.166667,0
6594,1,1420,3,1,4,3,1,4,1,1,1,1817,0.00076,0,0.000077,14,34,0.083333,0.006449
6687,1,1954,2,0,2,2,0,2,0,0,0,0,0.000441,0,0.000087,5,34,0.5,0.005787
6349,1,2757,2,0,2,2,0,2,0,0,0,0,0.007563,0,0.000061,3,34,0,0.010285
6009,1,504,6,1,7,6,1,7,1,1,1,46.681602,0.002004,0.000264,0.000187,1,237,0.071429,0.028889
4647,1,1335,5,0,5,5,0,5,0,0,0,0,0.000539,0,0.000257,1,210,0.05,0.006373
5017,1,3252,6,1,7,6,1,7,6,0.234694,0.280435,206.102371,0.000815,0.000006,0.00021,3,213,0.071429,0.007852
5198,1,2798,5,0,5,5,0,5,0,0,0,0,0.003884,0,0.000142,5,152,0,0.013559
2020,1,3531,1,4,5,1,4,5,10,0.229087,0.246961,839.182789,0.00068,0.001654,0.000058,10,199,0,0.002185
2196,1,3529,1,2,3,1,2,3,10,0.182028,0.20211,487.169869,0.00068,0.00065,0.000058,9,12,0.166667,0.002185
6061,1,431,13,3,16,13,3,16,2,0.666667,0.75,2787.931522,0.009613,0.000446,0.0003,9,198,0.025,0.129971
4520,1,126,4,1,5,4,1,5,2,0.666667,0.75,375.670691,0.011218,0.000411,0.000292,4,178,0.1,0.107699
3115,1,4607,1,2,3,1,2,3,10,0.210116,0.22398,86.980609,0.000235,0.000525,0.000063,9,9,0.166667,0.001638
2358,1,4431,1,0,1,1,0,1,0,0,0,0,0.000078,0,0.000074,10,103,0,0.000989
1949,1,3821,1,6,7,1,6,7,7,0.296438,0.320485,1132.329867,0.002754,0.016214,0.000057,10,234,0.095238,0.00315
2516,1,3820,2,3,5,2,3,5,7,0.305682,0.340945,819.619433,0.002758,0.013105,0.000111,9,231,0.1,0.004199
5231,1,1451,6,3,9,6,3,9,6,0.305085,0.346083,1752.080471,0.010334,0.008305,0.000118,10,203,0.055556,0.055689
1814,1,6615,0,3,3,0,3,3,4,0.366667,0.424242,0,0,0.000953,0.000056,3,91,0,0
1999,1,6614,1,0,1,1,0,1,0,0,0,0,0.000032,0,0.000071,3,91,0,0.000757
1816,1,6616,0,2,2,0,2,2,11,0.198856,0.212139,0,0,0.000735,0.000056,3,153,0,0
3556,1,2644,2,1,3,2,1,3,7,0.305104,0.33919,463.974308,0.000186,0.012207,0.000079,3,83,0,0.002382
1820,1,6619,0,9,9,0,9,9,9,0.232192,0.251954,0,0,0.002047,0.000056,7,243,0.027778,0
6496,1,6618,1,0,1,1,0,1,0,0,0,0,0.00007,0,0.000061,7,243,0,0.000757
6849,1,6617,1,0,1,1,0,1,0,0,0,0,0.00007,0,0.000061,7,243,0,0.000757
3449,1,3950,2,1,3,2,1,3,9,0.239693,0.256019,1175.793007,0.00012,0.001157,0.000122,4,73,0,0.001961
5126,1,1708,2,1,3,2,1,3,2,0.666667,0.75,0.791667,0.000903,0.000329,0.000072,5,182,0.166667,0.004312
3843,1,5852,1,1,2,1,1,2,2,0.6,0.666667,6,0.000165,0,0.000099,3,229,0,0.000851
6562,1,177,7,1,8,7,1,8,1,1,1,134.653231,0.002468,0.00007,0.000497,10,140,0.071429,0.036832
3070,1,3689,2,3,5,2,3,5,6,0.297561,0.343443,115.654437,0.000499,0.000614,0.000074,14,209,0,0.002587
4261,1,4014,1,2,3,1,2,3,9,0.227438,0.24008,45.081631,0.000167,0.001391,0.000072,3,154,0,0.001238
3463,1,3742,1,0,1,1,0,1,0,0,0,0,0.000995,0,0.00006,9,99,0,0.001681
1837,1,6620,0,4,4,0,4,4,9,0.223676,0.239617,0,0,0.000776,0.000056,4,71,0,0
1838,1,6621,0,3,3,0,3,3,11,0.177065,0.196113,0,0,0.001182,0.000056,7,75,0,0
5189,1,1275,3,1,4,3,1,4,5,0.333333,0.385606,74.68724,0.002534,0.001095,0.000095,7,75,0,0.025487
6744,1,5431,1,0,1,1,0,1,0,0,0,0,0.000015,0,0.00008,7,118,0,0.000856
4268,1,6622,0,3,3,0,3,3,3,0.5,0.611111,0,0,0.000817,0.000056,9,145,0.166667,0
4992,1,1082,2,1,3,2,1,3,1,1,1,2208,0.000492,0,0.000095,9,145,0,0.007829
1841,1,6623,0,1,1,0,1,1,2,0.6,0.666667,0,0,0.000459,0.000056,7,165,0,0
5980,1,988,3,2,5,3,2,5,5,0.373333,0.432738,2032.598788,0.000114,0.002629,0.000193,3,153,0,0.0063
2804,1,6354,2,2,4,2,2,4,10,0.196049,0.209841,1439,0.000095,0.000036,0.000109,3,12,0.25,0.001607
3358,1,6352,2,2,4,2,2,4,10,0.208277,0.220482,0,0.000158,0.001762,0.000087,3,12,0.416667,0.001906
4483,1,913,8,1,9,8,1,9,1,1,1,4.047222,0.000565,0.000014,0.000175,6,223,0.319444,0.012796
5044,1,5947,1,4,5,1,4,5,9,0.215587,0.228966,19.325,0.00003,0.000909,0.000063,6,223,0.05,0.000851
5526,1,1799,5,0,5,5,0,5,0,0,0,0,0.011139,0,0.000086,3,60,0.05,0.048514
1939,1,3543,1,2,3,1,2,3,8,0.238321,0.252479,54.738961,0.00082,0.002263,0.000058,10,71,0.166667,0.00231
1746,1,3538,1,1,2,1,1,2,8,0.226504,0.24532,0,0.00082,0.000432,0.000058,10,56,0.5,0.00231
5517,1,3537,1,0,1,1,0,1,0,0,0,0,0.00082,0,0.000058,10,247,0,0.00231
6479,1,3536,1,6,7,1,6,7,9,0.236834,0.257646,568.083532,0.00082,0.002924,0.000058,10,223,0.095238,0.00231
2206,1,3672,1,2,3,1,2,3,11,0.219406,0.237543,2014.043776,0.000006,0.000689,0.000085,4,112,0,0.001011
4327,1,6624,0,1,1,0,1,1,10,0.161468,0.172255,0,0,0.000955,0.000056,10,13,0,0
1849,1,6625,0,1,1,0,1,1,8,0.261867,0.279944,0,0,0.001101,0.000056,6,93,0,0
1021,1,1951,2,0,2,2,0,2,0,0,0,0,0.005728,0,0.000078,3,71,0,0.031983
2575,1,3487,1,3,4,1,3,4,9,0.202114,0.225629,53.194156,0.000124,0.000476,0.000064,1,78,0,0.001167
4368,1,6626,0,5,5,0,5,5,9,0.270697,0.29499,0,0,0.004185,0.000056,4,63,0.15,0
6163,1,274,2,0,2,2,0,2,0,0,0,0,0.000709,0,0.000211,4,63,0,0.028148
5594,1,1347,7,2,9,7,2,9,9,0.216891,0.247637,2544.917213,0.003901,0.000131,0.000199,4,63,0.083333,0.039295
2057,1,4867,1,1,2,1,1,2,5,0.295455,0.357692,0,0.000043,0.000007,0.000063,14,162,0.5,0.000962
3218,1,4130,3,2,5,3,2,5,4,0.387097,0.472222,46.747222,0.000209,0.000969,0.000127,14,162,0.05,0.002803
1856,1,6627,0,4,4,0,4,4,9,0.27895,0.325811,0,0,0.021019,0.000056,3,125,0.083333,0
1012,1,3513,1,1,2,1,1,2,2,0.666667,0.75,12.930932,0.000059,0.000207,0.000081,1,42,0,0.001465
1861,1,6628,0,5,5,0,5,5,11,0.243137,0.267744,0,0,0.00146,0.000056,1,210,0.05,0
1864,1,6630,0,3,3,0,3,3,8,0.223743,0.238981,0,0,0.000901,0.000056,14,65,0,0
5245,1,6629,2,0,2,2,0,2,0,0,0,0,0.000031,0,0.000119,14,65,0,0.001514
4424,1,6631,0,1,1,0,1,1,10,0.192953,0.23775,0,0,0.000336,0.000056,6,93,0,0
1867,1,6633,0,2,2,0,2,2,9,0.238957,0.254028,0,0,0.001272,0.000056,7,86,0,0
3350,1,6632,1,0,1,1,0,1,0,0,0,0,0.000043,0,0.000079,7,86,0,0.000757
6330,1,926,2,0,2,2,0,2,0,0,0,0,0.002939,0,0.000113,6,22,0,0.01342
5087,1,3131,2,1,3,2,1,3,12,0.180155,0.219234,501.060904,0.009816,0.000371,0.00006,3,217,0,0.014876
2540,1,2342,3,0,3,3,0,3,0,0,0,0,0.00288,0,0.000125,3,243,0,0.007443
4441,1,3450,1,1,2,1,1,2,6,0.279503,0.324074,12.968919,0.00268,0.000483,0.000058,10,87,0,0.005555
5681,1,1560,3,0,3,3,0,3,0,0,0,0,0.006015,0,0.000071,5,206,0.166667,0.020357
5801,1,2771,2,1,3,2,1,3,1,1,1,721.295058,0.004701,0.000013,0.000063,3,68,0,0.012738
1873,1,6634,0,5,5,0,5,5,10,0.261715,0.293434,0,0,0.015234,0.000056,9,206,0.15,0
1875,1,6635,0,2,2,0,2,2,9,0.249929,0.269368,0,0,0.003033,0.000056,4,7,0,0
6763,1,1721,8,6,14,8,6,14,7,0.240286,0.271793,2259.894562,0.001292,0.00084,0.000154,14,65,0.236264,0.021691
3333,1,6636,0,1,1,0,1,1,9,0.180586,0.18841,0,0,0.000027,0.000056,3,83,0,0
5491,1,4102,2,0,2,2,0,2,0,0,0,0,0.000299,0,0.00012,9,178,0,0.002172
6842,1,203,6,0,6,6,0,6,0,0,0,0,0.005351,0,0.000455,7,61,0.1,0.034752
4526,1,6637,0,1,1,0,1,1,3,0.5,0.583333,0,0,0.000493,0.000056,4,53,0,0
4300,1,3651,1,0,1,1,0,1,0,0,0,0,0.000546,0,0.000059,1,167,0,0.002386
6356,1,3470,3,0,3,3,0,3,0,0,0,0,0.001052,0,0.000127,5,42,0,0.005353
4107,1,3349,2,0,2,2,0,2,0,0,0,0,0.000765,0,0.000072,8,72,0,0.004577
4170,1,3522,2,4,6,2,4,6,8,0.240292,0.260046,457.137001,0.002908,0.001819,0.000071,3,15,0.066667,0.005363
6414,1,1052,2,0,2,2,0,2,0,0,0,0,0.003283,0,0.000074,3,117,0,0.014543
4391,1,3084,2,0,2,2,0,2,0,0,0,0,0.008881,0,0.000061,3,117,0,0.015176
2493,1,2739,3,8,11,3,8,11,9,0.286038,0.320104,9171.153998,0.009289,0.011526,0.000074,4,134,0.127273,0.017091
2335,1,3132,2,0,2,2,0,2,0,0,0,0,0.003978,0,0.000061,3,117,0.5,0.008808
4525,1,3733,1,0,1,1,0,1,0,0,0,0,0.002888,0,0.000058,3,117,0,0.004252
3301,1,3732,1,0,1,1,0,1,0,0,0,0,0.002888,0,0.000058,3,117,0,0.004252
5109,1,1333,4,1,5,4,1,5,5,0.289474,0.365152,52.446606,0.003751,0.000625,0.000114,3,43,0.05,0.017641
6572,1,3731,1,0,1,1,0,1,0,0,0,0,0.002888,0,0.000058,3,117,0,0.004252
3204,1,3730,1,2,3,1,2,3,9,0.284261,0.325485,44.704781,0.002888,0.017055,0.000058,3,1,0.333333,0.004252
2908,1,2844,2,0,2,2,0,2,0,0,0,0,0.003316,0,0.000062,3,70,0,0.006026
5635,1,1907,3,1,4,3,1,4,4,0.35,0.410714,4.130523,0.013332,0.001144,0.000075,3,15,0.333333,0.052119
6182,1,501,4,1,5,4,1,5,1,1,1,1029.718122,0.007952,0.000034,0.000196,7,61,0,0.085306
3549,1,2761,2,3,5,2,3,5,6,0.292135,0.342949,165.719404,0.010024,0.003563,0.00006,3,94,0.1,0.013573
3825,1,1760,2,0,2,2,0,2,0,0,0,0,0.003292,0,0.000075,5,217,0,0.01043
2230,1,3711,1,5,6,1,5,6,9,0.274122,0.300045,592.952222,0.002888,0.006618,0.000058,14,123,0.033333,0.004252
3081,1,3710,1,0,1,1,0,1,0,0,0,0,0.002888,0,0.000058,3,117,0,0.004252
4669,1,1008,5,2,7,5,2,7,1,1,1,1638.837511,0.016245,0.000164,0.000092,10,213,0.071429,0.074598
2620,1,3709,1,1,2,1,1,2,7,0.254386,0.293473,0,0.002888,0.00218,0.000058,3,117,0.5,0.004252
3917,1,1112,5,4,9,5,4,9,6,0.317013,0.360296,3219.281872,0.005171,0.010459,0.000114,6,59,0,0.025368
4471,1,3706,1,0,1,1,0,1,0,0,0,0,0.002888,0,0.000058,3,117,0,0.004252
6268,1,5393,1,0,1,1,0,1,0,0,0,0,0.000099,0,0.000064,4,133,0,0.000944
1885,1,6638,0,1,1,0,1,1,7,0.231757,0.249639,0,0,0.000445,0.000056,4,83,0,0
3776,1,3864,3,4,7,3,4,7,11,0.181953,0.206666,206.247725,0.000437,0.00142,0.000079,4,18,0.071429,0.003569
1893,1,6639,0,2,2,0,2,2,10,0.161975,0.176492,0,0,0.000238,0.000056,5,140,0,0
1894,1,6640,0,3,3,0,3,3,8,0.227579,0.250003,0,0,0.007921,0.000056,2,171,0.166667,0
4484,1,1858,2,0,2,2,0,2,0,0,0,0,0.00121,0,0.000082,2,171,0,0.008182
6983,1,6641,0,1,1,0,1,1,11,0.223319,0.239187,0,0,0.00065,0.000056,9,95,0,0
5593,1,4910,1,0,1,1,0,1,0,0,0,0,0.000052,0,0.000061,3,228,0,0.000857
3329,1,2674,2,2,4,2,2,4,10,0.221909,0.235551,227.305322,0.001644,0.00063,0.000064,9,228,0.166667,0.005929
6366,1,2062,5,0,5,5,0,5,0,0,0,0,0.006549,0,0.000098,12,90,0.1,0.028409
3228,1,2825,2,0,2,2,0,2,0,0,0,0,0.001223,0,0.000069,4,112,0,0.005995
670,1,6642,0,1,1,0,1,1,8,0.263855,0.282628,0,0,0.003536,0.000056,1,185,0,0
1903,1,6643,0,1,1,0,1,1,5,0.347222,0.399333,0,0,0.001466,0.000056,3,221,0,0
1907,1,6645,0,2,2,0,2,2,10,0.169966,0.182528,0,0,0.000021,0.000056,14,115,0,0
6504,1,200,5,0,5,5,0,5,0,0,0,0,0.000618,0,0.000292,14,115,0,0.023875
4013,1,6644,1,2,3,1,2,3,9,0.203862,0.222675,453,0.000001,0.00037,0.000079,9,115,0,0.000757
6229,1,6646,0,1,1,0,1,1,11,0.21298,0.229555,0,0,0.000863,0.000056,4,97,0,0
1910,1,6647,0,3,3,0,3,3,10,0.223839,0.239078,0,0,0.00244,0.000056,9,151,0.333333,0
6752,1,10,12,0,12,12,0,12,0,0,0,0,0.001818,0,0.001623,1,16,0.136364,0.04746
1914,1,6648,0,6,6,0,6,6,9,0.216858,0.229553,0,0,0.0014,0.000056,1,167,0.033333,0
6975,1,50,2,0,2,2,0,2,0,0,0,0,0.00008,0,0.000424,1,167,0,0.019109
7111,1,766,3,0,3,3,0,3,0,0,0,0,0.00089,0,0.000154,1,243,0,0.007138
1917,1,6650,0,2,2,0,2,2,10,0.167869,0.176876,0,0,0.000169,0.000056,3,96,0,0
5808,1,6649,1,1,2,1,1,2,10,0.166047,0.178876,41.111905,0.000006,0.000029,0.000079,3,96,0,0.000757
1921,1,6651,0,3,3,0,3,3,9,0.264324,0.288477,0,0,0.004099,0.000056,3,237,0,0
4674,1,1844,2,0,2,2,0,2,0,0,0,0,0.000299,0,0.000083,3,237,0,0.002947
1586,1,6590,1,0,1,1,0,1,0,0,0,0,0.000259,0,0.000073,14,62,0,0.000851
1923,1,6652,0,1,1,0,1,1,7,0.305104,0.33919,0,0,0.012207,0.000056,9,10,0,0
2612,1,3193,1,2,3,1,2,3,9,0.190502,0.206973,613.033197,0.007137,0.000225,0.000058,3,234,0,0.009321
2378,1,3191,1,3,4,1,3,4,10,0.184494,0.197103,771.806519,0.007137,0.000688,0.000058,3,13,0,0.009321
4618,1,2465,2,1,3,2,1,3,7,0.266598,0.294701,491.44359,0.007225,0.001948,0.000077,3,213,0.166667,0.010605
6640,1,3183,1,0,1,1,0,1,0,0,0,0,0.007137,0,0.000058,3,49,0,0.009321
2842,1,3181,1,1,2,1,1,2,9,0.26778,0.298465,417.633612,0.007137,0.004848,0.000058,3,1,0,0.009321
4984,1,3179,1,1,2,1,1,2,5,0.364865,0.411728,0,0.007137,0.00262,0.000058,3,49,0.5,0.009321
2635,1,3124,2,4,6,2,4,6,9,0.245386,0.270006,394.534287,0.009732,0.009421,0.000061,6,5,0.2,0.01317
5089,1,3165,1,0,1,1,0,1,0,0,0,0,0.007137,0,0.000058,3,49,0,0.009321
3309,1,3163,2,0,2,2,0,2,0,0,0,0,0.00727,0,0.000067,2,9,0,0.010937
3323,1,3130,1,0,1,1,0,1,0,0,0,0,0.007137,0,0.000058,3,49,0,0.009321
4675,1,3105,1,0,1,1,0,1,0,0,0,0,0.007137,0,0.000058,3,49,0,0.009321
6456,1,3103,1,0,1,1,0,1,0,0,0,0,0.007137,0,0.000058,3,49,0,0.009321
4020,1,3102,1,0,1,1,0,1,0,0,0,0,0.007137,0,0.000058,3,49,0,0.009321
7022,1,3032,2,0,2,2,0,2,0,0,0,0,0.007145,0,0.000105,3,49,0,0.010078
2695,1,3024,1,3,4,1,3,4,7,0.237225,0.253284,841.225087,0.007137,0.001649,0.000058,5,153,0,0.009321
4046,1,1505,4,6,10,4,6,10,12,0.229583,0.282523,4460.304297,0.009329,0.006456,0.000108,9,169,0.044444,0.027136
7027,1,638,5,0,5,5,0,5,0,0,0,0,0.020557,0,0.000127,4,193,0.15,0.116671
7011,1,172,3,0,3,3,0,3,0,0,0,0,0.007747,0,0.000259,3,2,0,0.016992
5378,1,2871,1,0,1,1,0,1,0,0,0,0,0.007137,0,0.000058,3,49,0,0.009321
5615,1,303,4,2,6,4,2,6,5,0.385714,0.445679,24.233825,0.008862,0.004179,0.00013,11,199,0.233333,0.032623
6713,1,114,3,0,3,3,0,3,0,0,0,0,0.013031,0,0.000439,3,1,0.333333,0.072445
5095,1,689,7,1,8,7,1,8,5,0.364865,0.411728,411.76914,0.012377,0.00262,0.000161,1,153,0.053571,0.09461
6460,1,119,3,0,3,3,0,3,0,0,0,0,0.012187,0,0.000436,3,49,0.166667,0.060248
3637,1,2765,1,0,1,1,0,1,0,0,0,0,0.007137,0,0.000058,3,49,0,0.009321
2759,1,2764,1,2,3,1,2,3,9,0.267821,0.298753,479.911073,0.007137,0.005045,0.000058,3,1,0.166667,0.009321
5221,1,2756,2,0,2,2,0,2,0,0,0,0,0.007629,0,0.000063,3,207,0,0.010816
2315,1,2755,1,2,3,1,2,3,7,0.252778,0.272876,479,0.007137,0.001959,0.000058,3,85,0.166667,0.009321
4326,1,2751,1,0,1,1,0,1,0,0,0,0,0.007137,0,0.000058,3,49,0,0.009321
4535,1,2750,1,1,2,1,1,2,8,0.20765,0.233991,22.115512,0.007137,0.000742,0.000058,5,231,0,0.009321
4622,1,1324,2,0,2,2,0,2,0,0,0,0,0.007364,0,0.000084,3,66,0,0.016412
7085,1,2710,1,0,1,1,0,1,0,0,0,0,0.007137,0,0.000058,3,49,0,0.009321
6378,1,2705,1,0,1,1,0,1,0,0,0,0,0.007137,0,0.000058,3,49,0,0.009321
2968,1,2672,1,0,1,1,0,1,0,0,0,0,0.007137,0,0.000058,3,49,0,0.009321
2052,1,2671,1,1,2,1,1,2,7,0.245714,0.279125,479,0.007137,0.000001,0.000058,6,223,0,0.009321
3931,1,1809,3,0,3,3,0,3,0,0,0,0,0.013008,0,0.000084,3,215,0.166667,0.04011
3943,1,1711,2,1,3,2,1,3,9,0.198917,0.215162,75.180781,0.008046,0.000416,0.000063,9,12,0,0.015303
2536,1,6654,0,5,5,0,5,5,10,0.191412,0.204877,0,0,0.000194,0.000056,1,91,0,0
6614,1,4711,2,1,3,2,1,3,2,0.666667,0.75,6,0.000007,0.000706,0.000124,1,91,0,0.00162
2604,1,6653,1,3,4,1,3,4,7,0.225532,0.255196,61.791228,0.000007,0.001296,0.000065,1,91,0,0.000757
4925,1,439,11,0,11,11,0,11,0,0,0,0,0.003867,0,0.000425,8,91,0.009091,0.035989
1929,1,6655,0,1,1,0,1,1,8,0.202724,0.218826,0,0,0.000561,0.000056,1,108,0,0
1932,1,6656,0,2,2,0,2,2,9,0.244661,0.261568,0,0,0.000887,0.000056,3,60,0,0
3507,1,2153,2,2,4,2,2,4,8,0.190939,0.241384,80.589939,0.001297,0.001456,0.000074,9,125,0,0.009347
3010,1,4072,1,1,2,1,1,2,3,0.5,0.611111,3,0.000025,0.000272,0.00008,5,231,0,0.00096
1942,1,6657,0,8,8,0,8,8,9,0.26524,0.290657,0,0,0.005788,0.000056,3,243,0.035714,0
6949,1,599,2,0,2,2,0,2,0,0,0,0,0.000412,0,0.000135,3,243,0,0.01035
4276,1,2053,4,3,7,4,3,7,9,0.221719,0.256075,272.744852,0.001286,0.001309,0.000089,1,100,0.071429,0.006202
4069,1,754,3,0,3,3,0,3,0,0,0,0,0.005829,0,0.000143,3,100,0.333333,0.093974
3517,1,3242,2,4,6,2,4,6,8,0.239145,0.270271,510.134585,0.000348,0.001901,0.000071,4,143,0.033333,0.00409
6363,1,6659,0,2,2,0,2,2,9,0.183404,0.194875,0,0,0.00031,0.000056,4,189,0,0
5703,1,6658,1,0,1,1,0,1,0,0,0,0,0.000011,0,0.000079,4,189,0,0.000757
1469,1,6660,0,3,3,0,3,3,8,0.20857,0.22003,0,0,0.000976,0.000056,14,39,0.166667,0
1952,1,6661,0,1,1,0,1,1,8,0.210963,0.227765,0,0,0.000306,0.000056,4,233,0,0
1959,1,6662,0,2,2,0,2,2,7,0.305367,0.340008,0,0,0.01223,0.000056,9,213,0,0
6984,1,903,2,0,2,2,0,2,0,0,0,0,0.000677,0,0.000145,9,213,0,0.009132
4487,1,2234,4,0,4,4,0,4,0,0,0,0,0.00055,0,0.000162,3,137,0,0.01082
6973,1,207,4,0,4,4,0,4,0,0,0,0,0.000418,0,0.00041,3,37,0,0.016528
4529,1,3185,3,3,6,3,3,6,8,0.233774,0.254618,145.581401,0.001956,0.001441,0.00007,6,22,0.1,0.006991
6435,1,3459,3,5,8,3,5,8,7,0.264029,0.292085,935.592733,0.000194,0.0029,0.000099,10,134,0,0.003817
3605,1,1117,3,1,4,3,1,4,7,0.305104,0.33919,429.00478,0.001455,0.012207,0.000076,3,213,0.083333,0.005944
3664,1,2068,3,1,4,3,1,4,7,0.305104,0.33919,0,0.004982,0.012207,0.000075,9,4,0.333333,0.020594
5134,1,6663,0,1,1,0,1,1,9,0.232589,0.247845,0,0,0.000208,0.000056,8,91,0,0
3565,1,4976,1,0,1,1,0,1,0,0,0,0,0.00025,0,0.000062,4,175,0,0.001044
3948,1,3648,1,3,4,1,3,4,3,0.470588,0.541667,35.777818,0.000056,0.001096,0.000061,1,168,0,0.001299
4663,1,3644,2,0,2,2,0,2,0,0,0,0,0.000056,0,0.000108,1,168,0,0.002056
6788,1,336,3,0,3,3,0,3,0,0,0,0,0.000219,0,0.000896,5,53,0,0.010194
3550,1,2812,2,2,4,2,2,4,10,0.187558,0.201332,27.329762,0.000306,0.000486,0.000072,9,43,0.166667,0.002865
1975,1,6664,0,3,3,0,3,3,9,0.253175,0.279156,0,0,0.015373,0.000056,9,107,0,0
4636,1,3253,2,2,4,2,2,4,6,0.242424,0.310417,112.066998,0.000132,0.000033,0.00008,3,213,0.25,0.003135
5023,1,3727,2,2,4,2,2,4,8,0.221727,0.245504,401.392857,0.000374,0.002991,0.000112,5,153,0.166667,0.003117
3634,1,3728,1,1,2,1,1,2,9,0.18186,0.195008,0,0.000373,0.000013,0.000061,5,153,0.5,0.002191
3380,1,3723,1,1,2,1,1,2,9,0.208816,0.221351,125.279345,0.000373,0.000219,0.000061,2,153,0,0.002191
7041,1,1037,3,1,4,3,1,4,2,0.6,0.666667,100.23642,0.001053,0.001124,0.000151,6,153,0,0.012243
3163,1,2372,4,7,11,4,7,11,9,0.256229,0.285991,3067.9429,0.007361,0.005244,0.000078,3,43,0.036364,0.026924
5749,1,823,7,3,10,7,3,10,7,0.269752,0.298416,3031.302326,0.013493,0.002422,0.000153,10,73,0.055556,0.112213
3282,1,4536,1,1,2,1,1,2,8,0.234543,0.250211,2.641667,0.00059,0.000369,0.000061,9,2,0,0.001387
3028,1,4546,1,0,1,1,0,1,0,0,0,0,0.000147,0,0.000067,1,196,0,0.001066
3854,1,6665,0,1,1,0,1,1,4,0.416667,0.475,0,0,0.00007,0.000056,4,63,0,0
3805,1,2721,2,7,9,2,7,9,7,0.229688,0.244092,2106.910973,0.000697,0.003614,0.000113,10,75,0.013889,0.005619
5795,1,2217,5,2,7,5,2,7,3,0.470588,0.5625,309.839798,0.008499,0.000483,0.000116,7,243,0.02381,0.035929
3276,1,5057,2,0,2,2,0,2,0,0,0,0,0.000668,0,0.000064,3,213,0,0.0019
3316,1,1315,3,0,3,3,0,3,0,0,0,0,0.000596,0,0.000165,3,81,0.166667,0.011593
4776,1,2335,3,0,3,3,0,3,0,0,0,0,0.009597,0,0.00007,9,127,0.166667,0.03281
5506,1,3411,1,2,3,1,2,3,4,0.423077,0.507576,22.267843,0.001,0.001715,0.000058,5,15,0,0.003072
2334,1,3099,2,8,10,2,8,10,8,0.257551,0.277781,5140.632911,0.001005,0.007057,0.000089,9,190,0.077778,0.004086
4294,1,3408,1,0,1,1,0,1,0,0,0,0,0.001,0,0.000058,9,127,0,0.003072
3701,1,4057,1,0,1,1,0,1,0,0,0,0,0.00002,0,0.000079,7,53,0,0.001067
2005,1,6666,0,5,5,0,5,5,8,0.223532,0.241193,0,0,0.001988,0.000056,1,96,0,0
4590,1,2697,4,1,5,4,1,5,2,0.666667,0.75,212.524625,0.001992,0.000015,0.000102,9,188,0,0.009664
4605,1,2015,3,0,3,3,0,3,0,0,0,0,0.004572,0,0.00008,9,188,0,0.019312
2070,1,3389,1,0,1,1,0,1,0,0,0,0,0.000194,0,0.000066,4,120,0,0.002065
2601,1,2986,2,1,3,2,1,3,3,0.5,0.611111,544.590909,0.00038,0,0.000068,14,201,0,0.003535
346,1,6667,0,2,2,0,2,2,11,0.166258,0.189724,0,0,0.00048,0.000056,3,96,0,0
4175,1,1992,2,1,3,2,1,3,10,0.166047,0.178876,2412.448747,0.00566,0.000029,0.000089,3,96,0,0.030789
2017,1,6668,0,9,9,0,9,9,9,0.293818,0.327135,0,0,0.023247,0.000056,8,183,0.111111,0
6909,1,393,9,0,9,9,0,9,0,0,0,0,0.001637,0,0.000415,1,183,0.041667,0.02515
4332,1,6669,0,1,1,0,1,1,10,0.229062,0.247976,0,0,0.000772,0.000056,4,89,0,0
3912,1,1922,7,4,11,7,4,11,8,0.249644,0.275668,3819.522137,0.003112,0.007422,0.000195,3,221,0.136364,0.018312
5568,1,2515,2,0,2,2,0,2,0,0,0,0,0.001601,0,0.000073,10,199,0,0.00582
3489,1,2273,6,11,17,6,11,17,9,0.198452,0.233477,4434.668146,0.001873,0.001297,0.000119,14,34,0.066176,0.010596
5697,1,699,7,3,10,7,3,10,7,0.2625,0.340816,2361.033736,0.002147,0.000655,0.000161,10,34,0.155556,0.030761
2024,1,6670,0,1,1,0,1,1,3,0.375,0.425926,0,0,0.000076,0.000056,4,76,0,0
1556,1,2837,2,1,3,2,1,3,2,0.533333,0.5625,18.089772,0.002222,0.001984,0.000108,4,76,0,0.009465
5081,1,3125,1,1,2,1,1,2,9,0.260725,0.282667,1401.201307,0.002595,0.002263,0.000058,3,191,0,0.003849
4531,1,2077,3,2,5,3,2,5,7,0.306647,0.341494,0,0.006928,0.013223,0.000071,9,160,0.5,0.023033
2522,1,3120,1,2,3,1,2,3,9,0.278504,0.309448,1401.201307,0.002595,0.01447,0.000058,3,191,0.166667,0.003849
2433,1,3115,1,3,4,1,3,4,8,0.201746,0.21295,1598.347277,0.002595,0.000508,0.000058,5,236,0,0.003849
3353,1,3111,1,1,2,1,1,2,5,0.36,0.448148,15.018835,0.002595,0.000348,0.000058,7,48,0,0.003849
3060,1,2478,2,2,4,2,2,4,10,0.205686,0.263198,1292.963617,0.007395,0.000596,0.000065,10,80,0,0.021684
2589,1,3083,3,5,8,3,5,8,9,0.306736,0.343252,1286.22464,0.008804,0.016735,0.000067,4,18,0.107143,0.016331
4320,1,4943,1,2,3,1,2,3,2,0.625,0.7,4.7,0.000169,0.000285,0.000064,4,136,0,0.001064
522,1,4942,1,3,4,1,3,4,11,0.220356,0.244263,1081.733686,0.000169,0.001343,0.000064,4,136,0.083333,0.001064
6472,1,520,3,0,3,3,0,3,0,0,0,0,0.001114,0,0.000181,3,136,0,0.010149
2985,1,6032,1,0,1,1,0,1,0,0,0,0,0.000017,0,0.000075,4,217,0,0.000851
4474,1,1442,4,1,5,4,1,5,1,1,1,470.645553,0.003612,0.000537,0.000116,4,217,0.05,0.024307
5804,1,1255,2,1,3,2,1,3,2,0.6,0.666667,17.496791,0.000869,0.001124,0.000074,10,152,0.333333,0.006696
2032,1,6671,0,6,6,0,6,6,11,0.23356,0.255324,0,0,0.003115,0.000056,2,229,0,0
6451,1,1928,3,0,3,3,0,3,0,0,0,0,0.00578,0,0.000101,2,229,0,0.031746
5854,1,543,9,1,10,9,1,10,1,1,1,332.452167,0.009419,0.000729,0.000266,9,244,0.066667,0.125323
4051,1,2876,3,9,12,3,9,12,7,0.266667,0.316223,506.895366,0.000791,0.002313,0.000075,6,223,0.159091,0.004632
6660,1,592,6,0,6,6,0,6,0,0,0,0,0.00186,0,0.000326,6,207,0,0.019575
6063,1,3412,2,0,2,2,0,2,0,0,0,0,0.000546,0,0.000109,6,233,0,0.00326
533,1,3744,1,0,1,1,0,1,0,0,0,0,0.000536,0,0.000063,3,39,0,0.001172
6603,1,4004,1,0,1,1,0,1,0,0,0,0,0.000137,0,0.000062,1,177,0,0.00137
3206,1,2169,2,1,3,2,1,3,6,0.259475,0.298876,276.972445,0.001151,0.000455,0.000068,4,213,0,0.009418
2037,1,6672,0,4,4,0,4,4,10,0.212495,0.228772,0,0,0.001412,0.000056,4,122,0,0
2039,1,6673,0,1,1,0,1,1,5,0.357143,0.436667,0,0,0.000203,0.000056,1,37,0,0
2040,1,6674,0,1,1,0,1,1,10,0.192953,0.23775,0,0,0.000336,0.000056,6,93,0,0
5421,1,3377,1,0,1,1,0,1,0,0,0,0,0.000005,0,0.000081,3,2,0,0.001951
2043,1,6675,0,1,1,0,1,1,10,0.187486,0.205051,0,0,0.000371,0.000056,4,239,0,0
6282,1,2684,2,0,2,2,0,2,0,0,0,0,0.003197,0,0.000063,14,32,0,0.010442
4704,1,3618,4,2,6,4,2,6,4,0.413793,0.5,45.762103,0.001427,0.000458,0.000094,3,207,0.066667,0.005535
2923,1,2959,2,4,6,2,4,6,8,0.248547,0.27748,380.720192,0.001127,0.003274,0.00007,1,216,0,0.003681
4287,1,1841,8,3,11,8,3,11,6,0.317073,0.383974,941.905523,0.00337,0.001279,0.000125,14,201,0.118182,0.019706
2046,1,6676,0,1,1,0,1,1,7,0.305104,0.33919,0,0,0.012207,0.000056,9,10,0,0
2051,1,6677,0,1,1,0,1,1,2,0.6,0.666667,0,0,0.00002,0.000056,12,9,0,0
4228,1,2670,2,1,3,2,1,3,6,0.318182,0.369841,84.539286,0.000031,0.004187,0.000118,6,223,0,0.002197
3451,1,4682,1,0,1,1,0,1,0,0,0,0,0.000007,0,0.000083,4,201,0,0.001087
2056,1,6678,0,3,3,0,3,3,10,0.194212,0.211827,0,0,0.003108,0.000056,7,48,0.333333,0
2058,1,6679,0,1,1,0,1,1,7,0.245064,0.262295,0,0,0.001116,0.000056,4,7,0,0
2347,1,3837,1,1,2,1,1,2,10,0.225811,0.24544,46.448413,0.001091,0.000634,0.00006,3,221,0,0.002807
2063,1,6680,0,3,3,0,3,3,10,0.182718,0.197737,0,0,0.000577,0.000056,5,82,0,0
5063,1,3396,1,0,1,1,0,1,0,0,0,0,0.000766,0,0.000063,4,120,0,0.00223
3122,1,3392,1,4,5,1,4,5,7,0.245809,0.264456,1251.247286,0.000766,0.001415,0.000063,4,120,0.05,0.00223
2272,1,3390,1,4,5,1,4,5,9,0.275545,0.305371,4448.141754,0.000766,0.017512,0.000063,9,120,0.15,0.00223
2066,1,6681,0,5,5,0,5,5,9,0.234656,0.252718,0,0,0.00351,0.000056,9,178,0,0
5712,1,2314,5,1,6,5,1,6,2,0.6,0.666667,20.034,0.011727,0.001124,0.000097,3,39,0.133333,0.042853
6534,1,547,5,0,5,5,0,5,0,0,0,0,0.002348,0,0.000311,3,39,0.05,0.026443
6257,1,6682,0,3,3,0,3,3,9,0.241679,0.258507,0,0,0.002499,0.000056,3,171,0,0
4388,1,344,3,0,3,3,0,3,0,0,0,0,0.000329,0,0.00019,1,196,0,0.007386
2424,1,3281,4,7,11,4,7,11,9,0.255518,0.275145,5211.207471,0.002167,0.004989,0.000076,1,64,0.045455,0.007091
4891,1,3366,1,0,1,1,0,1,0,0,0,0,0.000579,0,0.000062,4,218,0,0.002456
2078,1,6684,0,3,3,0,3,3,8,0.244155,0.261349,0,0,0.000044,0.000056,7,167,0.166667,0
4488,1,6683,1,6,7,1,6,7,7,0.320983,0.358011,811.464286,0.000001,0.018632,0.000071,7,167,0.071429,0.000757
6458,1,668,9,1,10,9,1,10,1,1,1,265.529585,0.003566,0.000269,0.000397,7,111,0.066667,0.033927
6667,1,3291,1,1,2,1,1,2,1,1,1,69.898485,0.00046,0.000105,0.000059,3,6,0,0.002001
3006,1,2970,2,1,3,2,1,3,3,0.416667,0.5,276.240254,0.002651,0.000218,0.000068,4,112,0,0.008314
4890,1,2830,4,4,8,4,4,8,9,0.224866,0.250093,1335.158062,0.001344,0.001682,0.000127,4,67,0.017857,0.007961
4451,1,1667,3,1,4,3,1,4,4,0.392857,0.454545,12.579819,0.001739,0.000294,0.000115,4,36,0.166667,0.020191
2091,1,6685,0,2,2,0,2,2,8,0.205651,0.23307,0,0,0.000236,0.000056,4,214,0,0
4559,1,2850,2,2,4,2,2,4,7,0.254941,0.296106,496.333671,0.000086,0.001802,0.000095,4,204,0,0.002573
6067,1,675,4,0,4,4,0,4,0,0,0,0,0.006859,0,0.000171,4,214,0,0.030847
2095,1,6686,0,4,4,0,4,4,7,0.305051,0.339286,0,0,0.013251,0.000056,3,48,0,0
5075,1,3636,2,0,2,2,0,2,0,0,0,0,0.000423,0,0.000111,2,239,0,0.002349
4399,1,1588,2,1,3,2,1,3,6,0.300532,0.336947,58.524984,0.001757,0.007372,0.000076,2,243,0.166667,0.008911
5669,1,2590,2,0,2,2,0,2,0,0,0,0,0.000248,0,0.000075,4,234,0,0.003573
2103,1,6687,0,1,1,0,1,1,7,0.245064,0.262295,0,0,0.001116,0.000056,4,7,0,0
2104,1,6688,0,1,1,0,1,1,7,0.305104,0.33919,0,0,0.012207,0.000056,9,10,0,0
2105,1,6689,0,1,1,0,1,1,1,1,1,0,0,0.000014,0.000056,3,47,0,0
2108,1,6690,0,2,2,0,2,2,9,0.268194,0.299571,0,0,0.007468,0.000056,3,1,0.5,0
6261,1,6691,0,2,2,0,2,2,8,0.262137,0.283411,0,0,0.00284,0.000056,4,217,0,0
2110,1,6693,0,4,4,0,4,4,8,0.217021,0.262383,0,0,0.000255,0.000056,7,75,0,0
2892,1,6692,1,0,1,1,0,1,0,0,0,0,0.000009,0,0.000067,7,75,0,0.000757
2115,1,6694,0,1,1,0,1,1,8,0.214644,0.229518,0,0,0.000424,0.000056,10,53,0,0
2116,1,6695,0,5,5,0,5,5,9,0.238634,0.257686,0,0,0.001453,0.000056,14,78,0,0
5939,1,3774,2,1,3,2,1,3,1,1,1,9,0.000062,0.000103,0.000106,14,57,0,0.002106
3553,1,2164,4,4,8,4,4,8,7,0.308722,0.345695,701.600905,0.005734,0.015669,0.000076,9,4,0.107143,0.024977
6789,1,3211,2,1,3,2,1,3,1,1,1,575,0.000289,0,0.000074,4,84,0,0.003792
2120,1,6696,0,6,6,0,6,6,10,0.222935,0.241245,0,0,0.002995,0.000056,7,48,0.266667,0
5022,1,6697,0,1,1,0,1,1,1,1,1,0,0,0.000003,0.000056,14,125,0,0
5382,1,1596,3,0,3,3,0,3,0,0,0,0,0.000083,0,0.000164,14,125,0,0.003314
6374,1,1172,10,0,10,10,0,10,0,0,0,0,0.002089,0,0.000335,4,63,0.044444,0.023123
6157,1,646,2,1,3,2,1,3,1,1,1,125.622459,0.000311,0.00034,0.000112,3,111,0,0.009036
2127,1,6698,0,1,1,0,1,1,8,0.256528,0.275567,0,0,0.002469,0.000056,9,52,0,0
5739,1,950,4,2,6,4,2,6,4,0.473684,0.564815,117.987758,0.001263,0.000978,0.00013,10,221,0.033333,0.009896
6319,1,4754,1,1,2,1,1,2,1,1,1,42,0.00069,0,0.000058,1,155,0,0.001584
2937,1,4336,1,2,3,1,2,3,8,0.29398,0.330098,167.625,0.000458,0.012274,0.000073,3,134,0.166667,0.00142
6590,1,35,8,3,11,8,3,11,1,1,1,3419.42391,0.002759,0.000451,0.000469,10,134,0.072727,0.088699
4458,1,3982,2,0,2,2,0,2,0,0,0,0,0.000036,0,0.000109,7,153,0,0.001727
6543,1,853,7,1,8,7,1,8,1,1,1,1615.916829,0.001364,0.000068,0.000274,7,103,0.017857,0.029704
2133,1,6699,0,3,3,0,3,3,8,0.210247,0.24885,0,0,0.000443,0.000056,8,42,0.166667,0
2136,1,6700,0,1,1,0,1,1,9,0.239152,0.253725,0,0,0.001917,0.000056,9,54,0,0
2139,1,6701,0,3,3,0,3,3,8,0.202332,0.213402,0,0,0.000643,0.000056,14,53,0,0
5853,1,2604,6,3,9,6,3,9,6,0.26601,0.316358,446.199891,0.000432,0.002094,0.000249,4,126,0.013889,0.009981
5166,1,2506,4,2,6,4,2,6,1,1,1,1299.049661,0.002531,0.000006,0.000099,9,53,0.033333,0.012616
2141,1,6702,0,2,2,0,2,2,10,0.234634,0.253448,0,0,0.000587,0.000056,3,174,0,0
2142,1,6703,0,1,1,0,1,1,1,1,1,0,0,0.000048,0.000056,12,90,0,0
6559,1,1047,5,0,5,5,0,5,0,0,0,0,0.002472,0,0.000133,1,244,0,0.018433
2144,1,6704,0,1,1,0,1,1,7,0.305104,0.33919,0,0,0.012207,0.000056,9,10,0,0
2468,1,5924,1,0,1,1,0,1,0,0,0,0,0.00022,0,0.000063,9,45,0,0.000851
2147,1,6707,0,2,2,0,2,2,2,0.75,0.833333,0,0,0,0.000056,3,188,0,0
4897,1,6706,2,0,2,2,0,2,0,0,0,0,0.000003,0,0.000103,3,188,0,0.001514
5173,1,6705,1,1,2,1,1,2,1,1,1,1,0,0.000191,0.000079,3,188,0,0.000757
2149,1,6708,0,3,3,0,3,3,10,0.262577,0.286405,0,0,0.004354,0.000056,1,105,0.333333,0
5158,1,1412,2,0,2,2,0,2,0,0,0,0,0.000757,0,0.00008,1,105,0.5,0.007944
4534,1,1353,2,0,2,2,0,2,0,0,0,0,0.001109,0,0.000083,3,207,0,0.012385
2152,1,6709,0,2,2,0,2,2,8,0.180952,0.217272,0,0,0.000084,0.000056,4,143,0,0
1935,1,6710,0,1,1,0,1,1,9,0.198407,0.20802,0,0,0.000235,0.000056,1,30,0,0
2154,1,6711,0,3,3,0,3,3,8,0.222621,0.241953,0,0,0.001364,0.000056,9,115,0.166667,0
2159,1,6712,0,1,1,0,1,1,1,1,1,0,0,0.000062,0.000056,4,7,0,0
6765,1,1568,2,0,2,2,0,2,0,0,0,0,0.00183,0,0.000116,4,7,0,0.014258
2921,1,2612,2,4,6,2,4,6,12,0.163699,0.192205,264.01322,0.000374,0.001524,0.000079,4,67,0.1,0.003436
3879,1,6713,0,2,2,0,2,2,9,0.187295,0.202505,0,0,0.000248,0.000056,4,169,0,0
6249,1,3882,1,0,1,1,0,1,0,0,0,0,0.000419,0,0.000059,1,177,0,0.001537
6607,1,1405,6,0,6,6,0,6,0,0,0,0,0.004898,0,0.00014,9,134,0.066667,0.025337
2174,1,6714,0,1,1,0,1,1,2,0.666667,0.75,0,0,0.000426,0.000056,9,6,0,0
5056,1,6715,0,2,2,0,2,2,8,0.264032,0.283266,0,0,0.003702,0.000056,9,10,0,0
5875,1,616,2,0,2,2,0,2,0,0,0,0,0.004886,0,0.000109,9,10,0,0.076447
6992,1,2903,3,0,3,3,0,3,0,0,0,0,0.001821,0,0.000097,1,51,0,0.006667
4197,1,1434,2,0,2,2,0,2,0,0,0,0,0.001259,0,0.000078,1,209,0.5,0.004848
2396,1,3863,1,0,1,1,0,1,0,0,0,0,0.00107,0,0.000058,1,74,0,0.00313
6350,1,4634,1,0,1,1,0,1,0,0,0,0,0.00012,0,0.000062,1,108,0,0.001169
5676,1,1346,6,4,10,6,4,10,8,0.272059,0.321879,2133.249915,0.001553,0.004463,0.000196,4,200,0.011111,0.018924
6674,1,3135,1,0,1,1,0,1,0,0,0,0,0.00109,0,0.000059,1,149,0,0.004556
4549,1,1408,3,1,4,3,1,4,4,0.340909,0.394444,27.424566,0.002579,0.000293,0.000078,1,167,0.083333,0.013241
4562,1,1266,2,1,3,2,1,3,3,0.5,0.611111,2.250714,0.00261,0.000421,0.000075,1,63,0.166667,0.025422
2190,1,6716,0,1,1,0,1,1,9,0.26778,0.298465,0,0,0.004848,0.000056,3,1,0,0
3905,1,2325,3,6,9,3,6,9,6,0.327728,0.363113,4218.083523,0.004849,0.017932,0.000116,3,39,0.055556,0.021452
2194,1,6717,0,1,1,0,1,1,7,0.245064,0.262295,0,0,0.001116,0.000056,4,7,0,0
6630,1,2882,2,1,3,2,1,3,12,0.145169,0.16275,138.989816,0.00053,0.000067,0.000077,5,46,0,0.003961
4533,1,2580,4,3,7,4,3,7,9,0.214286,0.250095,326.247107,0.001028,0.002488,0.000122,10,233,0,0.007173
2199,1,6718,0,1,1,0,1,1,9,0.224255,0.238396,0,0,0.000635,0.000056,4,232,0,0
2200,1,6719,0,4,4,0,4,4,10,0.233192,0.254376,0,0,0.001962,0.000056,6,134,0,0
3972,1,4813,1,1,2,1,1,2,1,1,1,8,0.000093,0,0.000062,1,190,0,0.001055
3336,1,4279,2,0,2,2,0,2,0,0,0,0,0.000296,0,0.000088,10,229,0,0.002344
4901,1,3902,1,0,1,1,0,1,0,0,0,0,0.000492,0,0.00006,3,207,0,0.001495
5058,1,3901,1,1,2,1,1,2,3,0.5,0.611111,6.096471,0.000492,0.000166,0.00006,12,143,0,0.001495
5208,1,3472,3,0,3,3,0,3,0,0,0,0,0.000815,0,0.000117,3,71,0,0.00372
3215,1,3899,1,1,2,1,1,2,1,1,1,4.776923,0.000492,0.000866,0.00006,3,207,0,0.001495
6043,1,154,3,0,3,3,0,3,0,0,0,0,0.001644,0,0.000125,4,116,0,0.02909
3964,1,3447,1,2,3,1,2,3,9,0.218917,0.246644,664.097231,0.000025,0.000213,0.000063,1,37,0,0.001197
5503,1,1416,2,0,2,2,0,2,0,0,0,0,0.001399,0,0.000069,1,105,0.5,0.009753
4956,1,3631,1,1,2,1,1,2,1,1,1,242,0.00079,0,0.00006,1,105,0,0.002566
2220,1,6720,0,1,1,0,1,1,8,0.211169,0.226948,0,0,0.00118,0.000056,9,32,0,0
2221,1,6721,0,2,2,0,2,2,9,0.26414,0.288101,0,0,0.004088,0.000056,3,17,0,0
2224,1,6722,0,2,2,0,2,2,9,0.21418,0.228726,0,0,0.00069,0.000056,7,217,0,0
3984,1,3719,1,1,2,1,1,2,1,1,1,382.866667,0.000131,0.000032,0.000065,11,83,0,0.001422
2226,1,6723,0,2,2,0,2,2,7,0.267708,0.298268,0,0,0.002506,0.000056,7,200,0,0
4127,1,2110,6,7,13,6,7,13,9,0.199298,0.242641,2737.878591,0.001444,0.002074,0.000099,14,227,0.102564,0.012786
2232,1,6724,0,1,1,0,1,1,8,0.256528,0.275567,0,0,0.002469,0.000056,9,52,0,0
6278,1,6725,0,3,3,0,3,3,7,0.248486,0.268242,0,0,0.001651,0.000056,4,116,0.166667,0
4421,1,1627,2,0,2,2,0,2,0,0,0,0,0.000464,0,0.00008,4,116,0.5,0.005643
2236,1,6726,0,2,2,0,2,2,8,0.274086,0.291315,0,0,0.002386,0.000056,4,32,0,0
2238,1,6727,0,3,3,0,3,3,8,0.249364,0.272139,0,0,0.00302,0.000056,5,217,0.166667,0
2240,1,6728,0,1,1,0,1,1,10,0.220644,0.236872,0,0,0.000367,0.000056,4,111,0,0
2241,1,6729,0,2,2,0,2,2,10,0.185439,0.192526,0,0,0.000534,0.000056,14,63,0,0
5780,1,979,2,0,2,2,0,2,0,0,0,0,0.000015,0,0.00016,2,9,0.5,0.002929
6452,1,4875,1,0,1,1,0,1,0,0,0,0,0.0003,0,0.00006,9,126,0,0.000874
3102,1,5294,1,0,1,1,0,1,0,0,0,0,0.00004,0,0.000092,14,65,0,0.00095
2245,1,6730,0,6,6,0,6,6,9,0.243279,0.260802,0,0,0.002691,0.000056,7,202,0,0
2416,1,3284,2,2,4,2,2,4,8,0.222202,0.235329,627.315839,0.000261,0.000172,0.000073,14,48,0.083333,0.003016
3799,1,3299,3,5,8,3,5,8,7,0.234604,0.298155,187.859658,0.000133,0.00106,0.000119,1,109,0.053571,0.003141
2253,1,6731,0,2,2,0,2,2,10,0.221861,0.241847,0,0,0.001617,0.000056,4,192,0,0
2255,1,6732,0,2,2,0,2,2,10,0.215752,0.232029,0,0,0.000527,0.000056,3,16,0,0
2256,1,6733,0,1,1,0,1,1,1,1,1,0,0,0.000258,0.000056,10,59,0,0
2258,1,6734,0,1,1,0,1,1,3,0.454545,0.533333,0,0,0.000039,0.000056,9,2,0,0
2259,1,6735,0,1,1,0,1,1,9,0.228467,0.247904,0,0,0.001688,0.000056,7,141,0,0
6446,1,1544,7,0,7,7,0,7,0,0,0,0,0.018173,0,0.000117,4,84,0.095238,0.086385
5238,1,876,6,1,7,6,1,7,2,0.6,0.666667,19.90906,0.012983,0.001124,0.000091,3,70,0.119048,0.048295
5450,1,2702,2,1,3,2,1,3,2,0.545455,0.583333,18.086923,0.000038,0.000194,0.000148,4,112,0,0.001928
2701,1,6736,0,5,5,0,5,5,10,0.206627,0.225972,0,0,0.000926,0.000056,3,231,0,0
6153,1,3550,1,1,2,1,1,2,3,0.5,0.611111,6.20754,0.000198,0.000421,0.000064,1,45,0,0.001976
5120,1,1065,6,6,12,6,6,12,8,0.237911,0.271451,5610.890901,0.002148,0.006684,0.000163,1,109,0.083333,0.02137
4980,1,3941,2,1,3,2,1,3,8,0.200472,0.215159,307.742659,0.000032,0.000531,0.000116,10,210,0,0.00225
6906,1,4241,1,0,1,1,0,1,0,0,0,0,0.000313,0,0.000059,3,241,0,0.001419
3875,1,2407,3,3,6,3,3,6,6,0.290598,0.352941,1931.506661,0.001675,0.000481,0.000087,3,241,0.133333,0.008497
4642,1,2170,2,2,4,2,2,4,7,0.287823,0.336355,55.320411,0.000517,0.001992,0.000081,3,47,0,0.003986
3928,1,3858,1,3,4,1,3,4,10,0.237483,0.262782,5618.482742,0.000314,0.004906,0.000062,11,199,0.083333,0.001875
2286,1,6737,0,1,1,0,1,1,10,0.249856,0.273231,0,0,0.002504,0.000056,9,27,0,0
2288,1,6738,0,4,4,0,4,4,9,0.223454,0.238098,0,0,0.001273,0.000056,9,224,0.25,0
5830,1,3216,1,0,1,1,0,1,0,0,0,0,0.000342,0,0.000062,8,117,0,0.001951
2296,1,6739,0,1,1,0,1,1,4,0.384615,0.483333,0,0,0.000002,0.000056,10,34,0,0
6860,1,4412,1,0,1,1,0,1,0,0,0,0,0.000422,0,0.000078,9,239,0,0.000976
2298,1,6740,0,1,1,0,1,1,8,0.182898,0.203247,0,0,0.000001,0.000056,1,109,0,0
3387,1,3297,1,0,1,1,0,1,0,0,0,0,0.000174,0,0.000067,5,160,0,0.00205
3439,1,2896,3,3,6,3,3,6,8,0.236842,0.304339,456.526887,0.000583,0.00085,0.000079,1,223,0.033333,0.003969
3304,1,5812,1,0,1,1,0,1,0,0,0,0,0.000048,0,0.000089,13,96,0,0.000851
2710,1,6741,0,4,4,0,4,4,9,0.208444,0.226825,0,0,0.000982,0.000056,3,156,0.083333,0
3360,1,2921,2,3,5,2,3,5,3,0.625,0.766667,1346.76609,0.000264,0.001142,0.000075,5,130,0,0.003126
2311,1,6742,0,1,1,0,1,1,5,0.364865,0.411728,0,0,0.00262,0.000056,7,5,0,0
2313,1,6743,0,1,1,0,1,1,4,0.375,0.424603,0,0,0.00018,0.000056,3,76,0,0
4059,1,4804,1,0,1,1,0,1,0,0,0,0,0.000291,0,0.00006,3,60,0,0.000944
3588,1,4803,1,0,1,1,0,1,0,0,0,0,0.000291,0,0.00006,3,60,0,0.000944
3193,1,2754,1,0,1,1,0,1,0,0,0,0,0.000067,0,0.00008,3,85,0,0.001341
2319,1,6744,0,3,3,0,3,3,7,0.278207,0.317884,0,0,0.002355,0.000056,1,223,0,0
7032,1,6745,0,8,8,0,8,8,9,0.265374,0.289737,0,0,0.007125,0.000056,10,62,0.071429,0
6057,1,370,5,0,5,5,0,5,0,0,0,0,0.001308,0,0.000249,9,62,0.05,0.018123
4579,1,4558,2,1,3,2,1,3,6,0.300532,0.336947,226,0.000488,0.007372,0.00011,2,82,0.166667,0.002692
3195,1,4557,1,1,2,1,1,2,9,0.26778,0.298465,2139.498271,0.000487,0.004848,0.000063,2,82,0,0.001935
3296,1,4556,1,2,3,1,2,3,6,0.261628,0.306667,98.993633,0.000487,0.000539,0.000063,2,82,0,0.001935
2648,1,4555,1,0,1,1,0,1,0,0,0,0,0.000487,0,0.000063,2,82,0,0.001935
6473,1,4554,1,0,1,1,0,1,0,0,0,0,0.000487,0,0.000063,2,82,0,0.001935
1826,1,1601,5,1,6,5,1,6,1,1,1,1958,0.007064,0,0.000117,9,123,0.033333,0.043004
3994,1,3435,2,0,2,2,0,2,0,0,0,0,0.00041,0,0.000071,7,71,0,0.003594
3248,1,2191,3,3,6,3,3,6,11,0.212916,0.240735,740.207846,0.004933,0.007036,0.000074,1,147,0.1,0.019837
2328,1,6746,0,2,2,0,2,2,11,0.223744,0.240406,0,0,0.000714,0.000056,1,231,0,0
4412,1,3140,1,0,1,1,0,1,0,0,0,0,0.000347,0,0.000062,7,218,0,0.002602
6384,1,2603,4,0,4,4,0,4,0,0,0,0,0.000504,0,0.000107,9,143,0,0.004704
2337,1,6747,0,2,2,0,2,2,3,0.470588,0.520833,0,0,0.000331,0.000056,6,220,0,0
5779,1,990,3,1,4,3,1,4,1,1,1,522.513683,0.00108,0.000152,0.000094,7,214,0.083333,0.014549
3727,1,2627,2,2,4,2,2,4,8,0.216365,0.236896,116.668278,0.000426,0.001013,0.000069,4,53,0.083333,0.003792
3775,1,752,3,1,4,3,1,4,2,0.571429,0.625,821.876118,0.004999,0.0008,0.000129,8,29,0,0.078955
2350,1,6748,0,1,1,0,1,1,8,0.256528,0.275567,0,0,0.002469,0.000056,9,52,0,0
4805,1,3277,1,1,2,1,1,2,3,0.5,0.547619,7.931391,0.001427,0.000301,0.000058,14,230,0,0.00371
3670,1,6749,0,1,1,0,1,1,1,1,1,0,0,0.000255,0.000056,7,110,0,0
2353,1,6750,0,1,1,0,1,1,2,0.666667,0.75,0,0,0.000593,0.000056,3,213,0,0
2361,1,6753,0,2,2,0,2,2,9,0.198393,0.208825,0,0,0,0.000056,11,240,0,0
4220,1,6752,1,5,6,1,5,6,8,0.246887,0.265792,813,0,0.001827,0.000079,11,240,0.133333,0.000757
5598,1,6751,1,0,1,1,0,1,0,0,0,0,0,0,0.000079,11,240,0,0.000757
2363,1,6754,0,1,1,0,1,1,3,0.5,0.583333,0,0,0.000629,0.000056,10,200,0,0
2603,1,3915,1,2,3,1,2,3,7,0.241379,0.271547,59.548603,0.000051,0.000718,0.000094,10,160,0.166667,0.001462
3199,1,4225,3,2,5,3,2,5,8,0.223314,0.24005,119.339253,0.000126,0.001493,0.000123,11,240,0.15,0.00291
2368,1,6755,0,2,2,0,2,2,9,0.202701,0.213535,0,0,0.001949,0.000056,3,131,0,0
4990,1,4148,2,0,2,2,0,2,0,0,0,0,0.00007,0,0.000138,5,154,0,0.002011
2370,1,6756,0,1,1,0,1,1,7,0.231869,0.249874,0,0,0.000017,0.000056,2,82,0,0
3409,1,1877,3,3,6,3,3,6,9,0.222312,0.24018,19092.81018,0.006501,0.001476,0.000086,14,178,0,0.033739
2374,1,6757,0,1,1,0,1,1,9,0.212186,0.225108,0,0,0.000412,0.000056,5,217,0,0
4423,1,1996,6,0,6,6,0,6,0,0,0,0,0.011424,0,0.000102,9,151,0.066667,0.059984
4362,1,3619,1,1,2,1,1,2,1,1,1,0.713889,0.000204,0.000688,0.000063,9,45,0,0.001919
3190,1,2616,3,0,3,3,0,3,0,0,0,0,0.002076,0,0.000115,4,136,0,0.010397
6516,1,1345,5,0,5,5,0,5,0,0,0,0,0.003581,0,0.000129,4,200,0.05,0.025751
3116,1,3617,1,0,1,1,0,1,0,0,0,0,0.000204,0,0.000063,4,136,0,0.001919
2377,1,6758,0,1,1,0,1,1,9,0.211185,0.225744,0,0,0.000653,0.000056,7,5,0,0
2869,1,3136,1,9,10,1,9,10,8,0.278123,0.303602,495.144266,0.00085,0.004589,0.000058,1,223,0.066667,0.001592
4292,1,1542,2,2,4,2,2,4,2,0.75,0.833333,424.693667,0.001408,0.001683,0.000071,1,149,0,0.005981
6712,1,56,5,0,5,5,0,5,0,0,0,0,0.001788,0,0.000251,1,16,0.1,0.029378
508,1,6759,0,2,2,0,2,2,8,0.231416,0.245673,0,0,0.000558,0.000056,14,39,0,0
2380,1,6760,0,1,1,0,1,1,8,0.215026,0.231264,0,0,0.00021,0.000056,1,37,0,0
2617,1,3188,1,2,3,1,2,3,7,0.239172,0.256574,47.630311,0.00159,0.003248,0.000059,3,22,0.166667,0.003526
6865,1,168,5,0,5,5,0,5,0,0,0,0,0.004222,0,0.000126,9,22,0.05,0.032891
4553,1,3184,1,2,3,1,2,3,8,0.222837,0.243441,47.921502,0.00159,0.000758,0.000059,6,220,0.166667,0.003526
2382,1,6761,0,1,1,0,1,1,8,0.170984,0.210678,0,0,0.000027,0.000056,9,43,0,0
3264,1,3257,1,6,7,1,6,7,8,0.278585,0.306883,472.228969,0.000267,0.006082,0.00006,4,75,0.02381,0.002912
4185,1,857,5,2,7,5,2,7,8,0.223676,0.24081,2052.565546,0.000986,0.00197,0.00012,11,240,0.095238,0.014244
2390,1,6762,0,1,1,0,1,1,7,0.245064,0.262295,0,0,0.001116,0.000056,4,7,0,0
2988,1,3271,1,1,2,1,1,2,7,0.213178,0.2429,0,0.000193,0.000034,0.000065,7,4,0.5,0.001318
5711,1,1800,2,0,2,2,0,2,0,0,0,0,0.000699,0,0.000076,7,4,0,0.006891
6859,1,6763,0,1,1,0,1,1,3,0.388889,0.452381,0,0,0.000001,0.000056,4,112,0,0
2395,1,6764,0,3,3,0,3,3,9,0.271857,0.303632,0,0,0.006675,0.000056,3,215,0.333333,0
2397,1,6765,0,1,1,0,1,1,6,0.234694,0.280435,0,0,0.000012,0.000056,3,152,0,0
3356,1,2799,2,1,3,2,1,3,5,0.293333,0.348485,33.773088,0.000347,0.000642,0.000111,3,152,0,0.003044
5317,1,2227,2,2,4,2,2,4,3,0.461538,0.509259,300.845464,0.001494,0.001021,0.000066,3,60,0,0.00488
2401,1,6766,0,1,1,0,1,1,5,0.372549,0.419298,0,0,0.001822,0.000056,9,33,0,0
3298,1,2695,4,5,9,4,5,9,8,0.264805,0.285887,3090.288741,0.004301,0.006134,0.000078,10,215,0.125,0.016886
2405,1,6767,0,2,2,0,2,2,9,0.19836,0.216142,0,0,0.000173,0.000056,11,210,0,0
4284,1,3834,1,2,3,1,2,3,7,0.305776,0.340506,126.881356,0.000096,0.012462,0.000065,6,93,0.166667,0.001306
4803,1,3541,1,1,2,1,1,2,1,1,1,2.1,0.000789,0.000196,0.000062,10,154,0,0.00178
3906,1,1209,4,4,8,4,4,8,8,0.22118,0.241641,1744.120766,0.001932,0.001561,0.000089,10,43,0.035714,0.010052
2415,1,6768,0,2,2,0,2,2,8,0.23354,0.247338,0,0,0.001146,0.000056,10,99,0,0
2417,1,6769,0,1,1,0,1,1,10,0.173146,0.179677,0,0,0.000005,0.000056,1,210,0,0
2425,1,6771,0,2,2,0,2,2,9,0.180907,0.19895,0,0,0.000034,0.000056,3,134,0,0
4917,1,6770,1,1,2,1,1,2,7,0.258242,0.297923,39.166667,0.000001,0.000025,0.000079,3,134,0,0.000757
4859,1,3248,1,0,1,1,0,1,0,0,0,0,0.001234,0,0.000058,10,246,0,0.002805
4829,1,3247,1,0,1,1,0,1,0,0,0,0,0.001234,0,0.000058,10,246,0,0.002805
2427,1,6772,0,1,1,0,1,1,5,0.4,0.4475,0,0,0.00166,0.000056,9,44,0,0
4275,1,1812,3,1,4,3,1,4,9,0.211185,0.225744,4152.660534,0.000307,0.000653,0.000092,7,199,0,0.005882
3848,1,5613,1,1,2,1,1,2,4,0.392857,0.454545,24.233333,0.000026,0.000294,0.000064,14,166,0,0.000944
2434,1,6773,0,1,1,0,1,1,9,0.184247,0.197216,0,0,0.000064,0.000056,10,154,0,0
3468,1,3092,1,4,5,1,4,5,9,0.204968,0.229122,989.068407,0.001909,0.001976,0.000059,4,241,0,0.004391
5645,1,1186,3,0,3,3,0,3,0,0,0,0,0.00217,0,0.000102,9,60,0.166667,0.008473
6697,1,2235,3,4,7,3,4,7,9,0.242593,0.294399,742.278908,0.004763,0.002027,0.000077,9,140,0.190476,0.019949
3067,1,5314,1,1,2,1,1,2,1,1,1,3,0.000177,0.000146,0.000072,5,131,0,0.000856
3426,1,3748,1,0,1,1,0,1,0,0,0,0,0.000215,0,0.000061,7,18,0,0.001559
5753,1,3746,2,0,2,2,0,2,0,0,0,0,0.000263,0,0.000093,7,18,0.5,0.00255
2445,1,6774,0,2,2,0,2,2,8,0.216434,0.229199,0,0,0.000993,0.000056,10,214,0,0
4609,1,3088,1,0,1,1,0,1,0,0,0,0,0.005994,0,0.000059,4,31,0,0.010923
2421,1,3087,1,3,4,1,3,4,7,0.271293,0.305703,881.059868,0.005994,0.004588,0.000059,7,169,0.083333,0.010923
5369,1,821,5,1,6,5,1,6,5,0.372549,0.419298,277.76995,0.012392,0.001822,0.000148,9,193,0.166667,0.103179
2630,1,3075,1,3,4,1,3,4,9,0.261889,0.285618,1450.28249,0.005994,0.010341,0.000059,4,111,0.166667,0.010923
3246,1,3071,2,0,2,2,0,2,0,0,0,0,0.006039,0,0.000071,4,182,0,0.01178
6772,1,840,2,0,2,2,0,2,0,0,0,0,0.006112,0,0.000088,3,38,0.5,0.018098
6784,1,728,4,0,4,4,0,4,0,0,0,0,0.015508,0,0.000096,9,54,0.25,0.102525
4745,1,3057,1,5,6,1,5,6,7,0.320124,0.355635,149.920076,0.005994,0.016236,0.000059,4,125,0.3,0.010923
6100,1,3048,1,0,1,1,0,1,0,0,0,0,0.005994,0,0.000059,4,31,0,0.010923
4096,1,3047,1,2,3,1,2,3,9,0.199408,0.217225,41.123778,0.005994,0.001626,0.000059,9,12,0,0.010923
3712,1,3040,1,0,1,1,0,1,0,0,0,0,0.005994,0,0.000059,4,31,0,0.010923
2449,1,6775,0,3,3,0,3,3,6,0.281859,0.311436,0,0,0.001971,0.000056,7,131,0.166667,0
6354,1,338,7,0,7,7,0,7,0,0,0,0,0.000698,0,0.000415,14,34,0.142857,0.024129
4731,1,1311,2,1,3,2,1,3,1,1,1,174.090392,0.000057,0.000103,0.000135,14,57,0,0.003021
6188,1,987,6,0,6,6,0,6,0,0,0,0,0.000255,0,0.000259,14,34,0.233333,0.00978
3292,1,2885,1,4,5,1,4,5,10,0.167435,0.19052,1.755357,0.000057,0.000653,0.00006,14,34,0.4,0.001175
2453,1,6776,0,1,1,0,1,1,1,1,1,0,0,0.000004,0.000056,5,156,0,0
5077,1,2762,2,0,2,2,0,2,0,0,0,0,0.00013,0,0.000122,5,156,0,0.004368
4924,1,3113,1,0,1,1,0,1,0,0,0,0,0.000038,0,0.000087,5,123,0,0.000964
2457,1,6777,0,1,1,0,1,1,14,0.120737,0.131832,0,0,0.000004,0.000056,12,186,0,0
2465,1,6778,0,1,1,0,1,1,10,0.184256,0.192176,0,0,0.000583,0.000056,10,196,0,0
6711,1,2836,1,0,1,1,0,1,0,0,0,0,0.00222,0,0.00006,9,54,0,0.008708
6375,1,2809,1,1,2,1,1,2,2,0.6,0.666667,0,0.00222,0.000462,0.00006,12,71,0.5,0.008708
6904,1,516,3,0,3,3,0,3,0,0,0,0,0.007925,0,0.000182,3,28,0,0.045913
5936,1,2802,1,0,1,1,0,1,0,0,0,0,0.00222,0,0.00006,9,54,0,0.008708
2470,1,6779,0,1,1,0,1,1,9,0.260725,0.282667,0,0,0.002263,0.000056,3,94,0,0
6386,1,377,5,0,5,5,0,5,0,0,0,0,0.001855,0,0.000772,9,72,0,0.036011
3641,1,3769,1,0,1,1,0,1,0,0,0,0,0.000077,0,0.000062,14,115,0,0.001383
3724,1,1693,2,3,5,2,3,5,8,0.218968,0.262428,2098.282509,0.003698,0.001285,0.000074,4,233,0.1,0.021223
6655,1,1638,2,0,2,2,0,2,0,0,0,0,0.002091,0,0.000074,4,89,0.5,0.013175
3056,1,2663,2,0,2,2,0,2,0,0,0,0,0.003891,0,0.000065,3,89,0,0.014904
3505,1,2661,1,0,1,1,0,1,0,0,0,0,0.001869,0,0.00006,4,89,0,0.007721
5371,1,137,2,1,3,2,1,3,5,0.364865,0.411728,610.996577,0.002488,0.00262,0.000116,4,192,0,0.028759
2772,1,2630,1,1,2,1,1,2,8,0.255849,0.272795,716.564123,0.001869,0.001426,0.00006,8,89,0,0.007721
519,1,1740,3,1,4,3,1,4,5,0.269231,0.333333,76.95799,0.002603,0.000717,0.000082,4,73,0,0.015725
307,1,1486,2,0,2,2,0,2,0,0,0,0,0.0026,0,0.000079,4,217,0,0.014511
3144,1,2619,1,0,1,1,0,1,0,0,0,0,0.001869,0,0.00006,4,89,0,0.007721
6535,1,1364,3,0,3,3,0,3,0,0,0,0,0.003759,0,0.000104,4,94,0.166667,0.023785
4514,1,2112,3,3,6,3,3,6,5,0.344262,0.435714,412.309653,0.002314,0.000596,0.000087,4,186,0.166667,0.011283
6076,1,1554,5,0,5,5,0,5,0,0,0,0,0.00376,0,0.000115,4,32,0.05,0.031682
6364,1,2598,1,3,4,1,3,4,6,0.262887,0.330719,374.021967,0.001869,0.001594,0.00006,14,102,0,0.007721
6593,1,139,2,0,2,2,0,2,0,0,0,0,0.002488,0,0.000116,4,192,0,0.028759
3267,1,2502,1,3,4,1,3,4,10,0.224046,0.247276,1350.250965,0.001869,0.002281,0.00006,4,233,0,0.007721
4922,1,5316,1,2,3,1,2,3,1,1,1,0.833333,0.000069,0.000386,0.000062,1,229,0.333333,0.00095
6265,1,1821,3,0,3,3,0,3,0,0,0,0,0.000183,0,0.00015,3,154,0,0.00463
2486,1,6780,0,1,1,0,1,1,1,1,1,0,0,0,0.000056,3,210,0,0
6271,1,847,2,0,2,2,0,2,0,0,0,0,0.000009,0,0.000166,3,210,0,0.002214
5114,1,6781,0,1,1,0,1,1,1,1,1,0,0,0.000033,0.000056,14,47,0,0
4835,1,3061,1,0,1,1,0,1,0,0,0,0,0.000371,0,0.000061,1,40,0,0.001844
2491,1,6782,0,2,2,0,2,2,9,0.26414,0.288101,0,0,0.004088,0.000056,3,17,0,0
3186,1,5475,1,2,3,1,2,3,10,0.218926,0.238771,420.34926,0.000179,0.001902,0.000061,5,137,0.166667,0.000862
2953,1,3935,1,1,2,1,1,2,1,1,1,32.116667,0.000326,0,0.000064,7,68,0,0.00127
4541,1,3934,1,0,1,1,0,1,0,0,0,0,0.000326,0,0.000064,7,214,0,0.00127
2627,1,3933,1,2,3,1,2,3,8,0.240406,0.261331,0,0.000326,0.001978,0.000064,7,214,0.333333,0.00127
2499,1,6783,0,1,1,0,1,1,11,0.164009,0.172158,0,0,0.000003,0.000056,3,12,0,0
2502,1,6784,0,1,1,0,1,1,11,0.224111,0.23803,0,0,0.000569,0.000056,7,172,0,0
2846,1,2905,1,0,1,1,0,1,0,0,0,0,0.000195,0,0.00006,1,13,0,0.001893
6521,1,6785,0,2,2,0,2,2,9,0.19836,0.216142,0,0,0.000097,0.000056,3,188,0,0
2509,1,6786,0,1,1,0,1,1,8,0.264706,0.300265,0,0,0.003209,0.000056,9,86,0,0
2510,1,6787,0,1,1,0,1,1,2,0.571429,0.625,0,0,0.0008,0.000056,1,36,0,0
5782,1,1336,4,1,5,4,1,5,1,1,1,1305.888647,0.000262,0.000018,0.000154,1,210,0.05,0.010225
2512,1,6788,0,3,3,0,3,3,8,0.275237,0.294666,0,0,0.002204,0.000056,6,93,0.333333,0
5246,1,3059,2,0,2,2,0,2,0,0,0,0,0.000272,0,0.000079,5,204,0,0.00349
2514,1,6789,0,1,1,0,1,1,7,0.305104,0.33919,0,0,0.012207,0.000056,9,10,0,0
2518,1,6790,0,1,1,0,1,1,8,0.242288,0.258598,0,0,0.000851,0.000056,9,147,0,0
5719,1,526,7,1,8,7,1,8,5,0.289474,0.365152,89.307032,0.002532,0.000625,0.000186,1,190,0.035714,0.021693
6233,1,2044,3,1,4,3,1,4,2,0.666667,0.75,63.884224,0.001939,0.000167,0.000077,1,216,0,0.011492
3853,1,2735,1,0,1,1,0,1,0,0,0,0,0.001131,0,0.000062,10,180,0,0.005478
7076,1,2731,1,1,2,1,1,2,1,1,1,152.681411,0.001131,0.000013,0.000062,10,143,0,0.005478
4502,1,1787,4,4,8,4,4,8,6,0.314741,0.372152,720.883165,0.002918,0.001505,0.000084,7,21,0.125,0.015298
2538,1,6791,0,11,11,0,11,11,11,0.230894,0.254304,0,0,0.003022,0.000056,12,71,0.154545,0
2539,1,6792,0,1,1,0,1,1,1,1,1,0,0,0.000395,0.000056,1,96,0,0
5123,1,6793,0,1,1,0,1,1,11,0.174023,0.190683,0,0,0.000331,0.000056,4,233,0,0
2542,1,6794,0,1,1,0,1,1,1,1,1,0,0,0.000125,0.000056,9,176,0,0
2554,1,6795,0,2,2,0,2,2,9,0.267893,0.29887,0,0,0.005391,0.000056,3,1,0,0
3402,1,1975,3,2,5,3,2,5,6,0.271341,0.320787,695.925217,0.01081,0.001527,0.000076,3,213,0.15,0.048823
6686,1,850,4,0,4,4,0,4,0,0,0,0,0.001789,0,0.000126,3,213,0.083333,0.014415
5099,1,2365,2,0,2,2,0,2,0,0,0,0,0.005166,0,0.000066,3,213,0,0.018791
2556,1,6796,0,1,1,0,1,1,1,1,1,0,0,0.000163,0.000056,3,94,0,0
2952,1,2340,2,0,2,2,0,2,0,0,0,0,0.004805,0,0.00011,3,94,0,0.018592
4664,1,1868,2,1,3,2,1,3,9,0.210252,0.231967,408.706468,0.000774,0.001688,0.000075,1,62,0.166667,0.005574
2558,1,6797,0,1,1,0,1,1,7,0.244035,0.257797,0,0,0.00004,0.000056,12,174,0,0
4868,1,1400,3,3,6,3,3,6,6,0.322413,0.354564,5327.874333,0.001187,0.014087,0.000131,12,174,0.066667,0.016642
2560,1,6798,0,1,1,0,1,1,8,0.215026,0.231264,0,0,0.00021,0.000056,1,37,0,0
6172,1,3063,2,0,2,2,0,2,0,0,0,0,0.00013,0,0.000081,10,151,0,0.002204
4040,1,2351,2,1,3,2,1,3,2,0.571429,0.625,43.744748,0.000321,0.000076,0.000076,3,210,0,0.005558
2629,1,3462,1,2,3,1,2,3,10,0.23782,0.256588,1869.194025,0.0001,0.001841,0.000066,5,68,0,0.001088
4851,1,1662,3,1,4,3,1,4,7,0.285185,0.327737,440.334556,0.006518,0.001791,0.000094,3,151,0.166667,0.036826
2711,1,2843,1,3,4,1,3,4,10,0.231342,0.252694,4.591225,0.000852,0.002292,0.000061,3,176,0,0.001545
2563,1,6799,0,2,2,0,2,2,3,0.571429,0.708333,0,0,0.000498,0.000056,4,53,0.5,0
6819,1,347,4,0,4,4,0,4,0,0,0,0,0.000168,0,0.000246,4,53,0.25,0.007819
6513,1,763,6,1,7,6,1,7,1,1,1,229.802092,0.005471,0.000499,0.000306,7,102,0.047619,0.092671
6940,1,1910,2,0,2,2,0,2,0,0,0,0,0.000826,0,0.000083,3,215,0,0.008606
2568,1,6800,0,1,1,0,1,1,1,1,1,0,0,0.000699,0.000056,4,61,0,0
2569,1,6801,0,1,1,0,1,1,8,0.256528,0.275567,0,0,0.002469,0.000056,9,52,0,0
2282,1,1489,2,0,2,2,0,2,0,0,0,0,0.000161,0,0.000108,4,112,0,0.005585
4672,1,6802,0,3,3,0,3,3,7,0.247488,0.266831,0,0,0.001605,0.000056,7,200,0,0
2579,1,6803,0,2,2,0,2,2,9,0.264201,0.287984,0,0,0.002634,0.000056,3,217,0,0
5970,1,3740,1,0,1,1,0,1,0,0,0,0,0.000009,0,0.000072,5,227,0,0.001172
2583,1,6804,0,2,2,0,2,2,10,0.207936,0.222036,0,0,0.000203,0.000056,1,198,0,0
4976,1,2514,1,1,2,1,1,2,7,0.305104,0.33919,0,0.001545,0.012207,0.000061,9,10,0.5,0.004889
4045,1,2513,2,2,4,2,2,4,7,0.224409,0.265664,576.742467,0.003566,0.001,0.000066,3,208,0,0.012071
5388,1,383,8,0,8,8,0,8,0,0,0,0,0.001734,0,0.000529,14,210,0.071429,0.03962
2640,1,387,4,0,4,4,0,4,0,0,0,0,0.000618,0,0.000431,11,188,0,0.021388
3876,1,2583,2,0,2,2,0,2,0,0,0,0,0.000485,0,0.00007,3,81,0,0.004405
2758,1,3303,1,6,7,1,6,7,7,0.251255,0.271199,786.010477,0.000177,0.002153,0.000062,10,87,0.119048,0.002419
5793,1,1387,7,2,9,7,2,9,3,0.571429,0.708333,789.15731,0.000981,0.00043,0.000237,14,227,0.027778,0.017808
2593,1,6805,0,1,1,0,1,1,7,0.196721,0.241567,0,0,0.000028,0.000056,3,213,0,0
6839,1,2729,2,0,2,2,0,2,0,0,0,0,0.001663,0,0.000066,10,122,0,0.007714
2596,1,6806,0,1,1,0,1,1,1,1,1,0,0,0.000071,0.000056,4,136,0,0
5313,1,1278,5,0,5,5,0,5,0,0,0,0,0.000931,0,0.000196,9,228,0.15,0.01051
2598,1,6807,0,1,1,0,1,1,8,0.256528,0.275567,0,0,0.002469,0.000056,9,52,0,0
6391,1,1842,2,0,2,2,0,2,0,0,0,0,0.000331,0,0.000084,14,201,0.5,0.004648
6247,1,2985,1,1,2,1,1,2,2,0.666667,0.75,17.590909,0,0.000612,0.000113,14,201,0,0.001052
5265,1,1616,3,3,6,3,3,6,6,0.305819,0.346018,1383.478706,0.0058,0.009763,0.000098,2,213,0.033333,0.035457
6848,1,196,7,0,7,7,0,7,0,0,0,0,0.002847,0,0.000392,2,162,0.095238,0.086515
3950,1,3146,1,7,8,1,7,8,9,0.183049,0.20045,1145.431596,0.000884,0.002109,0.000061,1,16,0.071429,0.001912
3552,1,1989,2,0,2,2,0,2,0,0,0,0,0.006528,0,0.000071,3,1,0,0.031945
2824,1,561,5,1,6,5,1,6,2,0.666667,0.75,61.307064,0.010783,0.001559,0.000137,7,133,0.1,0.062552
2607,1,6808,0,2,2,0,2,2,8,0.238984,0.253531,0,0,0.000929,0.000056,9,71,0.5,0
2610,1,6809,0,1,1,0,1,1,7,0.258964,0.283963,0,0,0.002155,0.000056,10,156,0,0
1572,1,6810,0,1,1,0,1,1,3,0.5,0.583333,0,0,0.000169,0.000056,10,34,0,0
5196,1,1407,2,0,2,2,0,2,0,0,0,0,0.001298,0,0.000087,3,234,0,0.007001
4364,1,2581,3,3,6,3,3,6,8,0.238907,0.256541,393.107187,0.002262,0.000411,0.000072,1,64,0,0.006676
2616,1,6811,0,1,1,0,1,1,8,0.191943,0.224691,0,0,0.000005,0.000056,1,109,0,0
3909,1,3865,1,0,1,1,0,1,0,0,0,0,0.000164,0,0.000063,4,18,0,0.00131
5136,1,6813,0,3,3,0,3,3,9,0.225295,0.241238,0,0,0.00113,0.000056,15,73,0,0
3992,1,6812,1,0,1,1,0,1,0,0,0,0,0.000038,0,0.000071,15,73,0,0.000757
2631,1,6814,0,1,1,0,1,1,9,0.194001,0.204857,0,0,0.000072,0.000056,1,166,0,0
4022,1,5262,1,2,3,1,2,3,1,1,1,1.75,0.000374,0.0002,0.000068,2,146,0.333333,0.001044
6129,1,824,4,0,4,4,0,4,0,0,0,0,0.005147,0,0.000212,2,146,0.166667,0.078833
7004,1,167,7,0,7,7,0,7,0,0,0,0,0.010729,0,0.000271,2,153,0.095238,0.17643
295,1,6815,0,1,1,0,1,1,1,1,1,0,0,0.000699,0.000056,4,61,0,0
6348,1,2620,3,0,3,3,0,3,0,0,0,0,0.000631,0,0.000081,14,207,0,0.004284
2644,1,6816,0,1,1,0,1,1,10,0.220644,0.236872,0,0,0.000367,0.000056,4,111,0,0
2650,1,6817,0,2,2,0,2,2,10,0.166381,0.179625,0,0,0.000082,0.000056,14,39,0,0
6065,1,1891,2,0,2,2,0,2,0,0,0,0,0.005651,0,0.000129,3,234,0,0.031298
4754,1,1415,2,0,2,2,0,2,0,0,0,0,0.00107,0,0.000067,1,105,0,0.009999
2655,1,6818,0,1,1,0,1,1,1,1,1,0,0,0.000021,0.000056,3,150,0,0
2660,1,6819,0,2,2,0,2,2,8,0.246154,0.268387,0,0,0.002131,0.000056,3,233,0,0
4999,1,2862,1,0,1,1,0,1,0,0,0,0,0.000483,0,0.00006,3,221,0,0.002078
5579,1,769,2,0,2,2,0,2,0,0,0,0,0.000927,0,0.000077,3,221,0.5,0.012791
3521,1,4351,1,0,1,1,0,1,0,0,0,0,0.000011,0,0.000077,7,202,0,0.001449
2663,1,6820,0,4,4,0,4,4,8,0.257833,0.278191,0,0,0.003856,0.000056,9,151,0.166667,0
4713,1,1869,6,2,8,6,2,8,3,0.5,0.611111,242.105967,0.001112,0.000231,0.000143,1,102,0.071429,0.01397
3580,1,3011,2,6,8,2,6,8,9,0.233999,0.256152,813.939228,0.000682,0.002828,0.000067,1,143,0.017857,0.003724
5494,1,3010,1,1,2,1,1,2,8,0.236024,0.249379,534.456313,0.000539,0.001249,0.00006,14,148,0,0.001574
2666,1,6821,0,1,1,0,1,1,9,0.21655,0.226567,0,0,0.00016,0.000056,3,224,0,0
3152,1,4657,1,0,1,1,0,1,0,0,0,0,0.000071,0,0.000061,3,237,0,0.000969
5638,1,2319,2,0,2,2,0,2,0,0,0,0,0.004871,0,0.000068,3,237,0,0.018804
2949,1,625,6,0,6,6,0,6,0,0,0,0,0.007116,0,0.000206,9,160,0.266667,0.106719
5152,1,1856,2,1,3,2,1,3,3,0.411765,0.47619,53.458465,0.000205,0.00003,0.000101,6,220,0.166667,0.002958
2672,1,6822,0,1,1,0,1,1,8,0.256528,0.275567,0,0,0.002469,0.000056,9,52,0,0
3054,1,2480,1,1,2,1,1,2,1,1,1,296.439506,0.0048,0.000019,0.000062,3,137,0,0.017835
4848,1,874,3,1,4,3,1,4,1,1,1,95.148476,0.005287,0.000173,0.000091,3,102,0.083333,0.022915
4856,1,1028,3,1,4,3,1,4,1,1,1,62.700755,0.004869,0.000236,0.000207,1,84,0.166667,0.02488
2687,1,2468,1,4,5,1,4,5,9,0.260429,0.280092,14863.00884,0.0048,0.001844,0.000062,3,213,0,0.017835
4903,1,2427,1,0,1,1,0,1,0,0,0,0,0.0048,0,0.000062,3,94,0,0.017835
4882,1,2411,1,0,1,1,0,1,0,0,0,0,0.0048,0,0.000062,3,94,0,0.017835
6287,1,2391,2,0,2,2,0,2,0,0,0,0,0.004971,0,0.000079,3,153,0,0.019224
5843,1,2390,2,1,3,2,1,3,1,1,1,218.619655,0.005228,0.000056,0.000067,3,81,0,0.019608
3194,1,2383,1,2,3,1,2,3,8,0.213853,0.23315,268.995154,0.0048,0.001186,0.000062,3,213,0.166667,0.017835
4118,1,2379,2,1,3,2,1,3,8,0.240142,0.260418,68.07146,0.006821,0.001826,0.000068,3,17,0.166667,0.025017
3221,1,2378,2,1,3,2,1,3,2,0.6,0.666667,0,0.008597,0.001124,0.000068,3,70,0.333333,0.029738
5405,1,2377,1,0,1,1,0,1,0,0,0,0,0.0048,0,0.000062,3,94,0,0.017835
4138,1,2374,2,1,3,2,1,3,1,1,1,64.454288,0.008597,0.00034,0.000068,3,111,0,0.029738
2830,1,2371,1,0,1,1,0,1,0,0,0,0,0.0048,0,0.000062,3,94,0,0.017835
3232,1,2368,1,2,3,1,2,3,8,0.223675,0.243238,383.939818,0.0048,0.000868,0.000062,7,112,0,0.017835
6830,1,791,4,0,4,4,0,4,0,0,0,0,0.013463,0,0.000155,3,152,0.25,0.114064
5249,1,1491,2,1,3,2,1,3,6,0.259475,0.298876,875.701008,0.00553,0.000455,0.000082,4,213,0,0.024624
5175,1,2361,1,0,1,1,0,1,0,0,0,0,0.0048,0,0.000062,3,94,0,0.017835
3327,1,2360,1,2,3,1,2,3,9,0.267863,0.29885,88.094381,0.0048,0.005057,0.000062,3,231,0.166667,0.017835
5444,1,2355,4,0,4,4,0,4,0,0,0,0,0.009297,0,0.000092,3,2,0,0.032333
4246,1,1518,3,4,7,3,4,7,8,0.258846,0.278254,8431.149883,0.006063,0.004776,0.000089,5,233,0.047619,0.031993
5582,1,1674,4,2,6,4,2,6,2,0.666667,0.75,258.550259,0.010795,0.001946,0.000098,4,88,0.1,0.052943
6517,1,761,4,0,4,4,0,4,0,0,0,0,0.016822,0,0.000124,3,17,0.166667,0.141461
3675,1,2353,1,2,3,1,2,3,11,0.229463,0.249327,3117.850084,0.0048,0.002649,0.000062,9,95,0,0.017835
6528,1,1665,2,0,2,2,0,2,0,0,0,0,0.006417,0,0.000084,3,17,0,0.035739
5636,1,1663,2,0,2,2,0,2,0,0,0,0,0.006417,0,0.000084,3,17,0,0.035739
5647,1,2063,4,1,5,4,1,5,4,0.433333,0.480769,358.365847,0.009071,0.000327,0.00009,3,42,0.05,0.033854
5222,1,2336,1,0,1,1,0,1,0,0,0,0,0.0048,0,0.000062,3,94,0,0.017835
6105,1,2334,1,1,2,1,1,2,1,1,1,67.747012,0.0048,0.000175,0.000062,3,15,0,0.017835
5668,1,1824,3,0,3,3,0,3,0,0,0,0,0.011156,0,0.000084,5,179,0.166667,0.052106
6616,1,1664,4,0,4,4,0,4,0,0,0,0,0.010316,0,0.000123,7,239,0.083333,0.050417
6167,1,2321,2,0,2,2,0,2,0,0,0,0,0.004921,0,0.00008,3,94,0,0.01947
7026,1,2316,1,0,1,1,0,1,0,0,0,0,0.0048,0,0.000062,3,94,0,0.017835
1583,1,6823,0,4,4,0,4,4,10,0.17703,0.205111,0,0,0.002246,0.000056,10,193,0.166667,0
5599,1,664,5,0,5,5,0,5,0,0,0,0,0.00241,0,0.00019,10,193,0.05,0.037844
3957,1,6824,0,1,1,0,1,1,9,0.188575,0.201732,0,0,0.000021,0.000056,4,50,0,0
3571,1,3332,1,0,1,1,0,1,0,0,0,0,0.000005,0,0.000072,5,47,0,0.001951
4169,1,2766,2,0,2,2,0,2,0,0,0,0,0.003803,0,0.000078,5,47,0,0.013854
6960,1,1087,3,0,3,3,0,3,0,0,0,0,0.000256,0,0.000163,9,143,0.166667,0.008553
6834,1,3241,1,0,1,1,0,1,0,0,0,0,0.000143,0,0.000063,11,143,0,0.00215
2685,1,6825,0,6,6,0,6,6,8,0.259364,0.276191,0,0,0.00168,0.000056,7,47,0,0
7087,1,421,4,0,4,4,0,4,0,0,0,0,0.00159,0,0.000146,7,47,0,0.025784
5098,1,2382,5,1,6,5,1,6,5,0.293333,0.348485,160.528045,0.000165,0.000642,0.000335,3,213,0.033333,0.00772
4255,1,4387,1,3,4,1,3,4,8,0.214123,0.235056,11.840152,0.000026,0.000303,0.000065,1,57,0.083333,0.000968
3247,1,3003,1,0,1,1,0,1,0,0,0,0,0.000494,0,0.000059,7,218,0,0.002118
4238,1,4862,1,1,2,1,1,2,5,0.4,0.4475,4.666667,0.000496,0.00166,0.000068,9,176,0,0.000851
6836,1,729,3,0,3,3,0,3,0,0,0,0,0.00536,0,0.000128,5,153,0,0.084854
2698,1,6826,0,2,2,0,2,2,8,0.257298,0.277197,0,0,0.005089,0.000056,7,52,0,0
2706,1,6827,0,1,1,0,1,1,5,0.293333,0.348485,0,0,0.000642,0.000056,3,140,0,0
2707,1,6828,0,1,1,0,1,1,2,0.571429,0.625,0,0,0.000208,0.000056,4,136,0,0
6149,1,1532,2,0,2,2,0,2,0,0,0,0,0.00166,0,0.000079,5,59,0,0.017201
4852,1,2046,2,1,3,2,1,3,1,1,1,610.375167,0.000489,0.000246,0.000083,12,46,0,0.005346
6911,1,159,5,0,5,5,0,5,0,0,0,0,0.000096,0,0.000506,12,46,0.05,0.008595
2714,1,6829,0,1,1,0,1,1,5,0.4,0.4475,0,0,0.00166,0.000056,9,44,0,0
2718,1,6830,0,2,2,0,2,2,3,0.545455,0.638889,0,0,0.000547,0.000056,4,63,0.5,0
3523,1,2525,1,2,3,1,2,3,7,0.252435,0.271508,3092.274289,0.001708,0.001374,0.00006,4,234,0,0.007226
4518,1,2463,3,2,5,3,2,5,2,0.625,0.7,217.235203,0.003775,0.000566,0.00009,7,47,0.2,0.016487
5656,1,1957,5,0,5,5,0,5,0,0,0,0,0.002266,0,0.000181,5,13,0,0.015709
4172,1,1503,3,2,5,3,2,5,4,0.385965,0.450758,1235.249606,0.006803,0.000381,0.000089,3,47,0,0.038595
4072,1,4374,2,1,3,2,1,3,2,0.571429,0.625,28.56031,0.000519,0.000313,0.00008,9,188,0,0.001865
2725,1,6831,0,1,1,0,1,1,1,1,1,0,0,0.000069,0.000056,9,179,0,0
5539,1,894,3,1,4,3,1,4,3,0.4375,0.5,1525.525853,0.000718,0.000035,0.000107,9,4,0,0.014596
2727,1,6832,0,3,3,0,3,3,8,0.25416,0.272531,0,0,0.002961,0.000056,3,47,0,0
5275,1,3384,1,0,1,1,0,1,0,0,0,0,0.000221,0,0.000069,1,100,0,0.002347
3291,1,2299,1,1,2,1,1,2,8,0.210963,0.227765,1439.600399,0.003385,0.000306,0.000063,4,233,0,0.014554
6673,1,2290,1,0,1,1,0,1,0,0,0,0,0.003385,0,0.000063,9,52,0,0.014554
5997,1,2289,1,0,1,1,0,1,0,0,0,0,0.003385,0,0.000063,9,52,0,0.014554
3260,1,2288,1,1,2,1,1,2,9,0.212186,0.225108,3510.703095,0.003385,0.000412,0.000063,5,217,0,0.014554
3324,1,2281,1,4,5,1,4,5,7,0.278285,0.304932,1792.373915,0.003385,0.010362,0.000063,9,28,0.1,0.014554
4626,1,2278,1,2,3,1,2,3,7,0.306611,0.341978,22.548802,0.003385,0.013867,0.000063,9,44,0.166667,0.014554
6703,1,2277,1,0,1,1,0,1,0,0,0,0,0.003385,0,0.000063,9,52,0,0.014554
3460,1,2276,1,1,2,1,1,2,7,0.305104,0.33919,0,0.003385,0.012207,0.000063,9,52,0.5,0.014554
3793,1,1876,2,3,5,2,3,5,7,0.240891,0.267177,1516.094366,0.003435,0.000278,0.000088,9,178,0,0.017273
2896,1,2270,1,0,1,1,0,1,0,0,0,0,0.003385,0,0.000063,9,52,0,0.014554
4504,1,2256,1,3,4,1,3,4,5,0.368421,0.445833,29.371155,0.003385,0.002532,0.000063,9,231,0.166667,0.014554
4942,1,881,2,1,3,2,1,3,7,0.305104,0.33919,780.25,0.003403,0.012207,0.000096,9,193,0.166667,0.015699
1606,1,2226,1,0,1,1,0,1,0,0,0,0,0.003385,0,0.000063,9,52,0,0.014554
4747,1,1197,4,2,6,4,2,6,7,0.320111,0.356476,3121.874649,0.006491,0.019579,0.000097,9,28,0.133333,0.033684
5403,1,805,2,1,3,2,1,3,5,0.4,0.4475,229.482975,0.008145,0.00166,0.000093,9,44,0.166667,0.090244
7035,1,2225,1,0,1,1,0,1,0,0,0,0,0.003385,0,0.000063,9,52,0,0.014554
5989,1,2219,1,1,2,1,1,2,1,1,1,0,0.003385,0.000435,0.000063,3,221,0.5,0.014554
3423,1,1878,3,1,4,3,1,4,9,0.209752,0.223456,12039.77022,0.01105,0.000341,0.000078,3,125,0,0.051769
6578,1,566,2,0,2,2,0,2,0,0,0,0,0.003389,0,0.000228,3,2,0,0.022655
3043,1,2168,2,2,4,2,2,4,7,0.302446,0.336107,886.771398,0.004399,0.012545,0.000069,9,208,0.25,0.022601
6432,1,1470,3,0,3,3,0,3,0,0,0,0,0.003458,0,0.000124,14,188,0,0.017787
4560,1,2203,1,1,2,1,1,2,6,0.300532,0.336947,81.679318,0.003385,0.007372,0.000063,2,52,0,0.014554
3229,1,2199,1,0,1,1,0,1,0,0,0,0,0.003385,0,0.000063,9,52,0,0.014554
4571,1,2195,1,0,1,1,0,1,0,0,0,0,0.003385,0,0.000063,9,52,0,0.014554
7098,1,382,4,0,4,4,0,4,0,0,0,0,0.00848,0,0.000219,9,103,0.083333,0.106066
2739,1,6833,0,1,1,0,1,1,10,0.192953,0.23775,0,0,0.000336,0.000056,6,93,0,0
4058,1,2789,3,1,4,3,1,4,5,0.372549,0.419298,165.972044,0.0064,0.001822,0.000093,14,63,0,0.020462
4086,1,1923,3,2,5,3,2,5,7,0.287313,0.336395,140.485853,0.004438,0.002479,0.000119,3,216,0.1,0.020293
4752,1,1118,3,0,3,3,0,3,0,0,0,0,0.004242,0,0.000123,3,12,0.166667,0.016627
2751,1,2782,1,1,2,1,1,2,9,0.26778,0.298465,0,0.003797,0.004848,0.000061,9,1,0.5,0.011904
3265,1,2767,1,0,1,1,0,1,0,0,0,0,0.003797,0,0.000061,9,27,0,0.011904
2742,1,6834,0,1,1,0,1,1,1,1,1,0,0,0.000139,0.000056,10,223,0,0
2743,1,6835,0,1,1,0,1,1,7,0.305104,0.33919,0,0,0.012207,0.000056,9,10,0,0
2745,1,6836,0,1,1,0,1,1,1,1,1,0,0,0.000162,0.000056,9,10,0,0
6323,1,804,2,0,2,2,0,2,0,0,0,0,0.004766,0,0.000133,9,10,0,0.076447
1862,1,6837,0,4,4,0,4,4,8,0.230855,0.247839,0,0,0.002563,0.000056,1,223,0.083333,0
2747,1,6838,0,1,1,0,1,1,8,0.233373,0.246572,0,0,0.000965,0.000056,1,99,0,0
5806,1,2279,1,0,1,1,0,1,0,0,0,0,0,0,0.000119,5,120,0,0.002994
2752,1,6839,0,1,1,0,1,1,7,0.213178,0.2429,0,0,0.000015,0.000056,4,126,0,0
3971,1,6840,0,1,1,0,1,1,10,0.204011,0.214355,0,0,0.000315,0.000056,1,61,0,0
4241,1,3199,1,2,3,1,2,3,4,0.451613,0.517857,17.299457,0.000123,0.000412,0.000067,3,213,0,0.002181
5259,1,1895,2,0,2,2,0,2,0,0,0,0,0.005816,0,0.00009,3,1,0.5,0.031373
3778,1,5602,1,2,3,1,2,3,10,0.181584,0.192636,2114,0,0.000498,0.000143,14,48,0,0.000851
2765,1,6841,0,1,1,0,1,1,10,0.220263,0.234176,0,0,0.000656,0.000056,10,24,0,0
2767,1,6842,0,1,1,0,1,1,1,1,1,0,0,0.000061,0.000056,1,33,0,0
2771,1,6843,0,2,2,0,2,2,2,0.625,0.7,0,0,0.001232,0.000056,6,43,0,0
2773,1,6844,0,2,2,0,2,2,7,0.242571,0.258949,0,0,0.00011,0.000056,10,233,0,0
2774,1,6845,0,2,2,0,2,2,9,0.245981,0.278534,0,0,0.013324,0.000056,9,10,0,0
2775,1,6846,0,2,2,0,2,2,8,0.23972,0.258448,0,0,0.001247,0.000056,4,213,0.5,0
2776,1,6847,0,2,2,0,2,2,7,0.266874,0.296646,0,0,0.002575,0.000056,7,130,0.5,0
4827,1,1552,2,0,2,2,0,2,0,0,0,0,0.002178,0,0.00008,5,97,0,0.018423
5673,1,2824,1,0,1,1,0,1,0,0,0,0,0.001059,0,0.000063,4,97,0,0.005022
6658,1,2777,2,0,2,2,0,2,0,0,0,0,0.002043,0,0.000085,3,236,0,0.00794
3250,1,2776,1,0,1,1,0,1,0,0,0,0,0.002022,0,0.000061,3,219,0,0.007183
5529,1,788,4,0,4,4,0,4,0,0,0,0,0.007578,0,0.00012,2,125,0.083333,0.092064
4811,1,1439,2,0,2,2,0,2,0,0,0,0,0.002865,0,0.000077,3,85,0,0.016667
2782,1,6848,0,1,1,0,1,1,7,0.266598,0.294701,0,0,0.001948,0.000056,7,169,0,0
3488,1,1938,2,0,2,2,0,2,0,0,0,0,0.005676,0,0.000095,3,1,0,0.031308
2789,1,6849,0,1,1,0,1,1,9,0.189935,0.207981,0,0,0.000046,0.000056,4,112,0,0
4812,1,1765,5,0,5,5,0,5,0,0,0,0,0.006933,0,0.000133,3,171,0.2,0.04102
3277,1,2746,1,2,3,1,2,3,8,0.227027,0.247566,294.950538,0.000344,0.000636,0.000064,1,29,0.166667,0.003961
1550,1,1917,3,0,3,3,0,3,0,0,0,0,0.00601,0,0.000101,1,29,0.166667,0.035013
2802,1,6850,0,2,2,0,2,2,5,0.313953,0.382716,0,0,0.001806,0.000056,3,140,0,0
5752,1,2960,1,0,1,1,0,1,0,0,0,0,0.000115,0,0.000067,1,216,0,0.001988
6574,1,2958,1,0,1,1,0,1,0,0,0,0,0.000115,0,0.000067,1,216,0,0.001988
5551,1,1792,3,0,3,3,0,3,0,0,0,0,0.0008,0,0.000077,14,83,0,0.006703
4583,1,3222,2,0,2,2,0,2,0,0,0,0,0.000022,0,0.000181,5,236,0.5,0.0033
5575,1,6851,0,2,2,0,2,2,4,0.428571,0.569444,0,0,0.000254,0.000056,4,136,0,0
5235,1,1132,2,0,2,2,0,2,0,0,0,0,0.001265,0,0.000083,4,116,0.5,0.013335
5677,1,1136,2,0,2,2,0,2,0,0,0,0,0.001212,0,0.000109,3,233,0,0.011239
3271,1,2554,1,0,1,1,0,1,0,0,0,0,0.001062,0,0.000061,4,104,0,0.006364
3263,1,2689,3,3,6,3,3,6,9,0.243882,0.264345,10297.46358,0.001797,0.003716,0.000079,9,98,0.1,0.01047
4587,1,742,2,0,2,2,0,2,0,0,0,0,0.004998,0,0.000094,9,72,0,0.077985
2836,1,6852,0,5,5,0,5,5,9,0.225566,0.24989,0,0,0.000984,0.000056,10,210,0.1,0
6392,1,902,3,0,3,3,0,3,0,0,0,0,0.005913,0,0.000165,3,207,0,0.040759
6372,1,6853,0,1,1,0,1,1,7,0.305104,0.33919,0,0,0.012207,0.000056,9,10,0,0
6945,1,2157,1,0,1,1,0,1,0,0,0,0,0.000314,0,0.00006,1,183,0,0.002508
2843,1,6855,0,1,1,0,1,1,8,0.202454,0.212461,0,0,0,0.000056,1,121,0,0
3344,1,6854,1,1,2,1,1,2,7,0.253205,0.271163,395,0,0.000837,0.000103,1,121,0,0.000757
5336,1,4541,1,0,1,1,0,1,0,0,0,0,0.00012,0,0.000063,14,83,0,0.001304
3952,1,4540,1,0,1,1,0,1,0,0,0,0,0.00012,0,0.000063,14,83,0,0.001304
2851,1,6856,0,2,2,0,2,2,7,0.242115,0.263738,0,0,0.000179,0.000056,6,136,0,0
4050,1,2489,1,0,1,1,0,1,0,0,0,0,0.000377,0,0.000074,4,111,0,0.003223
5372,1,2487,1,0,1,1,0,1,0,0,0,0,0.000377,0,0.000074,4,111,0,0.003223
2863,1,6857,0,1,1,0,1,1,3,0.461538,0.527778,0,0,0.00063,0.000056,7,39,0,0
2875,1,6858,0,2,2,0,2,2,7,0.223214,0.251295,0,0,0.000344,0.000056,3,126,0.5,0
2878,1,6859,0,3,3,0,3,3,10,0.22985,0.2506,0,0,0.000486,0.000056,2,134,0,0
2881,1,6860,0,3,3,0,3,3,9,0.225102,0.240835,0,0,0.001395,0.000056,9,157,0.5,0
2961,1,2520,1,1,2,1,1,2,1,1,1,102.015923,0.000224,0.000068,0.000073,5,103,0,0.004233
3794,1,2971,1,3,4,1,3,4,8,0.270968,0.292818,41.972395,0.002534,0.007703,0.000058,1,226,0.166667,0.007204
5958,1,180,4,0,4,4,0,4,0,0,0,0,0.010233,0,0.000199,2,1,0.083333,0.113977
6507,1,2241,3,1,4,3,1,4,1,1,1,32.936427,0.001062,0.00034,0.000088,9,111,0.166667,0.011345
3535,1,2588,1,0,1,1,0,1,0,0,0,0,0.000095,0,0.000068,4,227,0,0.002064
6814,1,390,8,0,8,8,0,8,0,0,0,0,0.00341,0,0.000311,4,189,0.017857,0.048147
2901,1,6861,0,2,2,0,2,2,4,0.4,0.5,0,0,0.000047,0.000056,3,102,0,0
5486,1,1013,6,1,7,6,1,7,2,0.666667,0.75,106.36048,0.000261,0.000096,0.000323,3,152,0.047619,0.011113
6155,1,2817,1,0,1,1,0,1,0,0,0,0,0.001289,0,0.000059,9,79,0,0.004031
4972,1,6862,0,1,1,0,1,1,1,1,1,0,0,0.000407,0.000056,3,1,0,0
2911,1,6863,0,1,1,0,1,1,1,1,1,0,0,0.000021,0.000056,3,150,0,0
2914,1,6864,0,2,2,0,2,2,8,0.260349,0.294313,0,0,0.0131,0.000056,9,10,0,0
2917,1,6865,0,1,1,0,1,1,5,0.3,0.376389,0,0,0.000107,0.000056,1,145,0,0
3687,1,2611,2,3,5,2,3,5,12,0.152163,0.171044,1036.685717,0.000081,0.000071,0.00009,4,67,0.1,0.003074
2927,1,6866,0,2,2,0,2,2,9,0.284261,0.325485,0,0,0.017055,0.000056,3,1,0.5,0
4147,1,2158,1,0,1,1,0,1,0,0,0,0,0.001014,0,0.000062,9,222,0,0.008047
6581,1,442,3,0,3,3,0,3,0,0,0,0,0.006018,0,0.000172,9,92,0.166667,0.093882
3662,1,3775,1,2,3,1,2,3,9,0.196304,0.208477,2002.007535,0.000012,0.000528,0.000096,14,57,0,0.001349
1602,1,2413,1,0,1,1,0,1,0,0,0,0,0.001008,0,0.000059,1,159,0,0.003025
2936,1,6867,0,4,4,0,4,4,10,0.212502,0.235824,0,0,0.00152,0.000056,7,220,0.166667,0
2998,1,4487,1,2,3,1,2,3,9,0.211013,0.237136,551.930952,0,0.000175,0.000128,14,110,0,0.000897
3534,1,3233,1,1,2,1,1,2,9,0.232589,0.247845,478.692842,0.000064,0.000208,0.00008,5,91,0,0.002094
3049,1,3055,1,2,3,1,2,3,10,0.206025,0.22513,2.326923,0.000793,0.000546,0.000058,7,82,0.166667,0.002014
5966,1,2152,2,1,3,2,1,3,2,0.6,0.666667,31.721414,0.001133,0.000451,0.000139,10,188,0,0.009528
1802,1,720,2,0,2,2,0,2,0,0,0,0,0.005892,0,0.000093,9,10,0,0.084058
3062,1,2116,1,2,3,1,2,3,9,0.217364,0.227992,1534.082501,0.001132,0.000043,0.000063,8,36,0,0.008368
5169,1,2085,1,2,3,1,2,3,7,0.26888,0.290836,191.218099,0.001132,0.001508,0.000063,7,12,0.166667,0.008368
5395,1,3420,2,0,2,2,0,2,0,0,0,0,0.000006,0,0.00014,7,68,0,0.001934
2984,1,657,2,0,2,2,0,2,0,0,0,0,0.000652,0,0.000098,10,234,0,0.005485
4584,1,1855,3,0,3,3,0,3,0,0,0,0,0.001799,0,0.00008,10,234,0,0.009896
3908,1,6868,0,2,2,0,2,2,12,0.159494,0.173611,0,0,0.000325,0.000056,14,214,0,0
5861,1,413,2,1,3,2,1,3,4,0.444444,0.510417,0,0.000815,0.000847,0.000095,1,187,0.5,0.01316
2971,1,6869,0,2,2,0,2,2,8,0.240406,0.261559,0,0,0.00212,0.000056,3,135,0.5,0
2973,1,6870,0,1,1,0,1,1,7,0.266598,0.294701,0,0,0.001948,0.000056,7,169,0,0
6634,1,965,3,0,3,3,0,3,0,0,0,0,0.000104,0,0.000215,3,76,0,0.008207
2979,1,6871,0,1,1,0,1,1,9,0.241301,0.259001,0,0,0.001201,0.000056,9,14,0,0
2980,1,6872,0,1,1,0,1,1,3,0.5,0.583333,0,0,0.000172,0.000056,10,75,0,0
2981,1,6873,0,1,1,0,1,1,5,0.318471,0.352,0,0,0.000437,0.000056,7,48,0,0
6143,1,3579,1,0,1,1,0,1,0,0,0,0,0.000065,0,0.000079,1,166,0,0.001661
2986,1,6874,0,1,1,0,1,1,1,1,1,0,0,0.000243,0.000056,3,49,0,0
4082,1,6875,0,1,1,0,1,1,7,0.260638,0.30277,0,0,0.000309,0.000056,10,214,0,0
5176,1,2564,1,0,1,1,0,1,0,0,0,0,0.000339,0,0.000065,4,232,0,0.003637
4986,1,1767,2,0,2,2,0,2,0,0,0,0,0.000459,0,0.000082,5,217,0,0.007347
4749,1,2459,1,0,1,1,0,1,0,0,0,0,0.00206,0,0.000062,7,118,0,0.008505
7049,1,1035,5,0,5,5,0,5,0,0,0,0,0.008472,0,0.000162,3,81,0.15,0.05179
4395,1,2441,1,3,4,1,3,4,6,0.307172,0.347871,741.780327,0.00206,0.007786,0.000062,2,210,0,0.008505
735,1,2229,2,1,3,2,1,3,3,0.4,0.458333,143.775,0.002118,0.00035,0.000093,7,175,0.333333,0.01082
5770,1,2440,1,0,1,1,0,1,0,0,0,0,0.00206,0,0.000062,7,118,0,0.008505
4355,1,2439,1,0,1,1,0,1,0,0,0,0,0.00206,0,0.000062,7,118,0,0.008505
6781,1,2437,1,0,1,1,0,1,0,0,0,0,0.00206,0,0.000062,7,118,0,0.008505
3592,1,2432,1,1,2,1,1,2,6,0.258993,0.286574,1285.057862,0.00206,0.000034,0.000062,4,69,0,0.008505
5048,1,2428,1,1,2,1,1,2,1,1,1,312.008063,0.00206,0.000017,0.000062,7,243,0,0.008505
2999,1,6876,0,3,3,0,3,3,8,0.249945,0.26903,0,0,0.002224,0.000056,8,29,0,0
3131,1,2874,1,0,1,1,0,1,0,0,0,0,0.000114,0,0.000063,6,223,0,0.001342
7037,1,3346,1,0,1,1,0,1,0,0,0,0,0.000037,0,0.000081,6,8,0,0.001951
3013,1,6878,0,4,4,0,4,4,8,0.206121,0.21938,0,0,0.000396,0.000056,9,188,0,0
5025,1,3156,2,0,2,2,0,2,0,0,0,0,0.000013,0,0.000178,9,188,0,0.001735
4093,1,6877,1,2,3,1,2,3,2,0.625,0.7,5,0.000013,0.000055,0.000067,11,188,0,0.000757
6797,1,704,6,0,6,6,0,6,0,0,0,0,0.001026,0,0.000268,11,240,0.166667,0.033193
3016,1,6879,0,1,1,0,1,1,1,1,1,0,0,0.000028,0.000056,3,71,0,0
6274,1,3712,1,1,2,1,1,2,1,1,1,1.433333,0.000082,0.000184,0.000063,3,73,0,0.001239
3018,1,6880,0,2,2,0,2,2,8,0.198041,0.215846,0,0,0.000587,0.000056,3,151,0,0
3019,1,6881,0,1,1,0,1,1,1,1,1,0,0,0.000772,0.000056,3,233,0,0
1670,1,1744,3,0,3,3,0,3,0,0,0,0,0.000712,0,0.000095,9,133,0.166667,0.005742
4237,1,2679,1,1,2,1,1,2,1,1,1,682.912698,0.000051,0.000011,0.00007,7,68,0,0.001432
4401,1,2083,1,1,2,1,1,2,7,0.305104,0.33919,0,0.000948,0.012207,0.000061,9,165,0.5,0.004629
1510,1,1088,2,0,2,2,0,2,0,0,0,0,0.001053,0,0.000131,9,143,0,0.008912
5702,1,2074,2,1,3,2,1,3,5,0.372549,0.419298,64.445403,0.000961,0.001822,0.000095,9,115,0,0.00548
4539,1,2069,1,2,3,1,2,3,7,0.307546,0.343486,3.645403,0.000948,0.014029,0.000061,9,165,0.333333,0.004629
3039,1,6882,0,1,1,0,1,1,10,0.176471,0.194809,0,0,0.000071,0.000056,3,48,0,0
4019,1,6883,0,2,2,0,2,2,9,0.171548,0.220983,0,0,0.000513,0.000056,3,111,0,0
4354,1,6884,0,1,1,0,1,1,8,0.214051,0.230638,0,0,0.000611,0.000056,9,91,0,0
5473,1,983,3,0,3,3,0,3,0,0,0,0,0.000994,0,0.00011,10,24,0,0.010161
3045,1,6885,0,1,1,0,1,1,10,0.174364,0.18984,0,0,0.000193,0.000056,1,109,0,0
4548,1,2308,1,1,2,1,1,2,1,1,1,20.837058,0.000794,0.000033,0.000063,14,47,0,0.003239
5294,1,2306,1,1,2,1,1,2,2,0.555556,0.6,17.664988,0.000794,0.000987,0.000063,9,227,0,0.003239
6179,1,6886,0,1,1,0,1,1,9,0.193075,0.208657,0,0,0.000078,0.000056,9,103,0,0
5200,1,6887,0,4,4,0,4,4,10,0.213299,0.24399,0,0,0.002935,0.000056,1,115,0.083333,0
3365,1,3521,1,1,2,1,1,2,10,0.192953,0.23775,81.447442,0.000021,0.000336,0.000069,3,204,0,0.001111
4226,1,3520,1,0,1,1,0,1,0,0,0,0,0.000021,0,0.000069,3,204,0,0.001111
1727,1,1242,4,2,6,4,2,6,1,1,1,2260.463889,0,0.000068,0.000307,3,229,0,0.003494
3531,1,2115,1,1,2,1,1,2,8,0.255849,0.272795,784.25091,0.000001,0.001426,0.000083,8,36,0,0.001242
5513,1,2419,3,1,4,3,1,4,1,1,1,11.39065,0.000723,0.000175,0.0001,2,146,0.083333,0.006156
3064,1,6888,0,3,3,0,3,3,6,0.303882,0.345007,0,0,0.009184,0.000056,9,45,0,0
3074,1,6889,0,1,1,0,1,1,1,1,1,0,0,0.000033,0.000056,14,67,0,0
6013,1,2448,1,2,3,1,2,3,2,0.625,0.7,84.635634,0.000626,0.000381,0.000063,4,120,0,0.003238
3216,1,6890,0,1,1,0,1,1,12,0.21341,0.226154,0,0,0.00057,0.000056,9,2,0,0
3080,1,6891,0,1,1,0,1,1,3,0.5,0.555556,0,0,0.000248,0.000056,3,233,0,0
4117,1,2642,1,1,2,1,1,2,8,0.215026,0.231264,100.811178,0.000759,0.00021,0.000061,10,37,0,0.002925
5734,1,2691,1,0,1,1,0,1,0,0,0,0,0.000587,0,0.000065,9,71,0,0.003962
2351,1,2826,1,0,1,1,0,1,0,0,0,0,0.000077,0,0.000076,10,94,0,0.001515
4400,1,1585,2,0,2,2,0,2,0,0,0,0,0.001435,0,0.000089,3,131,0,0.010855
3094,1,6892,0,1,1,0,1,1,9,0.191288,0.199893,0,0,0.000136,0.000056,14,57,0,0
3095,1,6893,0,1,1,0,1,1,9,0.225411,0.239,0,0,0.000294,0.000056,10,228,0,0
3100,1,6894,0,1,1,0,1,1,9,0.26778,0.298465,0,0,0.004848,0.000056,3,1,0,0
3106,1,6895,0,1,1,0,1,1,2,0.6,0.666667,0,0,0.001124,0.000056,3,70,0,0
3107,1,6896,0,2,2,0,2,2,5,0.333333,0.407778,0,0,0.000628,0.000056,3,236,0,0
3572,1,291,2,0,2,2,0,2,0,0,0,0,0.000169,0,0.000212,1,23,0.5,0.008571
3113,1,6897,0,2,2,0,2,2,9,0.27071,0.303266,0,0,0.006796,0.000056,7,1,0,0
4832,1,6898,0,1,1,0,1,1,4,0.392857,0.454545,0,0,0.000294,0.000056,4,135,0,0
5260,1,1481,3,0,3,3,0,3,0,0,0,0,0.00241,0,0.000088,9,176,0,0.01959
3078,1,6899,0,1,1,0,1,1,1,1,1,0,0,0.000005,0.000056,5,115,0,0
4428,1,1166,3,0,3,3,0,3,0,0,0,0,0.000141,0,0.000169,5,115,0,0.00502
3130,1,6900,0,1,1,0,1,1,7,0.237805,0.274176,0,0,0.000556,0.000056,1,191,0,0
6285,1,6901,0,2,2,0,2,2,2,0.666667,0.75,0,0,0.00028,0.000056,6,220,0.5,0
6036,1,157,3,0,3,3,0,3,0,0,0,0,0.002516,0,0.000154,4,63,0,0.035894
3142,1,6902,0,1,1,0,1,1,6,0.259475,0.298876,0,0,0.000455,0.000056,4,213,0,0
5000,1,3169,1,0,1,1,0,1,0,0,0,0,0.000762,0,0.000062,1,132,0,0.002006
5005,1,6903,0,2,2,0,2,2,4,0.389831,0.452899,0,0,0.000611,0.000056,3,112,0,0
5290,1,4783,1,0,1,1,0,1,0,0,0,0,0.000058,0,0.000072,7,213,0,0.000868
4042,1,6904,0,1,1,0,1,1,1,1,1,0,0,0.000071,0.000056,5,102,0,0
3159,1,6905,0,1,1,0,1,1,8,0.232465,0.258836,0,0,0.001091,0.000056,8,207,0,0
5715,1,5906,1,0,1,1,0,1,0,0,0,0,0,0,0.000129,2,214,0,0.00095
3171,1,6906,0,1,1,0,1,1,1,1,1,0,0,0.000033,0.000056,14,47,0,0
5135,1,6907,0,1,1,0,1,1,10,0.1935,0.202468,0,0,0.000004,0.000056,4,73,0,0
3179,1,6908,0,1,1,0,1,1,7,0.254386,0.293473,0,0,0.00218,0.000056,4,170,0,0
3183,1,6909,0,2,2,0,2,2,9,0.232746,0.249548,0,0,0.001594,0.000056,10,69,0,0
4211,1,3093,1,0,1,1,0,1,0,0,0,0,0.000094,0,0.000073,4,233,0,0.001584
3191,1,6910,0,1,1,0,1,1,9,0.201662,0.212848,0,0,0.000025,0.000056,7,61,0,0
3196,1,6911,0,1,1,0,1,1,9,0.212186,0.225108,0,0,0.000412,0.000056,5,217,0,0
5258,1,6912,0,2,2,0,2,2,10,0.218909,0.23874,0,0,0.001828,0.000056,5,200,0,0
3619,1,2010,1,3,4,1,3,4,8,0.225631,0.249622,212.544665,0.000728,0.001052,0.000062,14,15,0.083333,0.005052
6340,1,216,6,0,6,6,0,6,0,0,0,0,0.002576,0,0.000309,2,186,0.033333,0.077703
3217,1,6913,0,1,1,0,1,1,1,1,1,0,0,0.000082,0.000056,10,193,0,0
3222,1,6914,0,1,1,0,1,1,8,0.261867,0.279944,0,0,0.001101,0.000056,6,93,0,0
3224,1,6915,0,1,1,0,1,1,9,0.209752,0.223456,0,0,0.000341,0.000056,3,125,0,0
5518,1,2181,1,0,1,1,0,1,0,0,0,0,0.00003,0,0.000064,2,243,0,0.001153
5479,1,1707,2,0,2,2,0,2,0,0,0,0,0.0032,0,0.000088,5,236,0,0.014418
3234,1,6916,0,2,2,0,2,2,8,0.239988,0.257095,0,0,0.000203,0.000056,3,102,0,0
6227,1,916,3,0,3,3,0,3,0,0,0,0,0.003379,0,0.000092,6,223,0,0.029957
6290,1,1998,3,0,3,3,0,3,0,0,0,0,0.006469,0,0.000087,1,4,0,0.036609
4120,1,539,2,0,2,2,0,2,0,0,0,0,0.000787,0,0.000516,1,140,0,0.01095
3242,1,6917,0,1,1,0,1,1,3,0.421053,0.479167,0,0,0.000899,0.000056,4,156,0,0
4437,1,2717,1,0,1,1,0,1,0,0,0,0,0.000842,0,0.00006,10,184,0,0.002841
3878,1,2803,1,1,2,1,1,2,2,0.666667,0.75,88.717476,0.000258,0.000013,0.000061,10,160,0,0.002382
3255,1,6918,0,1,1,0,1,1,1,1,1,0,0,0.000133,0.000056,4,6,0,0
3256,1,6919,0,1,1,0,1,1,5,0.347222,0.399333,0,0,0.001466,0.000056,3,221,0,0
3610,1,2932,1,1,2,1,1,2,9,0.221459,0.236438,188.681406,0.000892,0.001684,0.000061,9,150,0,0.005207
4372,1,2929,1,1,2,1,1,2,3,0.454545,0.533333,57.600433,0.000892,0.000039,0.000061,9,2,0,0.005207
3406,1,2940,1,0,1,1,0,1,0,0,0,0,0.000018,0,0.000097,2,126,0,0.001279
6433,1,147,3,0,3,3,0,3,0,0,0,0,0.000225,0,0.000298,4,115,0.166667,0.013649
3665,1,2726,1,1,2,1,1,2,2,0.666667,0.75,35.354065,0.000696,0.00032,0.000064,9,244,0,0.004677
5088,1,1020,2,0,2,2,0,2,0,0,0,0,0.000991,0,0.000091,14,65,0,0.011228
6874,1,1509,2,0,2,2,0,2,0,0,0,0,0.000342,0,0.000086,14,145,0,0.004745
3274,1,6920,0,5,5,0,5,5,8,0.223782,0.257297,0,0,0.00217,0.000056,1,108,0.15,0
6159,1,3066,1,0,1,1,0,1,0,0,0,0,0.000067,0,0.000076,7,135,0,0.002629
3283,1,6921,0,1,1,0,1,1,3,0.5,0.611111,0,0,0.000021,0.000056,3,98,0,0
4834,1,1782,1,0,1,1,0,1,0,0,0,0,0.003195,0,0.000063,5,26,0,0.013567
4719,1,837,3,0,3,3,0,3,0,0,0,0,0.003717,0,0.000109,3,217,0.166667,0.02692
6086,1,1272,3,0,3,3,0,3,0,0,0,0,0.003822,0,0.000167,5,217,0.166667,0.027987
1430,1,1178,4,1,5,4,1,5,3,0.5,0.566667,180.006481,0.003697,0.000264,0.000108,12,174,0.05,0.020129
7005,1,1121,2,0,2,2,0,2,0,0,0,0,0.00335,0,0.000109,10,134,0,0.014927
3289,1,6922,0,1,1,0,1,1,9,0.196169,0.212253,0,0,0.000526,0.000056,5,215,0,0
3293,1,6923,0,1,1,0,1,1,1,1,1,0,0,0.000037,0.000056,10,140,0,0
3622,1,2105,1,3,4,1,3,4,9,0.216047,0.227102,2230.987992,0.000419,0.000217,0.00006,1,177,0.083333,0.00225
4066,1,6924,0,1,1,0,1,1,2,0.666667,0.75,0,0,0.001559,0.000056,10,156,0,0
3310,1,6925,0,3,3,0,3,3,9,0.219712,0.245989,0,0,0.001123,0.000056,3,210,0,0
3311,1,6926,0,1,1,0,1,1,11,0.194124,0.208887,0,0,0.000221,0.000056,5,114,0,0
4353,1,3846,1,0,1,1,0,1,0,0,0,0,0.000045,0,0.000072,3,197,0,0.001055
6833,1,1056,2,0,2,2,0,2,0,0,0,0,0.001587,0,0.000078,10,73,0,0.012855
3328,1,6927,0,1,1,0,1,1,5,0.364865,0.411728,0,0,0.00262,0.000056,7,5,0,0
3330,1,6928,0,1,1,0,1,1,7,0.305104,0.33919,0,0,0.012207,0.000056,9,10,0,0
3331,1,6929,0,1,1,0,1,1,10,0.178726,0.197797,0,0,0.000228,0.000056,9,150,0,0
3335,1,6930,0,2,2,0,2,2,5,0.384615,0.503333,0,0,0.000455,0.000056,3,130,0,0
3337,1,6931,0,3,3,0,3,3,10,0.205448,0.222361,0,0,0.001119,0.000056,9,103,0,0
3339,1,6932,0,1,1,0,1,1,9,0.179837,0.199173,0,0,0.000073,0.000056,2,208,0,0
3340,1,6935,0,1,1,0,1,1,4,0.411765,0.488095,0,0,0,0.000056,16,157,0,0
405,1,6934,1,3,4,1,3,4,3,0.6,0.722222,6,0,0.001385,0.000103,16,157,0,0.000757
5119,1,6936,0,2,2,0,2,2,7,0.207447,0.237912,0,0,0.001335,0.000056,10,168,0,0
3341,1,6937,0,1,1,0,1,1,11,0.194124,0.208887,0,0,0.000221,0.000056,5,114,0,0
3354,1,6938,0,3,3,0,3,3,7,0.311395,0.347012,0,0,0.014786,0.000056,9,44,0.166667,0
6988,1,2466,2,0,2,2,0,2,0,0,0,0,0.00009,0,0.000098,3,213,0.5,0.002153
4077,1,6939,0,1,1,0,1,1,5,0.326531,0.371875,0,0,0.000284,0.000056,1,161,0,0
4084,1,2920,1,0,1,1,0,1,0,0,0,0,0.000039,0,0.000077,5,130,0,0.001034
3367,1,6940,0,1,1,0,1,1,10,0.163661,0.173228,0,0,0.000265,0.000056,9,206,0,0
4443,1,2787,1,0,1,1,0,1,0,0,0,0,0.000036,0,0.000075,9,231,0,0.00154
3729,1,3662,1,0,1,1,0,1,0,0,0,0,0.000065,0,0.000068,4,15,0,0.000883
4309,1,5150,1,1,2,1,1,2,4,0.368421,0.452381,5.166667,0.000078,0.000005,0.000064,7,212,0,0.000851
5373,1,5501,1,0,1,1,0,1,0,0,0,0,0.000003,0,0.000074,14,39,0,0.00095
7017,1,5500,1,0,1,1,0,1,0,0,0,0,0.000003,0,0.000074,14,39,0,0.00095
5116,1,1298,2,0,2,2,0,2,0,0,0,0,0.00267,0,0.000076,9,43,0,0.025823
5913,1,371,7,2,9,7,2,9,1,1,1,2367.584942,0.006088,0.001644,0.000363,9,114,0.083333,0.105301
3378,1,6941,0,1,1,0,1,1,7,0.305104,0.33919,0,0,0.012207,0.000056,9,10,0,0
3393,1,6942,0,1,1,0,1,1,7,0.285185,0.327737,0,0,0.001791,0.000056,3,121,0,0
4034,1,2007,1,0,1,1,0,1,0,0,0,0,0.005644,0,0.000066,3,1,0,0.030032
6195,1,2003,1,0,1,1,0,1,0,0,0,0,0.005644,0,0.000066,3,1,0,0.030032
4836,1,1999,1,0,1,1,0,1,0,0,0,0,0.005644,0,0.000066,3,1,0,0.030032
6235,1,1498,2,0,2,2,0,2,0,0,0,0,0.006374,0,0.000085,3,217,0,0.036822
6720,1,1988,1,0,1,1,0,1,0,0,0,0,0.005644,0,0.000066,3,1,0,0.030032
6721,1,1987,1,1,2,1,1,2,2,0.6,0.666667,15.206475,0.005644,0.001124,0.000066,3,1,0,0.030032
6259,1,1986,1,0,1,1,0,1,0,0,0,0,0.005644,0,0.000066,3,1,0,0.030032
5339,1,1984,1,0,1,1,0,1,0,0,0,0,0.005644,0,0.000066,3,1,0,0.030032
6749,1,1979,1,0,1,1,0,1,0,0,0,0,0.005644,0,0.000066,3,1,0,0.030032
714,1,1973,1,0,1,1,0,1,0,0,0,0,0.005644,0,0.000066,3,1,0,0.030032
3655,1,1963,1,3,4,1,3,4,10,0.203896,0.229034,1053.330213,0.005644,0.001864,0.000066,1,84,0.083333,0.030032
5425,1,1961,1,0,1,1,0,1,0,0,0,0,0.005644,0,0.000066,3,1,0,0.030032
6824,1,1661,2,0,2,2,0,2,0,0,0,0,0.007261,0,0.000087,3,1,0,0.047936
4566,1,1950,2,1,3,2,1,3,8,0.19032,0.20331,195.601669,0.006192,0.000453,0.000079,3,21,0.166667,0.034274
1256,1,1943,1,1,2,1,1,2,7,0.266598,0.294701,336.88652,0.005644,0.001948,0.000066,7,1,0,0.030032
7033,1,96,4,0,4,4,0,4,0,0,0,0,0.005709,0,0.000666,3,15,0.166667,0.050494
5055,1,1940,1,0,1,1,0,1,0,0,0,0,0.005644,0,0.000066,3,1,0,0.030032
6936,1,1936,1,0,1,1,0,1,0,0,0,0,0.005644,0,0.000066,3,1,0,0.030032
3751,1,1933,1,0,1,1,0,1,0,0,0,0,0.005644,0,0.000066,3,1,0,0.030032
6006,1,1918,1,0,1,1,0,1,0,0,0,0,0.005644,0,0.000066,3,1,0,0.030032
5546,1,1321,2,1,3,2,1,3,3,0.5,0.611111,186.643889,0.006093,0.000285,0.000082,3,201,0.166667,0.032672
6684,1,1908,1,0,1,1,0,1,0,0,0,0,0.005644,0,0.000066,3,1,0,0.030032
4688,1,1904,1,0,1,1,0,1,0,0,0,0,0.005644,0,0.000066,3,1,0,0.030032
6039,1,1902,2,0,2,2,0,2,0,0,0,0,0.005651,0,0.000114,3,233,0,0.031203
2621,1,1901,1,0,1,1,0,1,0,0,0,0,0.005644,0,0.000066,3,1,0,0.030032
6198,1,1865,2,0,2,2,0,2,0,0,0,0,0.006584,0,0.000077,3,1,0,0.037457
1578,1,1523,2,0,2,2,0,2,0,0,0,0,0.006763,0,0.000082,5,1,0,0.043433
2647,1,1899,1,0,1,1,0,1,0,0,0,0,0.005644,0,0.000066,3,1,0,0.030032
4489,1,1488,3,0,3,3,0,3,0,0,0,0,0.007992,0,0.000106,3,217,0,0.054726
5028,1,1890,2,1,3,2,1,3,4,0.37037,0.425,1227.237399,0.005674,0.000015,0.000092,7,112,0,0.03186
6552,1,1881,1,0,1,1,0,1,0,0,0,0,0.005644,0,0.000066,3,1,0,0.030032
5658,1,1576,2,0,2,2,0,2,0,0,0,0,0.007472,0,0.000079,3,1,0,0.043534
6240,1,1823,1,0,1,1,0,1,0,0,0,0,0.005644,0,0.000066,3,1,0,0.030032
5680,1,1822,1,1,2,1,1,2,1,1,1,1648.548413,0.005644,0.000006,0.000066,3,154,0,0.030032
5694,1,1810,1,0,1,1,0,1,0,0,0,0,0.005644,0,0.000066,3,1,0,0.030032
2829,1,1808,1,0,1,1,0,1,0,0,0,0,0.005644,0,0.000066,3,1,0,0.030032
4381,1,1796,1,6,7,1,6,7,7,0.252137,0.275525,3406.159551,0.005644,0.001945,0.000066,2,125,0.02381,0.030032
5327,1,1263,4,0,4,4,0,4,0,0,0,0,0.00047,0,0.000245,5,96,0,0.009983
6561,1,6943,0,1,1,0,1,1,11,0.194124,0.208887,0,0,0.000221,0.000056,5,114,0,0
6678,1,3008,2,0,2,2,0,2,0,0,0,0,0.00004,0,0.000115,7,148,0,0.002334
3419,1,6945,0,2,2,0,2,2,7,0.305608,0.34018,0,0,0.012221,0.000056,6,220,0,0
5613,1,6944,1,1,2,1,1,2,2,0.571429,0.625,4,0.000416,0.000228,0.000079,6,220,0,0.000757
3430,1,6946,0,1,1,0,1,1,9,0.211946,0.234693,0,0,0.000451,0.000056,9,200,0,0
3434,1,6947,0,2,2,0,2,2,11,0.223404,0.239754,0,0,0.001106,0.000056,9,82,0,0
3072,1,2119,1,0,1,1,0,1,0,0,0,0,0.000168,0,0.000066,3,200,0,0.001485
3442,1,6948,0,1,1,0,1,1,7,0.305104,0.33919,0,0,0.012207,0.000056,9,10,0,0
4208,1,882,2,2,4,2,2,4,8,0.235569,0.252026,664.788941,0.000941,0.000537,0.000076,9,193,0.083333,0.005598
6486,1,6949,0,1,1,0,1,1,8,0.194286,0.227819,0,0,0.000614,0.000056,10,56,0,0
3455,1,6950,0,1,1,0,1,1,2,0.666667,0.75,0,0,0.000131,0.000056,14,65,0,0
5457,1,1044,2,2,4,2,2,4,3,0.5,0.611111,328.554982,0.000011,0.000158,0.000158,7,91,0,0.006052
3459,1,6951,0,1,1,0,1,1,9,0.227262,0.239322,0,0,0.001385,0.000056,3,215,0,0
3464,1,6952,0,1,1,0,1,1,7,0.196721,0.241567,0,0,0.000028,0.000056,3,213,0,0
3467,1,6953,0,5,5,0,5,5,8,0.236484,0.257747,0,0,0.004263,0.000056,5,233,0.1,0
4467,1,3091,1,0,1,1,0,1,0,0,0,0,0.000067,0,0.000068,4,241,0,0.001052
6184,1,1226,2,0,2,2,0,2,0,0,0,0,0.001248,0,0.000127,7,33,0,0.008187
7114,1,1953,2,0,2,2,0,2,0,0,0,0,0.000092,0,0.000097,5,34,0,0.00631
5094,1,2107,3,2,5,3,2,5,6,0.314961,0.390833,73.938656,0.000168,0.001186,0.000114,14,230,0.3,0.00504
6997,1,5916,1,0,1,1,0,1,0,0,0,0,0.000007,0,0.00008,8,139,0,0.000851
3478,1,6954,0,1,1,0,1,1,9,0.211004,0.220346,0,0,0.000254,0.000056,9,6,0,0
3480,1,6955,0,1,1,0,1,1,10,0.172682,0.188913,0,0,0.001759,0.000056,9,72,0,0
6371,1,1050,2,0,2,2,0,2,0,0,0,0,0.000636,0,0.000117,3,229,0,0.006383
3708,1,3210,1,0,1,1,0,1,0,0,0,0,0,0,0.000119,4,84,0,0.001053
3678,1,2585,1,1,2,1,1,2,2,0.666667,0.75,22.821703,0.000447,0.000426,0.000066,12,90,0,0.003815
6598,1,2142,1,0,1,1,0,1,0,0,0,0,0.000314,0,0.000063,9,228,0,0.003721
71,1,6956,0,1,1,0,1,1,1,1,1,0,0,0.000002,0.000056,1,168,0,0
72,1,6957,0,2,2,0,2,2,11,0.209443,0.231903,0,0,0.001524,0.000056,1,75,0,0
3506,1,6958,0,1,1,0,1,1,7,0.305104,0.33919,0,0,0.012207,0.000056,9,10,0,0
4594,1,2301,1,0,1,1,0,1,0,0,0,0,0.000288,0,0.000061,9,92,0,0.002296
3513,1,6959,0,1,1,0,1,1,10,0.192953,0.23775,0,0,0.000336,0.000056,6,93,0,0
3519,1,6960,0,1,1,0,1,1,9,0.179837,0.199173,0,0,0.000073,0.000056,2,208,0,0
3537,1,6961,0,1,1,0,1,1,8,0.210702,0.240967,0,0,0.000227,0.000056,4,69,0,0
6715,1,1464,2,0,2,2,0,2,0,0,0,0,0.000007,0,0.000175,3,111,0,0.002343
632,1,5710,1,0,1,1,0,1,0,0,0,0,0,0,0.000119,15,73,0,0.000956
4476,1,4368,1,0,1,1,0,1,0,0,0,0,0.000062,0,0.000069,7,53,0,0.000956
3554,1,6962,0,1,1,0,1,1,9,0.193305,0.209263,0,0,0.000192,0.000056,5,244,0,0
5286,1,6963,0,2,2,0,2,2,4,0.333333,0.423611,0,0,0.000109,0.000056,3,188,0,0
4306,1,2403,1,3,4,1,3,4,8,0.249434,0.27613,2648.184797,0,0.003803,0.000149,3,96,0.083333,0.002115
3567,1,6964,0,1,1,0,1,1,2,0.666667,0.75,0,0,0.000001,0.000056,9,188,0,0
4344,1,3157,2,1,3,2,1,3,1,1,1,503,0.000018,0,0.00013,9,188,0,0.002116
3977,1,1340,1,0,1,1,0,1,0,0,0,0,0.000174,0,0.000075,8,91,0,0.003121
5944,1,1982,1,0,1,1,0,1,0,0,0,0,0.000213,0,0.000066,9,47,0,0.004076
5547,1,1981,1,0,1,1,0,1,0,0,0,0,0.000213,0,0.000066,9,47,0,0.004076
1884,1,829,2,0,2,2,0,2,0,0,0,0,0.004818,0,0.000098,9,130,0,0.076691
3587,1,6965,0,1,1,0,1,1,7,0.245064,0.262295,0,0,0.001116,0.000056,4,7,0,0
3201,1,2250,1,0,1,1,0,1,0,0,0,0,0.000468,0,0.000064,9,193,0,0.007149
4995,1,3944,1,1,2,1,1,2,1,1,1,1.733333,0.000022,0.000184,0.000081,1,240,0,0.001038
3860,1,2104,1,2,3,1,2,3,8,0.274281,0.293882,1798.083333,0.000007,0.003432,0.000073,9,130,0,0.000929
3623,1,6966,0,1,1,0,1,1,7,0.199187,0.233479,0,0,0.000003,0.000056,3,81,0,0
4822,1,1849,1,1,2,1,1,2,6,0.279503,0.324074,0,0.000606,0.000483,0.000063,10,87,0.5,0.004244
3652,1,2150,1,3,4,1,3,4,8,0.23152,0.24691,134.312742,0.000185,0.001272,0.000067,9,95,0.25,0.002342
3149,1,2149,1,1,2,1,1,2,6,0.27907,0.363889,439.451736,0.000185,0.000199,0.000067,3,111,0,0.002342
5562,1,1251,1,1,2,1,1,2,1,1,1,11.31627,0.000207,0.000586,0.000067,9,143,0,0.001412
6519,1,3166,1,0,1,1,0,1,0,0,0,0,0.000328,0,0.000061,1,132,0,0.002169
3648,1,6967,0,1,1,0,1,1,11,0.223319,0.239187,0,0,0.00065,0.000056,9,95,0,0
6035,1,65,3,1,4,3,1,4,1,1,1,229.961444,0.005505,0.000423,0.000161,9,176,0.166667,0.087096
4048,1,2345,1,2,3,1,2,3,9,0.194472,0.219145,241.887233,0.000712,0.001265,0.000067,4,179,0,0.004239
5084,1,2344,1,0,1,1,0,1,0,0,0,0,0.000712,0,0.000067,5,179,0,0.004239
3654,1,6968,0,2,2,0,2,2,7,0.276961,0.331437,0,0,0.00645,0.000056,5,142,0.5,0
3658,1,6969,0,1,1,0,1,1,11,0.184955,0.197691,0,0,0.000335,0.000056,4,50,0,0
6826,1,2973,1,0,1,1,0,1,0,0,0,0,0.000047,0,0.000074,3,102,0,0.001503
3671,1,6970,0,2,2,0,2,2,3,0.545455,0.638889,0,0,0.000555,0.000056,5,188,0,0
1000,1,6971,0,1,1,0,1,1,7,0.231869,0.249874,0,0,0.000618,0.000056,5,13,0,0
6028,1,3264,1,0,1,1,0,1,0,0,0,0,0.000117,0,0.000072,7,112,0,0.001165
6408,1,794,3,0,3,3,0,3,0,0,0,0,0.00482,0,0.000146,3,207,0.166667,0.077814
6301,1,6972,0,2,2,0,2,2,8,0.213235,0.247797,0,0,0.000423,0.000056,3,178,0,0
4908,1,2936,1,2,3,1,2,3,2,0.75,0.833333,759.31775,0.000141,0.000698,0.000085,7,53,0,0.003618
3014,1,2934,1,1,2,1,1,2,8,0.220906,0.238606,256.65317,0.000141,0.000675,0.000085,5,114,0,0.003618
4132,1,6973,0,1,1,0,1,1,7,0.245064,0.262295,0,0,0.001116,0.000056,4,7,0,0
3697,1,6974,0,1,1,0,1,1,9,0.198917,0.215162,0,0,0.000416,0.000056,9,12,0,0
4601,1,2875,1,7,8,1,7,8,8,0.221439,0.27362,24.216667,0.000138,0.001808,0.000062,6,223,0.267857,0.001201
5533,1,912,7,0,7,7,0,7,0,0,0,0,0.000422,0,0.000308,6,223,0.428571,0.012445
7064,1,966,2,0,2,2,0,2,0,0,0,0,0.00018,0,0.000139,3,75,0,0.008501
3705,1,6975,0,1,1,0,1,1,1,1,1,0,0,0.000047,0.000056,5,102,0,0
432,1,973,3,1,4,3,1,4,1,1,1,2455.826114,0.001861,0.000012,0.000186,3,4,0,0.0172
4911,1,1687,1,0,1,1,0,1,0,0,0,0,0.001828,0,0.000069,4,7,0,0.013502
5933,1,1135,2,0,2,2,0,2,0,0,0,0,0.001978,0,0.000117,3,233,0,0.018376
1511,1,1686,1,0,1,1,0,1,0,0,0,0,0.001828,0,0.000069,4,7,0,0.013502
5632,1,1685,2,0,2,2,0,2,0,0,0,0,0.001833,0,0.000093,12,210,0,0.014258
4907,1,1678,1,0,1,1,0,1,0,0,0,0,0.001828,0,0.000069,4,7,0,0.013502
4269,1,1673,1,1,2,1,1,2,6,0.27451,0.309524,78.055496,0.001828,0.000588,0.000069,7,4,0,0.013502
5384,1,1655,1,0,1,1,0,1,0,0,0,0,0.001828,0,0.000069,4,7,0,0.013502
5488,1,1593,1,1,2,1,1,2,10,0.179528,0.199394,0,0.001828,0.000133,0.000069,4,63,0.5,0.013502
6293,1,1570,1,1,2,1,1,2,1,1,1,545.221419,0.001828,0.000213,0.000069,4,201,0,0.013502
6506,1,1567,2,0,2,2,0,2,0,0,0,0,0.001848,0,0.000099,3,229,0,0.016003
6126,1,1566,1,1,2,1,1,2,1,1,1,87.381091,0.001828,0.000727,0.000069,3,210,0,0.013502
6881,1,1565,1,0,1,1,0,1,0,0,0,0,0.001828,0,0.000069,4,7,0,0.013502
3714,1,6976,0,1,1,0,1,1,5,0.326087,0.374444,0,0,0.000023,0.000056,3,93,0,0
3737,1,6977,0,1,1,0,1,1,1,1,1,0,0,0.000055,0.000056,4,205,0,0
5127,1,2901,1,0,1,1,0,1,0,0,0,0,0.00053,0,0.000066,1,215,0,0.001544
6264,1,1621,1,0,1,1,0,1,0,0,0,0,0.000254,0,0.000064,4,112,0,0.004439
6096,1,443,3,0,3,3,0,3,0,0,0,0,0.000268,0,0.000414,9,122,0,0.026546
3753,1,6978,0,2,2,0,2,2,5,0.302326,0.398718,0,0,0.000142,0.000056,12,210,0,0
6251,1,1777,1,0,1,1,0,1,0,0,0,0,0.000404,0,0.000072,5,217,0,0.006178
4505,1,1776,1,0,1,1,0,1,0,0,0,0,0.000404,0,0.000072,5,217,0,0.006178
2109,1,1764,1,0,1,1,0,1,0,0,0,0,0.000404,0,0.000072,5,217,0,0.006178
4645,1,1763,1,0,1,1,0,1,0,0,0,0,0.000404,0,0.000072,5,217,0,0.006178
6570,1,1762,1,0,1,1,0,1,0,0,0,0,0.000404,0,0.000072,5,217,0,0.006178
3791,1,1761,1,0,1,1,0,1,0,0,0,0,0.000404,0,0.000072,5,217,0,0.006178
4772,1,1759,1,0,1,1,0,1,0,0,0,0,0.000404,0,0.000072,5,217,0,0.006178
3768,1,6979,0,1,1,0,1,1,1,1,1,0,0,0.000037,0.000056,10,64,0,0
4581,1,1101,2,0,2,2,0,2,0,0,0,0,0.001089,0,0.000111,10,64,0,0.007264
1711,1,2537,1,0,1,1,0,1,0,0,0,0,0.000754,0,0.00007,8,91,0,0.003173
5356,1,1508,2,1,3,2,1,3,5,0.274194,0.328431,50.146669,0.00174,0.000362,0.000083,8,91,0,0.009473
4207,1,2534,1,1,2,1,1,2,1,1,1,0,0.000754,0.000132,0.00007,8,91,0.5,0.003173
5708,1,2533,1,0,1,1,0,1,0,0,0,0,0.000754,0,0.00007,8,91,0,0.003173
2164,1,1046,2,0,2,2,0,2,0,0,0,0,0.002193,0,0.000095,8,91,0,0.016227
3785,1,6980,0,1,1,0,1,1,10,0.220141,0.241492,0,0,0.001443,0.000056,7,189,0,0
5889,1,2178,1,0,1,1,0,1,0,0,0,0,0.000049,0,0.000083,4,69,0,0.00183
4993,1,2176,2,0,2,2,0,2,0,0,0,0,0.000061,0,0.000097,6,55,0,0.002992
3792,1,6981,0,2,2,0,2,2,6,0.256757,0.357895,0,0,0.000073,0.000056,7,53,0,0
6746,1,1485,2,0,2,2,0,2,0,0,0,0,0.00112,0,0.000132,2,102,0,0.014257
3798,1,6982,0,1,1,0,1,1,1,1,1,0,0,0.000077,0.000056,5,13,0,0
1730,1,6983,0,2,2,0,2,2,8,0.204301,0.259367,0,0,0.000272,0.000056,7,111,0.5,0
5080,1,1342,2,3,5,2,3,5,5,0.387097,0.509722,289.410287,0.000107,0.000761,0.00008,5,221,0,0.0044
6891,1,1134,4,0,4,4,0,4,0,0,0,0,0.000264,0,0.000415,3,233,0.25,0.015167
2966,1,6984,0,1,1,0,1,1,8,0.220906,0.238606,0,0,0.000675,0.000056,6,22,0,0
4384,1,4018,1,1,2,1,1,2,8,0.239067,0.282695,52.75,0.000011,0.000953,0.00007,6,55,0,0.001163
6040,1,1391,2,0,2,2,0,2,0,0,0,0,0.001243,0,0.000073,1,155,0,0.011453
3858,1,6985,0,1,1,0,1,1,1,1,1,0,0,0.000236,0.000056,1,84,0,0
3859,1,6986,0,1,1,0,1,1,1,1,1,0,0,0.00005,0.000056,2,3,0,0
6060,1,195,2,0,2,2,0,2,0,0,0,0,0.001474,0,0.000191,2,3,0,0.059233
7067,1,2103,2,0,2,2,0,2,0,0,0,0,0.000127,0,0.000112,9,130,0,0.00281
3861,1,6988,0,2,2,0,2,2,4,0.454545,0.541667,0,0,0.000246,0.000056,10,203,0,0
5008,1,6987,1,0,1,1,0,1,0,0,0,0,0.000008,0,0.000079,10,203,0,0.000757
3865,1,6989,0,1,1,0,1,1,10,0.147275,0.17271,0,0,0.000061,0.000056,14,55,0,0
3869,1,6990,0,2,2,0,2,2,8,0.256034,0.273502,0,0,0.001525,0.000056,8,21,0,0
3873,1,6991,0,1,1,0,1,1,6,0.300532,0.336947,0,0,0.007372,0.000056,2,3,0,0
3881,1,6992,0,1,1,0,1,1,1,1,1,0,0,0.000096,0.000056,9,212,0,0
2205,1,6993,0,2,2,0,2,2,5,0.411765,0.47381,0,0,0.001669,0.000056,3,140,0,0
3896,1,6994,0,1,1,0,1,1,8,0.203306,0.22169,0,0,0.00018,0.000056,7,239,0,0
3899,1,6995,0,1,1,0,1,1,1,1,1,0,0,0.000001,0.000056,14,65,0,0
3528,1,1553,1,0,1,1,0,1,0,0,0,0,0.001119,0,0.000072,5,142,0,0.013401
4416,1,1545,1,1,2,1,1,2,9,0.198917,0.215162,237.87001,0.001119,0.000416,0.000072,9,12,0,0.013401
7025,1,619,2,0,2,2,0,2,0,0,0,0,0.001151,0,0.000109,5,4,0,0.015599
3980,1,1496,2,0,2,2,0,2,0,0,0,0,0.001849,0,0.000092,5,217,0,0.02019
1865,1,1539,1,1,2,1,1,2,7,0.252796,0.292583,72.29774,0.001119,0.002263,0.000072,5,142,0,0.013401
4074,1,1526,1,1,2,1,1,2,4,0.416667,0.516667,542.313708,0.001119,0.000033,0.000072,5,227,0,0.013401
3903,1,6996,0,2,2,0,2,2,9,0.198974,0.222319,0,0,0.000862,0.000056,1,210,0,0
3044,1,2899,1,1,2,1,1,2,1,1,1,36.449675,0.000443,0.000071,0.00006,5,102,0,0.00259
6813,1,2596,1,0,1,1,0,1,0,0,0,0,0.000218,0,0.000065,4,239,0,0.003753
3911,1,6997,0,1,1,0,1,1,1,1,1,0,0,0.00034,0.000056,3,111,0,0
3916,1,6998,0,2,2,0,2,2,2,0.75,0.833333,0,0,0.000586,0.000056,11,9,0.5,0
5716,1,1111,1,0,1,1,0,1,0,0,0,0,0.000356,0,0.00008,6,59,0,0.002352
3918,1,6999,0,2,2,0,2,2,6,0.287805,0.324576,0,0,0.000272,0.000056,14,151,0,0
3919,1,7000,0,2,2,0,2,2,8,0.236842,0.276995,0,0,0.000431,0.000056,14,199,0,0
4613,1,1803,1,1,2,1,1,2,9,0.207438,0.226502,311.831103,0.000507,0.00049,0.000067,2,139,0,0.005574
3941,1,7001,0,2,2,0,2,2,5,0.383721,0.437879,0,0,0.002868,0.000056,3,233,0,0
1927,1,7002,0,1,1,0,1,1,6,0.300532,0.336947,0,0,0.007372,0.000056,2,3,0,0
4575,1,3145,1,2,3,1,2,3,3,0.5,0.611111,17.227778,0.000072,0.000091,0.000063,12,174,0.166667,0.000914
2073,1,5046,1,0,1,1,0,1,0,0,0,0,0,0,0.000132,10,229,0,0.000862
2324,1,1540,1,0,1,1,0,1,0,0,0,0,0.000557,0,0.000069,12,149,0,0.004389
6966,1,3545,1,0,1,1,0,1,0,0,0,0,0.000001,0,0.000108,12,9,0,0.001225
4000,1,6933,1,0,1,1,0,1,0,0,0,0,0.000047,0,0.000085,16,157,0,0.000851
5938,1,1468,2,0,2,2,0,2,0,0,0,0,0.000001,0,0.000157,7,37,0,0.003371
1909,1,4812,1,0,1,1,0,1,0,0,0,0,0,0,0.000109,1,190,0,0.000869
3975,1,7003,0,2,2,0,2,2,3,0.5,0.611111,0,0,0.000233,0.000056,7,47,0.5,0
5661,1,2914,1,1,2,1,1,2,1,1,1,80.49205,0.000038,0.000066,0.000077,1,37,0,0.001458
6132,1,215,5,2,7,5,2,7,2,0.75,0.833333,4193.5894,0.008679,0.000201,0.000244,6,215,0.142857,0.157452
4011,1,7004,0,2,2,0,2,2,4,0.35,0.434524,0,0,0.000152,0.000056,1,229,0,0
4021,1,7005,0,2,2,0,2,2,7,0.306262,0.341255,0,0,0.012417,0.000056,9,168,0,0
4854,1,2266,1,1,2,1,1,2,2,0.666667,0.75,20.840491,0.000351,0.000052,0.000069,3,16,0,0.002267
4941,1,3025,1,0,1,1,0,1,0,0,0,0,0.000071,0,0.000078,7,61,0,0.001481
3306,1,7006,0,1,1,0,1,1,7,0.254386,0.293473,0,0,0.00218,0.000056,4,170,0,0
1832,1,1448,1,0,1,1,0,1,0,0,0,0,0.000844,0,0.000072,10,85,0,0.009484
5001,1,1447,1,3,4,1,3,4,8,0.247788,0.294165,1462.492646,0.000844,0.000766,0.000072,10,111,0,0.009484
6266,1,1443,1,0,1,1,0,1,0,0,0,0,0.000844,0,0.000072,10,85,0,0.009484
5487,1,1179,3,1,4,3,1,4,2,0.666667,0.75,101.906088,0.001602,0.000224,0.000124,9,90,0.083333,0.025699
4083,1,7007,0,2,2,0,2,2,6,0.295455,0.412821,0,0,0.0002,0.000056,3,111,0,0
5227,1,865,1,0,1,1,0,1,0,0,0,0,0.000544,0,0.000081,9,219,0,0.007823
1005,1,388,4,1,5,4,1,5,1,1,1,325.646512,0.000434,0.000021,0.000307,11,188,0,0.010759
6283,1,1862,1,0,1,1,0,1,0,0,0,0,0.000988,0,0.000062,9,47,0,0.0035
6583,1,756,5,0,5,5,0,5,0,0,0,0,0.005916,0,0.000235,3,47,0.05,0.085315
6379,1,1574,3,0,3,3,0,3,0,0,0,0,0.000313,0,0.000191,4,63,0,0.006701
4101,1,7009,0,2,2,0,2,2,7,0.305367,0.340008,0,0,0.012221,0.000056,9,10,0,0
4989,1,7008,1,0,1,1,0,1,0,0,0,0,0.000416,0,0.000079,9,10,0,0.000757
4102,1,7010,0,1,1,0,1,1,6,0.24,0.313889,0,0,0.000086,0.000056,1,190,0,0
4103,1,7011,0,1,1,0,1,1,9,0.191839,0.207987,0,0,0.000043,0.000056,1,36,0,0
4106,1,7012,0,1,1,0,1,1,2,0.571429,0.625,0,0,0.000208,0.000056,4,136,0,0
4108,1,7013,0,3,3,0,3,3,8,0.24149,0.258997,0,0,0.001086,0.000056,9,178,0,0
5492,1,470,3,1,4,3,1,4,8,0.212864,0.233315,1251.603247,0.000081,0.001751,0.000114,9,178,0,0.00299
3573,1,7014,0,1,1,0,1,1,1,1,1,0,0,0,0.000056,10,34,0,0
5914,1,575,2,0,2,2,0,2,0,0,0,0,0.000005,0,0.000212,10,34,0,0.003745
6418,1,3626,1,1,2,1,1,2,1,1,1,5.201149,0.000058,0.000392,0.000069,7,205,0,0.00105
2969,1,7015,0,1,1,0,1,1,7,0.222816,0.247295,0,0,0.000132,0.000056,3,126,0,0
5437,1,2294,1,2,3,1,2,3,3,0.571429,0.708333,145.932755,0.000237,0.000318,0.000084,12,71,0.166667,0.004082
6912,1,2293,1,0,1,1,0,1,0,0,0,0,0.000237,0,0.000084,4,233,0,0.004082
6347,1,1236,2,0,2,2,0,2,0,0,0,0,0.000478,0,0.000192,1,40,0,0.00507
5156,1,2719,1,2,3,1,2,3,3,0.571429,0.708333,16.101096,0.000111,0.000174,0.000067,10,75,0.333333,0.00206
5082,1,1502,2,0,2,2,0,2,0,0,0,0,0.002348,0,0.000096,3,217,0,0.024694
5701,1,1497,1,0,1,1,0,1,0,0,0,0,0.00073,0,0.000075,4,217,0,0.006789
6164,1,410,4,0,4,4,0,4,0,0,0,0,0.002619,0,0.000154,4,217,0,0.042492
6492,1,778,3,0,3,3,0,3,0,0,0,0,0.005863,0,0.000124,9,217,0,0.08764
5430,1,3911,2,2,4,2,2,4,7,0.239726,0.295034,49.9,0.000016,0.001116,0.000141,7,66,0.083333,0.002019
6083,1,2192,1,0,1,1,0,1,0,0,0,0,0.000561,0,0.000067,1,231,0,0.001971
4156,1,7016,0,1,1,0,1,1,2,0.666667,0.75,0,0,0.000131,0.000056,14,65,0,0
4158,1,7018,0,2,2,0,2,2,9,0.215921,0.231498,0,0,0.000111,0.000056,1,16,0,0
5443,1,7017,1,0,1,1,0,1,0,0,0,0,0.000004,0,0.000079,1,16,0,0.000757
662,1,7019,0,1,1,0,1,1,9,0.174515,0.190026,0,0,0.000103,0.000056,1,114,0,0
5391,1,1232,3,0,3,3,0,3,0,0,0,0,0.000472,0,0.000142,3,151,0,0.013259
6416,1,578,3,1,4,3,1,4,1,1,1,59.190247,0.000546,0.00034,0.00016,8,111,0,0.018651
4177,1,7020,0,1,1,0,1,1,1,1,1,0,0,0.000237,0.000056,9,208,0,0
5816,1,1095,1,0,1,1,0,1,0,0,0,0,0.000604,0,0.000069,9,95,0,0.005184
6850,1,7021,0,3,3,0,3,3,9,0.216276,0.242573,0,0,0.000152,0.000056,14,188,0.166667,0
4247,1,1195,1,4,5,1,4,5,8,0.241278,0.259867,3005.142436,0.000733,0.003197,0.00007,8,66,0.05,0.010321
6636,1,1819,1,0,1,1,0,1,0,0,0,0,0.000036,0,0.000133,14,96,0,0.004171
4105,1,7022,0,1,1,0,1,1,1,1,1,0,0,0.000056,0.000056,4,84,0,0
4706,1,4120,1,1,2,1,1,2,8,0.205986,0.232123,28.059524,0.000135,0.000163,0.000068,5,83,0,0.000858
6449,1,904,3,0,3,3,0,3,0,0,0,0,0.00016,0,0.00028,10,213,0.166667,0.009642
4765,1,2144,2,0,2,2,0,2,0,0,0,0,0.000138,0,0.000096,10,108,0.5,0.002693
5535,1,2145,1,2,3,1,2,3,1,1,1,0,0.000121,0.000504,0.000067,10,108,0.333333,0.001782
4608,1,1649,1,0,1,1,0,1,0,0,0,0,0.000449,0,0.000068,4,234,0,0.003797
1834,1,1646,1,1,2,1,1,2,9,0.191206,0.213134,286.338254,0.000449,0.000547,0.000068,4,234,0,0.003797
3109,1,2963,1,3,4,1,3,4,7,0.243381,0.270064,256.347859,0.000157,0.001531,0.000082,5,214,0,0.003203
2689,1,744,2,0,2,2,0,2,0,0,0,0,0.004839,0,0.000115,9,43,0,0.076759
5601,1,1396,1,1,2,1,1,2,1,1,1,1654.196266,0.000856,0.00005,0.000063,14,140,0,0.008517
5019,1,1393,1,0,1,1,0,1,0,0,0,0,0.000856,0,0.000063,1,198,0,0.008517
4031,1,1142,2,0,2,2,0,2,0,0,0,0,0.000456,0,0.000116,3,233,0,0.006604
2561,1,1194,1,1,2,1,1,2,8,0.203343,0.251256,623.462352,0.000109,0.000409,0.000071,8,233,0,0.001311
3085,1,3052,1,0,1,1,0,1,0,0,0,0,0.000015,0,0.000088,7,243,0,0.001
4263,1,7023,0,2,2,0,2,2,9,0.22018,0.242356,0,0,0.001171,0.000056,10,4,0,0
4264,1,7024,0,2,2,0,2,2,4,0.411765,0.535714,0,0,0.000967,0.000056,1,190,0,0
4271,1,7026,0,2,2,0,2,2,1,1,1,0,0,0.000126,0.000056,9,173,0,0
4358,1,7025,1,0,1,1,0,1,0,0,0,0,0.000004,0,0.000079,9,173,0,0.000757
5798,1,3491,2,1,3,2,1,3,1,1,1,551,0.0001,0.000001,0.000092,1,62,0.166667,0.001893
6316,1,305,3,0,3,3,0,3,0,0,0,0,0.001375,0,0.000226,3,34,0,0.030478
6777,1,654,4,1,5,4,1,5,1,1,1,111.195802,0.001211,0.000034,0.000224,7,64,0.05,0.018938
4311,1,7027,0,1,1,0,1,1,1,1,1,0,0,0.000178,0.000056,2,82,0,0
6771,1,2712,1,0,1,1,0,1,0,0,0,0,0,0,0.000094,10,114,0,0.001987
4322,1,7028,0,1,1,0,1,1,9,0.212402,0.231577,0,0,0.001547,0.000056,3,226,0,0
4336,1,7029,0,2,2,0,2,2,8,0.227564,0.275092,0,0,0.000745,0.000056,3,233,0,0
4340,1,7030,0,1,1,0,1,1,2,0.666667,0.75,0,0,0.000455,0.000056,10,246,0,0
6431,1,697,5,1,6,5,1,6,3,0.5,0.611111,303.936829,0.00231,0.000285,0.000219,14,201,0.066667,0.027737
4357,1,7031,0,1,1,0,1,1,7,0.214706,0.237476,0,0,0.000215,0.000056,9,226,0,0
4360,1,7032,0,1,1,0,1,1,7,0.266598,0.294701,0,0,0.001948,0.000056,7,169,0,0
4966,1,2505,1,0,1,1,0,1,0,0,0,0,0,0,0.000098,9,53,0,0.001612
1854,1,7033,0,1,1,0,1,1,3,0.428571,0.5,0,0,0.000082,0.000056,6,220,0,0
4379,1,7034,0,1,1,0,1,1,6,0.300532,0.336947,0,0,0.007372,0.000056,2,3,0,0
4407,1,700,3,0,3,3,0,3,0,0,0,0,0.000184,0,0.000202,10,125,0,0.012969
5250,1,1795,1,0,1,1,0,1,0,0,0,0,0.000066,0,0.000065,2,125,0,0.002402
6302,1,1534,2,1,3,2,1,3,1,1,1,0,0.000063,0.000273,0.000103,12,90,0.5,0.002878
4398,1,7035,0,1,1,0,1,1,1,1,1,0,0,0.000001,0.000056,7,153,0,0
5083,1,1669,1,0,1,1,0,1,0,0,0,0,0.001617,0,0.000077,3,17,0,0.017904
4670,1,1668,1,0,1,1,0,1,0,0,0,0,0.001617,0,0.000077,3,17,0,0.017904
6539,1,1160,1,0,1,1,0,1,0,0,0,0,0.000511,0,0.000074,10,87,0,0.00409
4413,1,7036,0,1,1,0,1,1,3,0.4,0.472222,0,0,0.000037,0.000056,14,148,0,0
4419,1,7037,0,1,1,0,1,1,1,1,1,0,0,0.000004,0.000056,3,93,0,0
6958,1,1746,3,0,3,3,0,3,0,0,0,0,0.000127,0,0.000172,3,93,0,0.005003
4447,1,7038,0,1,1,0,1,1,7,0.305104,0.33919,0,0,0.012207,0.000056,9,10,0,0
4452,1,7039,0,2,2,0,2,2,9,0.19836,0.216142,0,0,0.000105,0.000056,14,188,0,0
4453,1,7040,0,1,1,0,1,1,1,1,1,0,0,0.000017,0.000056,7,243,0,0
6790,1,1729,2,1,3,2,1,3,3,0.5,0.533333,258.759133,0.000602,0.000249,0.000092,9,143,0.166667,0.0032
4331,1,5635,1,0,1,1,0,1,0,0,0,0,0.000003,0,0.000083,14,229,0,0.000851
5891,1,2416,1,0,1,1,0,1,0,0,0,0,0.000018,0,0.000073,1,214,0,0.001603
4473,1,7041,0,1,1,0,1,1,1,1,1,0,0,0.000184,0.000056,1,194,0,0
5667,1,4027,1,0,1,1,0,1,0,0,0,0,0.000004,0,0.00008,3,67,0,0.001063
4478,1,7042,0,1,1,0,1,1,8,0.190265,0.219034,0,0,0.000101,0.000056,8,117,0,0
4481,1,7043,0,3,3,0,3,3,8,0.236623,0.260966,0,0,0.002618,0.000056,10,229,0,0
4491,1,7044,0,1,1,0,1,1,1,1,1,0,0,0.000056,0.000056,4,84,0,0
5745,1,1617,1,0,1,1,0,1,0,0,0,0,0.000081,0,0.000077,4,112,0,0.004098
4496,1,7045,0,2,2,0,2,2,1,1,1,0,0,0.000366,0.000056,7,145,0.5,0
4498,1,7046,0,2,2,0,2,2,7,0.305367,0.340008,0,0,0.012307,0.000056,8,21,0,0
4500,1,7047,0,1,1,0,1,1,2,0.571429,0.625,0,0,0.000127,0.000056,3,175,0,0
1874,1,7048,0,1,1,0,1,1,2,0.666667,0.75,0,0,0.000003,0.000056,3,208,0,0
1270,1,750,3,1,4,3,1,4,1,1,1,1024.29055,0.000092,0.000106,0.000298,3,208,0,0.011952
6097,1,2430,2,0,2,2,0,2,0,0,0,0,0.00021,0,0.000089,4,69,0,0.002284
6008,1,2429,1,0,1,1,0,1,0,0,0,0,0.00014,0,0.000075,4,69,0,0.001203
6306,1,809,2,0,2,2,0,2,0,0,0,0,0.000074,0,0.000173,4,182,0,0.004334
5203,1,1514,1,0,1,1,0,1,0,0,0,0,0.000838,0,0.000071,9,203,0,0.006377
2818,1,1513,1,0,1,1,0,1,0,0,0,0,0.000838,0,0.000071,9,203,0,0.006377
6128,1,860,1,0,1,1,0,1,0,0,0,0,0.000133,0,0.000079,4,85,0,0.007377
4635,1,1059,1,0,1,1,0,1,0,0,0,0,0.000647,0,0.000075,1,99,0,0.009014
4570,1,7049,0,1,1,0,1,1,3,0.5,0.533333,0,0,0.000249,0.000056,9,143,0,0
4936,1,2252,1,2,3,1,2,3,7,0.237184,0.257541,0,0.000118,0.001185,0.000074,10,166,0.333333,0.001688
4574,1,7050,0,1,1,0,1,1,3,0.5,0.583333,0,0,0.000172,0.000056,10,75,0,0
6312,1,819,2,0,2,2,0,2,0,0,0,0,0.00517,0,0.000092,9,87,0,0.079636
4588,1,7051,0,1,1,0,1,1,7,0.305104,0.33919,0,0,0.012207,0.000056,9,10,0,0
4596,1,7052,0,2,2,0,2,2,9,0.177052,0.191711,0,0,0.000012,0.000056,9,210,0,0
3009,1,1002,2,0,2,2,0,2,0,0,0,0,0.000529,0,0.000131,10,13,0,0.007713
5607,1,915,2,1,3,2,1,3,1,1,1,0.5,0.000107,0.000151,0.000081,6,223,0.333333,0.004016
4619,1,7053,0,1,1,0,1,1,8,0.203343,0.251256,0,0,0.000409,0.000056,3,233,0,0
6518,1,1360,2,1,3,2,1,3,1,1,1,26.31456,0.000026,0.00128,0.000188,4,202,0,0.010154
4627,1,7054,0,2,2,0,2,2,7,0.245303,0.272989,0,0,0.001369,0.000056,3,191,0,0
4637,1,7055,0,4,4,0,4,4,6,0.304878,0.365778,0,0,0.00146,0.000056,7,39,0.083333,0
6256,1,1042,1,0,1,1,0,1,0,0,0,0,0.001438,0,0.000081,6,93,0,0.013054
5922,1,940,1,0,1,1,0,1,0,0,0,0,0.001438,0,0.000081,6,93,0,0.013054
5963,1,1243,1,1,2,1,1,2,2,0.6,0.666667,4469.797222,0.000028,0,0.00007,3,229,0,0.002448
5159,1,1229,1,1,2,1,1,2,3,0.5,0.611111,0,0.000038,0.000123,0.000089,3,96,0.5,0.002614
4653,1,7056,0,1,1,0,1,1,2,0.666667,0.75,0,0,0.001559,0.000056,10,156,0,0
3693,1,942,2,0,2,2,0,2,0,0,0,0,0.003156,0,0.000104,3,226,0.5,0.03424
5036,1,2530,1,0,1,1,0,1,0,0,0,0,0.000087,0,0.000067,4,158,0,0.00167
5876,1,434,4,1,5,4,1,5,1,1,1,2172.757373,0.006018,0.000029,0.00018,7,118,0.05,0.100142
4699,1,7057,0,5,5,0,5,5,8,0.226533,0.254671,0,0,0.003593,0.000056,9,179,0.05,0
6754,1,1309,1,0,1,1,0,1,0,0,0,0,0.000014,0,0.000105,7,243,0,0.003885
5504,1,1034,1,0,1,1,0,1,0,0,0,0,0.000147,0,0.00013,6,93,0,0.007748
4726,1,7058,0,2,2,0,2,2,10,0.167907,0.184107,0,0,0.001612,0.000056,10,61,0,0
5706,1,3785,1,1,2,1,1,2,1,1,1,164,0.000001,0,0.000102,3,81,0,0.000964
4740,1,7059,0,2,2,0,2,2,7,0.220149,0.261743,0,0,0.000615,0.000056,5,96,0,0
5199,1,2064,1,0,1,1,0,1,0,0,0,0,0.000102,0,0.000089,7,239,0,0.002775
4770,1,7060,0,2,2,0,2,2,6,0.259259,0.343651,0,0,0.00112,0.000056,4,117,0,0
4773,1,7061,0,1,1,0,1,1,1,1,1,0,0,0.00011,0.000056,14,151,0,0
4971,1,869,1,1,2,1,1,2,1,1,1,18.166935,0.000115,0.000327,0.000081,9,95,0,0.004367
5688,1,412,3,1,4,3,1,4,1,1,1,3219,0.000682,0.000008,0.00016,1,134,0,0.028065
4783,1,7062,0,3,3,0,3,3,7,0.311018,0.347265,0,0,0.014773,0.000056,9,143,0.166667,0
4804,1,7063,0,2,2,0,2,2,11,0.184174,0.205238,0,0,0.000217,0.000056,3,69,0,0
5344,1,997,1,0,1,1,0,1,0,0,0,0,0.000609,0,0.000091,3,226,0,0.012718
4828,1,7064,0,1,1,0,1,1,1,1,1,0,0,0.000051,0.000056,4,50,0,0
3114,1,7065,0,1,1,0,1,1,6,0.259475,0.298876,0,0,0.000455,0.000056,4,213,0,0
4837,1,7066,0,1,1,0,1,1,8,0.212864,0.233315,0,0,0.001751,0.000056,9,245,0,0
4838,1,7067,0,2,2,0,2,2,2,0.75,0.833333,0,0,0.000586,0.000056,11,9,0.5,0
4846,1,7068,0,5,5,0,5,5,7,0.243902,0.291885,0,0,0.001562,0.000056,12,90,0.1,0
4857,1,7069,0,1,1,0,1,1,10,0.18384,0.197234,0,0,0.000046,0.000056,4,67,0,0
6647,1,1801,1,0,1,1,0,1,0,0,0,0,0.000251,0,0.00009,2,68,0,0.00156
5971,1,652,2,0,2,2,0,2,0,0,0,0,0.000774,0,0.000134,5,244,0,0.015902
6999,1,2482,1,0,1,1,0,1,0,0,0,0,0.00019,0,0.000101,3,126,0,0.002976
6919,1,1203,1,0,1,1,0,1,0,0,0,0,0.00004,0,0.000116,9,2,0,0.002248
6695,1,1051,1,0,1,1,0,1,0,0,0,0,0.000395,0,0.000072,1,238,0,0.010291
4898,1,7071,0,2,2,0,2,2,7,0.267163,0.288589,0,0,0.001484,0.000056,10,34,0,0
7101,1,7070,1,0,1,1,0,1,0,0,0,0,0.00005,0,0.000079,10,34,0,0.000757
4900,1,7072,0,2,2,0,2,2,8,0.2011,0.218225,0,0,0.000545,0.000056,5,154,0,0
5717,1,468,2,1,3,2,1,3,3,0.4,0.458333,327.405184,0.000462,0.00047,0.000124,4,112,0.166667,0.017221
4915,1,7073,0,5,5,0,5,5,3,0.538462,0.642857,0,0,0.000444,0.000056,14,166,0.05,0
6767,1,3860,1,0,1,1,0,1,0,0,0,0,0.000011,0,0.000077,1,214,0,0.000981
6018,1,890,1,1,2,1,1,2,2,0.666667,0.75,0,0.000102,0.00033,0.000088,3,98,0.5,0.003288
2071,1,475,2,0,2,2,0,2,0,0,0,0,0.000909,0,0.000141,9,160,0.5,0.013683
5737,1,1830,1,0,1,1,0,1,0,0,0,0,0.000106,0,0.000071,1,158,0,0.002044
1539,1,7074,0,1,1,0,1,1,1,1,1,0,0,0.000003,0.000056,14,125,0,0
6577,1,1579,1,1,2,1,1,2,1,1,1,163.666659,0.000506,0.00002,0.000087,3,81,0,0.004618
6846,1,1716,1,0,1,1,0,1,0,0,0,0,0.000036,0,0.000072,14,65,0,0.002467
5895,1,826,1,0,1,1,0,1,0,0,0,0,0.00476,0,0.000086,9,10,0,0.07569
4542,1,802,1,0,1,1,0,1,0,0,0,0,0.00476,0,0.000086,9,10,0,0.07569
5572,1,771,1,0,1,1,0,1,0,0,0,0,0.00476,0,0.000086,9,10,0,0.07569
6511,1,384,2,0,2,2,0,2,0,0,0,0,0.00492,0,0.000198,9,44,0,0.090188
5620,1,758,1,0,1,1,0,1,0,0,0,0,0.00476,0,0.000086,9,10,0,0.07569
7034,1,282,3,0,3,3,0,3,0,0,0,0,0.00522,0,0.000287,3,210,0,0.10851
5856,1,731,1,1,2,1,1,2,1,1,1,219.182205,0.00476,0.000499,0.000086,9,108,0,0.07569
6779,1,730,1,0,1,1,0,1,0,0,0,0,0.00476,0,0.000086,9,10,0,0.07569
5054,1,687,1,0,1,1,0,1,0,0,0,0,0.00476,0,0.000086,9,10,0,0.07569
5536,1,682,1,0,1,1,0,1,0,0,0,0,0.00476,0,0.000086,9,10,0,0.07569
5167,1,641,1,0,1,1,0,1,0,0,0,0,0.00476,0,0.000086,9,10,0,0.07569
7050,1,615,1,0,1,1,0,1,0,0,0,0,0.00476,0,0.000086,9,10,0,0.07569
6139,1,585,1,0,1,1,0,1,0,0,0,0,0.00476,0,0.000086,9,10,0,0.07569
4955,1,7075,0,1,1,0,1,1,1,1,1,0,0,0.000678,0.000056,10,110,0,0
5308,1,3630,1,0,1,1,0,1,0,0,0,0,0,0,0.000107,1,105,0,0.00095
6979,1,975,1,0,1,1,0,1,0,0,0,0,0,0,0.000215,7,47,0,0.002598
6585,1,964,2,1,3,2,1,3,2,0.666667,0.75,213.413262,0.000199,0.0001,0.000142,14,39,0.166667,0.010664
6390,1,1019,1,0,1,1,0,1,0,0,0,0,0.00071,0,0.000086,14,238,0,0.007917
6248,1,723,1,0,1,1,0,1,0,0,0,0,0.000006,0,0.000103,1,91,0,0.005109
4975,1,7076,0,1,1,0,1,1,6,0.259475,0.298876,0,0,0.000455,0.000056,4,213,0,0
4978,1,7077,0,3,3,0,3,3,6,0.308201,0.348355,0,0,0.008734,0.000056,2,39,0,0
6133,1,1427,1,0,1,1,0,1,0,0,0,0,0.000006,0,0.000135,10,162,0,0.002102
5270,1,1081,1,0,1,1,0,1,0,0,0,0,0,0,0.000136,9,145,0,0.001225
5940,1,955,2,1,3,2,1,3,4,0.4,0.479167,128.622505,0.000146,0.000312,0.00016,3,111,0,0.006316
5012,1,7078,0,1,1,0,1,1,2,0.6,0.666667,0,0,0,0.000056,3,229,0,0
5018,1,7079,0,1,1,0,1,1,1,1,1,0,0,0.000618,0.000056,5,8,0,0
5790,1,587,2,0,2,2,0,2,0,0,0,0,0.000016,0,0.000185,5,19,0,0.010631
5021,1,1956,1,0,1,1,0,1,0,0,0,0,0.000016,0,0.000094,5,46,0,0.00485
5035,1,7081,0,3,3,0,3,3,6,0.324324,0.477778,0,0,0.000358,0.000056,14,78,0,0
5272,1,7080,1,1,2,1,1,2,1,1,1,1,0.000012,0.000031,0.000071,14,78,0,0.000757
6946,1,1021,3,0,3,3,0,3,0,0,0,0,0.000019,0,0.000299,14,78,0,0.004364
6134,1,4702,1,0,1,1,0,1,0,0,0,0,0.00016,0,0.000081,9,103,0,0.001055
5053,1,7082,0,1,1,0,1,1,1,1,1,0,0,0.000004,0.000056,3,76,0,0
5873,1,356,2,0,2,2,0,2,0,0,0,0,0.000608,0,0.000126,4,173,0,0.013883
347,1,1060,1,0,1,1,0,1,0,0,0,0,0.000025,0,0.00009,1,237,0,0.002677
5086,1,7083,0,4,4,0,4,4,8,0.226156,0.25533,0,0,0.003842,0.000056,9,80,0,0
6927,1,784,1,0,1,1,0,1,0,0,0,0,0.000194,0,0.000105,9,12,0,0.007423
5211,1,2362,1,1,2,1,1,2,1,1,1,52.048759,0.000077,0.000015,0.000098,4,175,0,0.004252
5107,1,7084,0,1,1,0,1,1,1,1,1,0,0,0.000021,0.000056,3,150,0,0
5118,1,7085,0,2,2,0,2,2,4,0.4375,0.559524,0,0,0.000362,0.000056,11,210,0,0
5531,1,961,1,0,1,1,0,1,0,0,0,0,0.000761,0,0.00007,1,164,0,0.006253
7009,1,397,3,0,3,3,0,3,0,0,0,0,0.000061,0,0.000434,10,75,0.333333,0.010213
5545,1,7086,0,1,1,0,1,1,1,1,1,0,0,0.000373,0.000056,1,30,0,0
6613,1,33,2,0,2,2,0,2,0,0,0,0,0.000275,0,0.000218,10,134,0,0.012858
6333,1,1233,1,0,1,1,0,1,0,0,0,0,0.000154,0,0.000101,3,151,0,0.004904
1209,1,568,1,0,1,1,0,1,0,0,0,0,0.000373,0,0.000096,7,133,0,0.013041
5230,1,7087,0,1,1,0,1,1,8,0.226504,0.24532,0,0,0.000432,0.000056,10,56,0,0
5232,1,7088,0,1,1,0,1,1,6,0.25,0.313542,0,0,0.000251,0.000056,7,241,0,0
5794,1,2237,1,0,1,1,0,1,0,0,0,0,0,0,0.000112,5,69,0,0.001104
5266,1,7089,0,3,3,0,3,3,4,0.5,0.654762,0,0,0.000757,0.000056,1,62,0.166667,0
994,1,3490,2,0,2,2,0,2,0,0,0,0,0.000026,0,0.000149,1,62,0.5,0.00172
6499,1,899,1,0,1,1,0,1,0,0,0,0,0.000245,0,0.000089,10,56,0,0.004754
6487,1,898,1,1,2,1,1,2,2,0.666667,0.75,17.620827,0.000245,0.000555,0.000089,10,56,0,0.004754
7124,1,93,3,0,3,3,0,3,0,0,0,0,0.000537,0,0.000332,10,56,0.333333,0.027617
7010,1,1370,1,0,1,1,0,1,0,0,0,0,0.000544,0,0.000078,4,136,0,0.006102
7074,1,563,1,0,1,1,0,1,0,0,0,0,0.000012,0,0.00015,7,115,0,0.009226
5314,1,7090,0,1,1,0,1,1,7,0.234343,0.254546,0,0,0.001509,0.000056,9,160,0,0
5326,1,7092,0,1,1,0,1,1,7,0.231869,0.249874,0,0,0,0.000056,2,3,0,0
5791,1,7091,1,1,2,1,1,2,6,0.300532,0.336947,226,0,0.007372,0.000103,2,3,0,0.000757
5332,1,7093,0,1,1,0,1,1,6,0.24,0.289583,0,0,0.000079,0.000056,10,160,0,0
1035,1,1238,1,1,2,1,1,2,3,0.5,0.583333,22.901777,0,0.000382,0.000207,9,61,0,0.003493
1908,1,352,1,0,1,1,0,1,0,0,0,0,0.000619,0,0.000111,4,192,0,0.021037
3220,1,161,1,0,1,1,0,1,0,0,0,0,0.000619,0,0.000111,4,192,0,0.021037
5560,1,158,1,0,1,1,0,1,0,0,0,0,0.000619,0,0.000111,4,192,0,0.021037
6639,1,140,1,0,1,1,0,1,0,0,0,0,0.000619,0,0.000111,4,192,0,0.021037
5381,1,138,1,0,1,1,0,1,0,0,0,0,0.000619,0,0.000111,4,192,0,0.021037
5864,1,930,1,1,2,1,1,2,5,0.357143,0.436667,2265.126375,0.000259,0.000203,0.000111,1,37,0,0.007864
5735,1,367,1,0,1,1,0,1,0,0,0,0,0.000051,0,0.000137,9,95,0,0.005617
5736,1,2140,1,0,1,1,0,1,0,0,0,0,0.000042,0,0.000087,1,108,0,0.004124
5932,1,1968,2,1,3,2,1,3,1,1,1,58.023777,0.000044,0.000034,0.000182,7,233,0,0.007948
5427,1,2139,1,2,3,1,2,3,6,0.318667,0.35788,898.758733,0.000042,0.009193,0.000087,2,108,0,0.004124
6654,1,74,4,0,4,4,0,4,0,0,0,0,0.000483,0,0.000639,4,136,0.083333,0.030852
5481,1,3894,1,3,4,1,3,4,1,1,1,486,0,0.000008,0.000104,7,66,0,0.00096
5418,1,7094,0,1,1,0,1,1,4,0.444444,0.510417,0,0,0.000847,0.000056,1,187,0,0
6426,1,438,1,0,1,1,0,1,0,0,0,0,0.001085,0,0.000083,10,156,0,0.016622
3779,1,435,1,0,1,1,0,1,0,0,0,0,0.001085,0,0.000083,10,156,0,0.016622
5461,1,7095,0,1,1,0,1,1,1,1,1,0,0,0.000729,0.000056,9,244,0,0
7047,1,3893,1,0,1,1,0,1,0,0,0,0,0,0,0.000085,7,66,0,0.000861
5699,1,3891,1,0,1,1,0,1,0,0,0,0,0,0,0.000085,7,66,0,0.000861
5484,1,7096,0,2,2,0,2,2,2,0.666667,0.75,0,0,0.000244,0.000056,3,209,0.5,0
6646,1,2498,2,0,2,2,0,2,0,0,0,0,0.000011,0,0.000116,3,209,0.5,0.002285
876,1,7097,0,1,1,0,1,1,6,0.300532,0.336947,0,0,0.007372,0.000056,2,3,0,0
5887,1,776,1,2,3,1,2,3,1,1,1,5908,0.000044,0,0.00011,5,214,0.166667,0.007096
5284,1,7098,0,1,1,0,1,1,4,0.4,0.486111,0,0,0.000555,0.000056,14,48,0,0
6818,1,391,1,0,1,1,0,1,0,0,0,0,0.000148,0,0.000109,1,159,0,0.013494
5574,1,7099,0,1,1,0,1,1,1,1,1,0,0,0.000855,0.000056,4,169,0,0
5610,1,7100,0,2,2,0,2,2,7,0.259259,0.306171,0,0,0.000898,0.000056,8,75,0,0
5617,1,7101,0,1,1,0,1,1,5,0.318471,0.352,0,0,0.000437,0.000056,7,48,0,0
5634,1,7102,0,2,2,0,2,2,3,0.5,0.583333,0,0,0.000087,0.000056,14,47,0,0
6579,1,2566,1,0,1,1,0,1,0,0,0,0,0.000007,0,0.000109,4,112,0,0.001371
5692,1,7103,0,1,1,0,1,1,8,0.232465,0.258836,0,0,0.001091,0.000056,8,207,0,0
5696,1,7104,0,1,1,0,1,1,3,0.4375,0.5,0,0,0.000327,0.000056,9,198,0,0
5700,1,7105,0,1,1,0,1,1,7,0.260638,0.30277,0,0,0.000309,0.000056,10,214,0,0
4507,1,3784,2,0,2,2,0,2,0,0,0,0,0.000002,0,0.000166,3,81,0,0.00162
7089,1,176,4,0,4,4,0,4,0,0,0,0,0.002063,0,0.00076,11,9,0.083333,0.089816
5767,1,7106,0,2,2,0,2,2,4,0.4,0.473958,0,0,0.001096,0.000056,1,210,0,0
6557,1,1137,1,0,1,1,0,1,0,0,0,0,0.000054,0,0.000115,3,233,0,0.002914
6709,1,7107,0,1,1,0,1,1,1,1,1,0,0,0.000435,0.000056,3,221,0,0
6369,1,202,1,0,1,1,0,1,0,0,0,0,0.001473,0,0.000144,2,3,0,0.058476
6671,1,1086,1,0,1,1,0,1,0,0,0,0,0.000105,0,0.000126,9,143,0,0.004283
6617,1,1085,1,0,1,1,0,1,0,0,0,0,0.000105,0,0.000126,9,143,0,0.004283
1201,1,845,1,0,1,1,0,1,0,0,0,0,0,0,0.000179,3,210,0,0.001449
6542,1,1883,1,0,1,1,0,1,0,0,0,0,0,0,0.000112,3,1,0,0.002708
4666,1,774,2,0,2,2,0,2,0,0,0,0,0,0,0.00019,5,214,0.5,0.001966
5905,1,775,1,1,2,1,1,2,1,1,1,0,0,0,0.000103,5,214,0.5,0.001102
6454,1,61,2,0,2,2,0,2,0,0,0,0,0.00001,0,0.000441,3,188,0,0.014077
5943,1,7108,0,1,1,0,1,1,5,0.372549,0.419298,0,0,0.001822,0.000056,9,33,0,0
5954,1,7109,0,1,1,0,1,1,5,0.333333,0.385606,0,0,0.001095,0.000056,1,164,0,0
5961,1,7110,0,1,1,0,1,1,2,0.571429,0.625,0,0,0.000127,0.000056,3,175,0,0
5990,1,7111,0,1,1,0,1,1,2,0.555556,0.6,0,0,0.00021,0.000056,1,168,0,0
6005,1,7112,0,1,1,0,1,1,1,1,1,0,0,0.000144,0.000056,10,34,0,0
6012,1,7113,0,1,1,0,1,1,1,1,1,0,0,0,0.000056,14,34,0,0
6599,1,1419,2,0,2,2,0,2,0,0,0,0,0,0,0.000169,14,34,0,0.002006
765,1,7114,0,1,1,0,1,1,1,1,1,0,0,0.000744,0.000056,4,94,0,0
4576,1,7115,0,2,2,0,2,2,1,1,1,0,0,0.000582,0.000056,4,136,0,0
6089,1,7116,0,1,1,0,1,1,1,1,1,0,0,0.000575,0.000056,5,93,0,0
6566,1,214,1,1,2,1,1,2,2,0.666667,0.75,0,0.000007,0.000201,0.000159,6,215,0.5,0.008759
103,1,7117,0,1,1,0,1,1,1,1,1,0,0,0.000171,0.000056,2,94,0,0
4802,1,1241,1,0,1,1,0,1,0,0,0,0,0.000002,0,0.000186,3,229,0,0.001158
3352,1,1600,1,0,1,1,0,1,0,0,0,0,0,0,0.000155,9,123,0,0.003227
6219,1,7118,0,1,1,0,1,1,1,1,1,0,0,0.000363,0.000056,5,37,0,0
6230,1,7119,0,2,2,0,2,2,1,1,1,0,0,0.000056,0.000056,3,81,0,0
2289,1,7120,0,1,1,0,1,1,1,1,1,0,0,0.000047,0.000056,4,38,0,0
6953,1,4753,1,0,1,1,0,1,0,0,0,0,0,0,0.000105,1,155,0,0.0009
7038,1,8,1,1,2,1,1,2,1,1,1,65.920495,0,0.000289,0.000305,3,137,0,0.002677
2659,1,7121,0,2,2,0,2,2,1,1,1,0,0,0.000403,0.000056,6,111,0,0
6401,1,7122,0,1,1,0,1,1,5,0.364865,0.411728,0,0,0.00262,0.000056,7,5,0,0
4646,1,130,1,0,1,1,0,1,0,0,0,0,0,0,0.000647,9,61,0,0.003182
6444,1,7123,0,1,1,0,1,1,1,1,1,0,0,0.0001,0.000056,1,53,0,0
6625,1,244,1,0,1,1,0,1,0,0,0,0,0.000004,0,0.000464,1,23,0,0.009404
6476,1,7124,0,1,1,0,1,1,2,0.666667,0.75,0,0,0.000041,0.000056,7,64,0,0
6503,1,7125,0,1,1,0,1,1,2,0.6,0.666667,0,0,0.001124,0.000056,3,70,0,0
7073,1,927,1,0,1,1,0,1,0,0,0,0,0.000024,0,0.000158,1,37,0,0.003836
6595,1,7126,0,1,1,0,1,1,2,0.666667,0.75,0,0,0.000466,0.000056,11,111,0,0
2933,1,533,1,0,1,1,0,1,0,0,0,0,0.000024,0,0.000177,1,29,0,0.003602
2267,1,269,1,0,1,1,0,1,0,0,0,0,0,0,0.000314,3,129,0,0.002773
6694,1,7127,0,1,1,0,1,1,2,0.666667,0.75,0,0,0.001559,0.000056,10,156,0,0
6995,1,530,1,0,1,1,0,1,0,0,0,0,0,0,0.001248,3,107,0,0.002188
7071,1,319,1,0,1,1,0,1,0,0,0,0,0,0,0.000595,7,218,0,0.002455
